%Baby_Song钢琴_2.txt
% 出处 https://www.jianpujia.com/
title=Baby_Song钢琴
tag=
usertag=
tagroute=
transcriber=jianpu2-auto
status=ocr
source=jianpujia-252909
%--
4/4
subtitle=score
q1 - - 4 qx - - 6 6 1. qx' x. x 0 0 0 3 2 1. 3. 3 4 4 3 2 2 1 3. 3 4 4 3 2 2 1 5 5 5 5 2
3 0 0 0 0 ,1 1 ,5 1 ,5 1 1 5 7 5 7 5 7 5 7 5 6 5 6 5 6 5 6 x 5 x 1 - - - - - - - -
- - - - - - - - - - - - - - 5 6 5 6 5 6 5 6 5 4 5 4 5 4 4 5 3 5 3 5 3 5 5 3 2 5
5 2 5 2 2 5 x x 5 2. 0 5 1. 2 3. 3 4 4 3 2 2 1 3 3 3 2 3 3 0 3 4 5 5 5. 2 2 1 2 3 2
2 5 0 0 1 5' 1 5' 1 5' 1 5 7 5 7 5 7 5 7 5 6 5 6 5 6 5 6 x 1 3 x 1 - - - - - - - -
- - - - - - - - - - 5 6 5 6 5 6 5 6 5 4 5 4 5 4 4 5 3 5 3 5 3 5 5 3 2 5 2 5 5 2
5 2 5 2. 0 1 6. 6 6 5 5 5 1 3 - 0 6 6. 6 6 5 5 5 3 - - - - - - - - - - - - - - 2 5
- 0 0 ,6 1 ,6 1 ,1 1 ,1 1 ,5 1 ,5 1 ,5 1 ,5 1 ,1 1 ,6 1 ,1 1 ,6 1 x 2 1 x 6 5. 0 5 7 1 1 1 6
1 ,1 6 0 5 - 5 5 1 1 - 0 1 2 5 5 5 5 4' 4 4 4 4 4 4 4 1 1 1 1 1 1 1 1 1 1 1 - 0 0
x 2 5 x 4 3 2 1 1 2 2 2 - - 0 1 2 4 3 2 1 5 5 1 2 1 1 - - 0 1 ,3 1 ,3 1 ,3 1 ,3 1 2
5 5 2 5 2 2 5 ,4 1 ,4 1 ,4 1 ,4 1 ,3 1 ,3 1 ,3 1 ,3 1 x 2 x 6. 6 6 5 5 5 1 3 - 0 6 5 6 6
6 6. 6 6 5 5 5 3 6 5. 0 5 5 7 6 6 6 6 5 5 5 5 6 6 6 6 5 5 5 5 1 1 1 1 1 1 1 1 1 1
1 1 1 1 1 1 x 3 3 x 1 1 1 6 1 1 6 0 0 5 6 5. 5 5 5 5 1. 0 1 2 4 3 2 1 1 2 2 4' 4 4
4 4 4 4 4 3 3 3 3 1 1 1 1 1 1 1 - 0 0 1 1 1 1 x 3 7 x 2 - 4 3 2 2 0 1 1 - - 0 0
0 3 2 1. 3. 3 4 4 3 2 2 1 2 5 2 5 5 2 5 2 ,4 1 ,4 1 ,4 1 ,4 1 ,3 1 ,3 1 ,3 1 ,3 1 ,5 1 ,1 1
,5 1 ,5 1 x q4 1 x 3. 3 4 4 3 2 2 1 5 5 5 5 2 3 3 1. 0 6 6. 6 4 4. 4 4 4 1 2 2 5 7 5 7
5 7 5 7 5 6 5 6 5 6 5 6 5 6 5 6 5 6 5 6 5 4 4 5 5 4 5 4 x 4 5 x 4 3 3 3 3 2 2 2
1 3 3. 2 2 1 3 2 1 5 5 2 4 3 2 3 3 3 3 2 2 2 2 2 5 5 5 5 5 5 5 5 5 - 0 0 x 4 x 0
2 3 3 1 - 1 1 - - - 0 0 0 0 1 1 1 1 1 1 1 1 1 4 4 4 4 3 3 3 3
%END
