%bad－boy.txt
% 出处 http://www.fysongs.cn/songku_show.asp?id=23926
title=bad－boy
tag=
usertag=
tagroute=
confidence=0.969
conf_p10=0.941
transcriber=jianpu2-auto
status=ocr
source=fysongs-23926
%--
4/4
subtitle=score
- 4. x. x x x qx 0 0 1 4 1 x x. x ,5 ,6 ,5 q,6. s6 ,5 q,6 q,5 q0 q,5 ,6 ,5 ,6 ,5 q,6. s6 ,5 q,6 q,5 q0 q,5 ,6 ,4 ,5 ,4
q,5. s5 ,4 q,5 q,4 q0 q,4 ,5 ,5 ,6 ,5 q,6. s6 ,5 q,6 q,5 q0 q,5 ,6 5. 5. 5 5 qx 0 0 0 5. 5. 0 5. 5. 0 5. 5. q6 q5 5 - 0
0 5. 5. 0 5. 5. 0 3 2 1 2 1 0 0 1 2 1 2 1 3 0 0 0 0 0 0 0 0 0 0 3 2 1 3 0 2 1 2 1 0
0 1 2 1 6 5 x 3 0 0 0 0 0 0 0 0 0 0 0 0 0 0 0 0 0 0 0 3 3 ,5 4 - 3 - q1 - q0 q,5 q,6 q,5
1 q,6 q1 q1 ,5 ,6 0 0 0 0 0 0 0 0 0 0 0 0 0 0 0 0 0 3 3 5 s4 - 3 - 1 - q0 q,5 q,6 q,5 1 ,1 0 0
1 1 q0 q,6 q,7' q1 0 0 0 0 0 0 0 3 2 1 2 1 0 0 1 2 1 2 1 3 ~ 3 0 0 0 0 0 0 4 3 1 2 1 1
4 3 1 3 2 1 2 1 0 1. 1 2 1 6 5 3 0 0 2 1 2 1 0 0 0 0 0 0 0 0 0 0 0 0 0 3 3 1 4 3
1 0 5 6 5 1 6 0 0 0 0 0 0 0 0 0 0 3 3 1 4 3 1 0 5 6 5 1 0 1 0 1 0 1 0 1 1 1 0 1
0 1 0 0 0 0 0 1 0 1 0 5. 5. 5 5 qx 0 0 0 5. 5. 0 5. 5. 0 5. 5. 6' 5 5 0 0 5. 5. 0 5. 5. 0
%END
