%Beyond_Rangoon_Waters_of_Irrawaddy钢琴.txt
% 出处 https://www.jianpujia.com/
title=Beyond_Rangoon_Waters_of_Irrawaddy钢琴
tag=Beyond,分类/钢琴谱,马克西姆
usertag=Beyond,分类/钢琴谱,马克西姆
tagroute=
transcriber=jianpu2-auto
status=ocr
source=jianpujia-150279
todo=refine the filename
%--
4/4
subtitle=score
q4 5 6 6 - 6 6 7 7 - 0 6 7 1 2 3 ,6 6 - 6 6 ,6 6 ,5 5 ,6 6 - 0 4 1 4 5 6 1 4 5 6 3 7
3 5 7 0 6 3 6 7 1 3 6 0 4 1 4 5 6 1 4 0 x - - - - - - - - - - - - - - x 4 5 5 3
2 1 6 6. 5 5 5 3 2 0 1 0 0 0 0 0 6 - 6. 5 3 7 3 2 4 5 7 3 0 6 3 6 7 1 6 3 1 6 3 6
7 1 6 6 3 6 0 6 3 6 7 1 6 3 1 x - - - - - - - - - - - - - - - - - x 5 3 6 1 2 1
7 7 5 3 6 6 - 1 2 1 7 7 5 3 0 6 0 0 0 0 0 6 4 1 4 5 6 1 4 0 3 7 3 4 5 7 3 0 6 3
6 7 1 6 3 1 6 3 6 7 1 6 6 3 q6 0 x 5 7 6 4 4 3 3 2 1 7 1 4 1 6 - 6 5 5 4 3 2 3 1
5 6 0 0 6 2 4 6 2 4 2 6 2 3 5 7 2 3 0 0 4 1 4 5 6 1 4 0 1 4 6 1 4 5 6 4 x 6 1 4
5 4 3 2 1 5 6 ,6 ,6 6 - 0 7 6 5 4 3 ,7 1 0 0 1 - 1 1 2 4 6 2 4 6 2 0 1 5 1 3 5 1 5
1 4 1 4 5 6 1 4 6 0 0 0 2 2 2 1 1 - - 6 6. 6 6 6 7 6 6 5 4 2 1 4 4 3 6 6 5 3 2 3
2 - 0 2 1 2 - 2 1 6 6 5 0 3 2 6 4 6 3 6 7 6 6 6 2 6 2 3 4 6 2 5 4 2 6 4 6 3 2 4
1 2 4 2 1 6 6 3 6 7 1 3 6 3 1 7 6 3 2 6 2 4 6 4 2 6
%END
