%Beyond_The_Sky钢琴.txt
% 出处 https://www.jianpujia.com/
title=Beyond_The_Sky钢琴
tag=Beyond,分类/钢琴谱
usertag=Beyond,分类/钢琴谱
tagroute=
transcriber=jianpu2-auto
status=ocr
source=jianpujia-152297
todo=refine the filename
%--
4/4
subtitle=score
q1 - - qx - - 6 x x x 5 3 2 3 2 3. 2 3 5 2 2. 3 4 5 3 2 1 7 2. 2 2 3 1 ,7 2 1 1 2 2 3
2. 1 7 1 1 5 1 5 3 5 1 5 2 5 7 5 5 7 2 4 1 4 6 1 5 2 6 2 4 6 4 2 1 - - - - - - -
- - - - - x 5 x 5 2. 2 2 3 1 ,7 2 1 1 6 7 1 2. 1 7 1 2. 2 2 5 3 - 0 3 4 2 ,7 2 6 3 6
3 1 5 4 1 4 6 5 2 5 7 1 5 1 5 5 5 1 5 1 5 1 - x - - - - - - - - - - 5 5 3 2 3 2
3. 2 3 5 2 2 1 5 3 4 3 2 1 7 2. 2 2 3 1 ,7 2 1 1 2 2 3 2. 1 7 1 1 5 1 5 3 5 1 5 2 5
7 5 5 7 2 4 1 4 6 1 5 2 6 2 4 6 2 4 x 0 0 0 - 0 0 0 0 0 0 - - 6. 5. 2 3 4. 5 5 4 3
6 6. 6 6 5 4 3 ,5. 2. 4 4 6 5'. 2. 4 4 6 5'. 2. 4 4 3 4 2 3 4 5 2 5 6 2 5 6 5 6 3 6 3 1 6
3 2 6 2 1 6 2 7 6 2 6 4 2 x - - - - - - - - - - - 1 7 3 - 5' 7 2 - ,3 5 1 2 3 3 5
1 6 4 1 2 3 1 1 - 5 3 1 2. 7 5 3 2 3 3 - 5 - 1 - - - 4 - - - 3 - - - x 1 x x
%END
