%Beyond_the_Memory钢琴_2.txt
% 出处 https://www.jianpujia.com/
title=Beyond_the_Memory钢琴
tag=
usertag=
tagroute=
transcriber=jianpu2-auto
status=ocr
source=jianpujia-245753
%--
4/4
subtitle=score
q1 - - 1 4 qx - - x. x 0 1 q1 x. x'. 1 q1 0 5 5 1 3 1 1 1 1 3 - 1 - 4 - 7 2 5 - 4 - 5 -
3 - 2 5 3 1 2 1 6 - 4 - 5 - 1 - 6 - 4 - 5 - 1 - x 1 x x ,3 1 - - 3 1 1 1 7 6 5. 1
2 3 2 1 ,7'. ,5. 1 1 7 6 5. 1 2 6 ,1 1 - - - ,6 ,3 ,7 ,4 ,1 ,5 ,5 ,2 ,5 ,1 ,5 ,3 ,6 ,7 ,1 ,4 ,1 ,4 x 3. 3
2 1 ,5. 1. ,7 1 1 1 5 1 7 6 5 5 1 2. 1 ,7. ,5'. 2 1 2 3 3 2 1 ,6 1 ,1 1 5 2 5 1 5 1 6 7 1 4
1 4 5 2 5 1 2 3 6 3 6 4 1 4 x - - - - - - - - ,5. 2. 1 ,5. 1. 1 2. ,5. 1 ,5 1 5 7 1 1 1 1
7 5 5 1 1 7 4 1 7 6 5 3 2 7 1 x 1 q,5 2 ,5 1 5 ,2 q5 2 ,5 1 5 ,2 q6 ,3 ,7 ,4 ,1 ,4 5 2 ,5 1 5
,1 1 1 1 1 1 1 2 3 6 2 1 2. 1 7 1 1 5 7 1 1 1 1 7 6 5 1 2 3 2 1 1 1 1 1 q,6 ,3 ,6 ,4 ,1
,4 q,5 ,2 ,5 ,1 ,5 1 q,6 ,3 ,6 ,4 ,1 ,4 q,5 ,2 ,5 ,1 ,5 1 1 2 3 3 2 1 2. 1 1. 1 1 7 6 5. 1 2 3 2 1 ,7'. ,5.
1 6 3 6 4 1 4 5 2 5 1 5 1 6 3 7 4 1 5 5 2 5 1 5 3 x - - - - 1 - - - - 2 5 x 3. 1
7 6 5. 1 2 3 2 1 ,5. 1. 7 1 1 1 5 1 7 6 5 5 1 2. 1 ,7. ,5'. 2 6 6 1 q,6 ,7 ,1 ,4 ,1 ,4 q,5 ,2 ,5 ,1 ,5
,1 q,6 ,7 ,1 ,4 ,1 ,4 q,5 ,2 ,5 ,1 ,2 ,3 1 2 3 3 2 1 2. ,5. 1 ,5. 1. 1 ,5. 2. 1 ,5 ,1 5 7 1 1 1 1 7 5 5 1
1 7 q,6 ,3 ,6 ,4 ,1 ,4 q,5 ,2 ,5 ,1 ,5 ,2 q,5 ,2 ,5 ,1 ,5 ,2 q,6 ,3 ,7 ,4 ,1 ,4 4 1 7 6 5 3 2 7 1 1 1 1 1 1
2 3 6 2 1 2. 1 7 1 1 5 7 1 1 1 1 7 6 5 1 2 5 2 ,5 1 5 ,1 q6 3 ,6 4 1 ,4 q5 2 ,5 1 5 1 q6
3 ,6 4 1 ,4 3 7 x x 3 2 3 2 1 1 1 1 2 3 3 2 1 2. 1 1. 1 1 7 6 5. 1 2 q,5 ,2 ,5 ,1 ,5 1 q,6 ,3
,6 ,4 ,1 ,4 ,5 ,2 ,5 ,1 ,5 ,1 ,6 ,3 ,7 ,4 ,1 ,5 3 2 1 ,7'. ,5. 1 1 7 6 5. 1 2 3 2 1 ,5. 1. ,7 1 1 1 5 1 7
6 5 5 1 6 6 ,5 ,2 ,5 ,1 ,5 ,3 q,6 ,7 ,1 ,4 ,1 ,4 q,5 ,2 ,5 ,1 ,5 ,1 q,6 ,7 ,1 ,4 ,1 ,4 2. 1 ,7. ,5'. 2 1 2 3 3 2
1 ,5. 2. 1 ,5. 1. 0 0 0 0 0 1 q,5 ,2 ,5 ,1 ,2 ,3 q,6 ,3 ,6 ,4 ,1 ,4 q,5 ,2 ,5 ,1 ,5 ,2 0 0 0 0 4 q1 - - 1 5
1 1 6 ,2 0 0 0 5 7 1 1 1 1 7 5 5 1 1 7 4 7 6 3 2 7 1 1 1 1 2 3 2 1 1 4 5 1 4 5 0
6 3 7 4 1 4 5 2 5 1 5 1 6 3 6 4 1 4 x 1 - - - - - - 5 3 x 1 3 2 2. 1 7 1 5 7 1 1
1 1 7 6 5 1 2 3 2 1 1 1 1 2 3 3 2 1 1 5 2 5 1 5 1 6 3 6 4 1 4 5 2 5 1 5 1 6 3 6
4 1 4 x - - - - - - - - x 5 1 5. 2. 1 1 5 7. 2. 5. 1 1. 0 5 3 1 - 1 1 - ,4 1 - 3 ,7 2 2
5 ,5 2 5 ,1 ,5 1 ,5 2 5 ,1 ,5 1 ,6 - ,4 - ,5 - ,1 - x 1 1 1 1 1 1 1 1 1 ,5 - ,4 - ,5 - ,3 - ,3
- ,3 - ,3 - ,3 - 3 1 2 1 1 1 1 1 6 - 4 - 5 - 1 - 1 - 1 - 1 - 1 - 1 1 1 1
%END
