%Beyond_My_Beloved_Horizon钢琴.txt
% 出处 https://www.jianpujia.com/
title=Beyond_My_Beloved_Horizon钢琴
tag=Beyond,分类/钢琴谱
usertag=Beyond,分类/钢琴谱
tagroute=
transcriber=jianpu2-auto
status=ocr
source=jianpujia-149796
todo=refine the filename
%--
4/4
subtitle=score
7 1 0 0 1 2 2 3. 0 1 6 3 3 0 0 4. 0 6 4 4 0 0 6. 5 5 0 5 6 1 5 4 4 3. 3 3 3 2. 3 3 6
6 5'. q,5 5 5 ,5 4 4 q,3. 3 0 3 3 3 ,3 3 q,2. ,2 0 2 2 2 2 2 2 q,3 3 0 3 3 3 3 3 0 q,6 6 2 1 3 4
3 ,7 2 ,7 2 2 ,7 2 ,7 2 ,7 2 ,7 3 3 3 3 4 3 1 1 1 1 0 0 5 5 5 5 5 5 0 0 1 1 1 1 1 1 0
0 2 1 1 0 0 0 1 - - - - - - - - 0 0 - - - - - - - - - - - - - - - - ,6 ,6 ,5 ,5 ,5 ,5
,6 ,6 ,6. ,6 ,6 ,6 ,6 ,6 ,3 ,6 ,6 ,6 ,4. q6 6 6 0 q6 6 6 q5 5 5 q5 6 q6 q6. 6 6 6 q6 q6 6 0 6 6 6 q3 3 q3
3 6 6 6 q6 q6 q4. 0 0 7 1 2. 2. 0 0 1 1 0 6. 0 0 0 0 0 0 6. x - - - - - - - - - - 0 - -
- 4. 4 4. 2. 2. 3. 6 6 6 6. 6. 5 5 5 5 4. 4 4. 0 0 2. 2. 2 2 2 2 2 6. 0 6 6 6 6. 6. 5 5 5 5 4
4. 1 - - 0 - - - - - 0 - 0 - - 0 0 - 0 0 0 - 0 - - - 6. 6 6. 7 1 0 0 0 1 7 5. 5. 0 0
0 0 0 0 6. x - - 0 - - - - - - - - - - - 4 4. 5. 5. 5 5. 3. 3. 3 3 3 3. 3. 4. 4. 4 4. 0 0 5.
5. 5 5. 0 0 3. 3. 3 3 3 3. 3. 3 3 3 3 3 4. x 3 3 x 6. 6 6 7 1 6 6 6. 5 5 0 0 0 7 7 1 0 0
0 1 7 1 - - 0 - - - - - - - 0 0 - - 4. 4 4 4 4 4. 6 6 6. 5 5 5 5. 1 1 q4. 4 4 0 0 q4 ,4
q4. 0 0 4 q6 ,6 q6. 0 0 5 ,5 5 q5. 0
%END
