%BEYOND_THE_TIME钢琴.txt
% 出处 https://www.jianpujia.com/
title=BEYOND_THE_TIME钢琴
tag=Beyond,分类/钢琴谱
usertag=Beyond,分类/钢琴谱
tagroute=
transcriber=jianpu2-auto
status=ocr
source=jianpujia-251133
todo=refine the filename
%--
4/4
subtitle=score
1 0 7 1 ,4 1 ,4 1 6 7 1 2 3 1 5 3 6 7 1 2 3 1 5 3 ,1 1 ,1 1 0 ,1 1 0 ,4 1 1 ,6 3 6 7 1
2 3 1 5 3 6 7 1 2 3 1 5 3 ,1 1 ,1 1 0 ,1 1 0 ,1 1 4 4 4 4 q,6 q,1 ,4 q,6 q,1 ,5 ,2 ,5 ,5 ,2 ,5 ,6 ,3
,6 ,3 ,6 ,3 ,6 ,3 ,6 ,3 ,6 ,3 ,6 ,6 ,3 ,6 q,6 q,1 ,4 q,6 q,1 ,5 ,2 ,5 ,5 ,2 ,5 ,6 ,3 ,6 ,3 ,6 ,3 ,3 ,3 ,6 ,3 ,6 ,6 ,3 ,6 4
4 4 5 7 5 5 7 5 1 1 1 1 1 6 1 6 6 1 6 4 4 4 4 4 5 7 5 5 7 5 1 1 1 1 1 6 1 6 6 1
6 1 - - - - - - - - - - - - - - - - - - - - - - - - - - - - - - - - - - - - 6 6
6 6 6 6 6 1 1 1 4 4 4 3 3 3 4 5 1 0 1 1 6 7 1 2 3 1 5 3 6 7 1 2 3 1 5 3 1 1 0 1
0 1 3 6 6 6 7 1 2 3 1 5 3 - - - - - - - - - - - - - - - - - - - - 4 4 4 4 ,1 ,1 ,5
,5 6 6 6 6 6 6 6 ,1 ,1 ,5 ,5 q,6 ,4 q,6 ,4 ,4 ,2 ,5 ,2 ,5 ,3 ,3 ,3 ,3 ,3 ,3 ,6 ,3 ,6 q,6 ,4 q,6 ,4 ,4 ,2 ,5 ,2 ,5 4
4 4 4 4 5 7 5 5 7 5 1 1 1 1 1 6 1 6 6 1 6 4 4 4 4 4 5 7 5 5 7 5 1 - - - 0 0 0 0
0 0 - - - 0 0 0 - - 0 - 0 0 - - 0 - - 0 x 1 1 4 x 6 7 1 2 3 1 5 3 5 6. 5 6 5 6 7
1 2 3 1 5 3 4 4 ,6 ,3 ,6 ,3 ,6 ,3 ,6 ,3 ,6 ,3 ,6 ,3 ,6 ,6 ,3 ,6 q,6 q,1' ,4 q,6 q,1' ,4 ,4 ,5' ,2 ,5 ,5' ,2 ,5 1 1 1
1 1 6 1 6 6 1 6 4 4 4 4 4 5 7 5 5 7 5 1 0 0 - - - - - - - 0 0 - 0 - - 0 - - 1
%END
