%Beyond_the_Memory钢琴.txt
% 出处 https://www.jianpujia.com/
title=Beyond_the_Memory钢琴
tag=Beyond,分类/钢琴谱
usertag=Beyond,分类/钢琴谱
tagroute=
transcriber=jianpu2-auto
status=ocr
source=jianpujia-245753
todo=refine the filename
%--
4/4
subtitle=score
1 2 3 3 2 1 2. 1 1. 1 1 7 6 5. 1 2 3 2 1 ,7'. ,5. 1 6 3 6 4 1 4 5 2 5 1 5 1 6 3 7 4 1 5
5 2 5 1 5 3 x - - - - 1 - - - - 2 5 x 3. 1 7 6 5. 1 2 3 2 1 ,5. 1. 7 1 1 1 5 1 7 6 5
5 1 2. 1 ,7. ,5'. 2 6 6 1 q,6 ,7 ,1 ,4 ,1 ,4 q,5 ,2 ,5 ,1 ,5 ,1 q,6 ,7 ,1 ,4 ,1 ,4 q,5 ,2 ,5 ,1 ,2 ,3 1 2 3 3 2 1
2. ,5. 1 ,5. 1. 1 ,5. 2. 1 ,5 ,1 5 7 1 1 1 1 7 5 5 1 1 7 q,6 ,3 ,6 ,4 ,1 ,4 q,5 ,2 ,5 ,1 ,5 ,2 q,5 ,2 ,5 ,1 ,5
,2 q,6 ,3 ,7 ,4 ,1 ,4 4 1 7 6 5 3 2 7 1 1 1 1 1 1 2 3 6 2 1 2. 1 7 1 1 5 7 1 1 1 1 7 6 5
1 2 5 2 ,5 1 5 ,1 q6 3 ,6 4 1 ,4 q5 2 ,5 1 5 1 q6 3 ,6 4 1 ,4 3 7 x x 3 2 3 2 1 1 1 1 2 3
3 2 1 2. 1 1. 1 1 7 6 5. 1 2 q,5 ,2 ,5 ,1 ,5 1 q,6 ,3 ,6 ,4 ,1 ,4 ,5 ,2 ,5 ,1 ,5 ,1 ,6 ,3 ,7 ,4 ,1 ,5 3 2 1
,7'. ,5. 1 1 7 6 5. 1 2 3 2 1 ,5. 1. ,7 1 1 1 5 1 7 6 5 5 1 6 6 ,5 ,2 ,5 ,1 ,5 ,3 q,6 ,7 ,1 ,4 ,1 ,4 q,5
,2 ,5 ,1 ,5 ,1 q,6 ,7 ,1 ,4 ,1 ,4
%END
