%Beyond_The_Trails_Of_Tears钢琴_2.txt
% 出处 https://www.jianpujia.com/
title=Beyond_The_Trails_Of_Tears钢琴
tag=Beyond,分类/钢琴谱
usertag=Beyond,分类/钢琴谱
tagroute=
transcriber=jianpu2-auto
status=ocr
source=jianpujia-248899
%--
4/4
subtitle=score
1 - - 4 qx - - 6 2. qx 1' 1 x 1 7 6 5 6 3 3 3 0 3 6 7 3 1 7 1 6 1 7 3 3 1 7 1 3 1 3
1 6 1 7 1 6 1 7 1 6 1 7 1 6 2 1 1 6 6 0 0 ,6 1 3 1 ,6 1 3 ,3 ,6 1 3 1 ,6 1 3 ,3 4 1 2
1 2 1 2 3 1 ,3 ,6 7 ,1 ,7 ,6 ,5 6 7 5 7 7 5 7 7 3 7 6 1 3 1 7 1 6 1 7 1 3 1 7 1 3 1 7
1 6 1 7 1 3 1 7 1 6 1 7 1 5 6 6 5 7 2 7 5 7 2 2 6 1 3 1 6 1 3 3 6 1 3 1 6 1 3 3
x 0 0 - 0 0 - 0 0 - - 0 - 7 3 3 2 1 2 1 2 3. 1 3 6 7 6 1 7 1 6 1 7 1 6 1 7 1 6 2
1 3 7 7 5 7 7 5 7 7 3 7 6 1 3 1 7 1 6 1 7 1 3 1 7 1 6 5 6 6 1 3 1 6 1 3 3 5 7 2
7 5 7 2 2 6 1 3 1 6 1 3 3 x - - - - - - - - - - - - 3 1 7 1 6 1 7 6 3 1 7 1 6 1
7 1 3 1 7 1 7 3 1 7 1 6 1 7 1 3 1 7 7 5 7 7 7 5 7 6 ,6 ,6 ,5 6 1 3 1 6 1 3 3 6 1 3
1 6 1 3 3 5 7 2 7 5 7 2 2 x 1 3 x 6 3 1 7 1 3 1 7 1 6 1 7 ,1 1 ,6 3 1 7 7 1 3 ,1 1
7 1 6 1 7 ,1 1 ,6 3 1 7 ,1 1 6 1 6 7 1 6 1 1 7 1 6 1 7 1 6 1 7 1 3 6 2 1 3 6 6 6 6
1 3 1 6 1 3 3 6 1 3 1 6 1 3 3 6 1 3 1 6 1 3 3 x 0 - 0 - 0 - 0 0 0 - - 0 1 6 2 1
2 1 2 3 1 ,3 5 3 ,7 ,1 ,7 ,6 ,3 7 7 5 7 7 7 5 7 7 3 7 6 1 3 1 7 1 6 1 7 1 6 1 7 1 6 1
7 1 6 1 7 5 6 1 7 5 4 1 7 1 x - - - - - - - - - - - - - - - - - - - - - - - - -
- 5 6 6 4 5 7 2 7 5 7 2 2 6 1 3 1 6 1 3 3 6 1 3 1 4 6 1 6 x - - - - - - - - - -
- - 5 6 1 1' 1 7 5 4' 2 1' 1 7 5 2 5 7 5 2 5 7 3' 1 ,5 3 6 4 1 6 3 6 1 6 5' 3 5' 3 7 3'
1 6 4' 2 1 7 2 6 1. 3 1 1 7 1 3 1 7 1 3 1 7 1 6 7 3 1 6 7 3' 1 5 5 4 5 3 6 5 7 2 7
5 7 2 7 4 6 1 6 5 3 6 1 3 1 6 1 3 1 x 0 0 - - - 0 0 - - - 5 5 2 2 ,7 3 1 7 ,6 1 6
1 7 ,7 5 6 ,1 1 7 ,7 5 ,6 4 1 7 ,1 1 ,1 1 7 5 ,4 2 ,1 1 7 5 2 5 7 5 2 5 2 7 3 5 2 1 4 1
6 2 4 6 1 6 4 6 5 2 7 5 2 5 7 6 5 3 2 6 4 5 5 4 5 3 6 1 3 1 4 6 1 6 5 7 2 7 5 7
2 7 4 6 1 6 5 3 1 7 6 5 1 - - - - - - - - - - - - - - 3 - - - 6 3 6 7 3 5 6 1 2
3 3 4 3 3 1 2 4 3 3 4 3 3 3 2 3 2 3 4 5 ,6 ,6 ,3 ,6. ,3 ,3 ,6 ,3 ,4 ,6 ,3 ,4 ,3 ,3 6 1 7 1 6 7
1 6 1 7 1 6 6 3 6 3 ,6. 3 3 3 ,6 3 ,6 3 ,6 3 6 3 6 ,3 4 ,6 3 ,4 ,3 3 3 6 3 2 ,3 ,6 7 3 ,3 ,3
,5 6 6. 6 6. 7 1. 7. 1 2. 1. 2 3 0 3 0 3 2 3 2 7 6 1 7 1 3 1 7 6 6 1 7 1 3 1 7 6 ,6 6 3
6 6 3 6 3 6 ,5 5 ,6 6 ,3 3 ,6 6 3 6 6 3 6 3 6 3 6 3 ,6. 6. ,3 3 ,3 3 3 6 3 6 3 6 3 6 x 0
- - - - - - 0 0 - - - 0 - - 0 1 0 - 0 0 0 - - - - 3 1 x. 5 3 1 7 1 6 3 2 1 6 5 3
5 3 5 3 1 7 1 3 1 7 6 6 1 7 1 3 1 7 1 6 1 7 1 3 1 7 6 3 1 7 1 3 1 7 6 6 2 7 1 3
1 7 6 6 1 7 1 3 1 7 6 ,6 ,3 ,4 ,6 ,3 ,4 ,3 ,3 ,6 ,5 ,6 ,3 ,6 3 6 3 4 6 3 4 3 3 3 6 3 6 3 6 6
3 6 3 6 5 6 3 6 3 6 6 3 6 3 6 3 6 3 3 3 3 3 3 3 3 3 3 3 3 3 3 3 3 3 3 3 3 3 3 3
3 3 4 5 6 7 1 2 3 3 3 3 3 3 3 3 3 3 3 3 3 3 3 3 3 3 3 3 3 3 3 3 3 3 3 3 3 3 3 3
1 - - - - - - - - - - - - - - - - 6 6 - - 0 0 0 0
%END
