%Beyond_The_Trails_Of_Tears钢琴.txt
% 出处 https://www.jianpujia.com/
title=Beyond_The_Trails_Of_Tears钢琴
tag=
usertag=
tagroute=
transcriber=jianpu2-auto
status=ocr
source=jianpujia-248899
todo=refine the filename
%--
4/4
subtitle=score
1 - - 4 qx - - 6 2. qx 1' 1 x 1 7 6 5 6 3 3 3 0 3 6 7 3 1 7 1 6 1 7 3 3 1 7 1 3 1 3
1 6 1 7 1 6 1 7 1 6 1 7 1 6 2 1 1 6 6 0 0 ,6 1 3 1 ,6 1 3 ,3 ,6 1 3 1 ,6 1 3 ,3 4 1 2
1 2 1 2 3 1 ,3 ,6 7 ,1 ,7 ,6 ,5 6 7 5 7 7 5 7 7 3 7 6 1 3 1 7 1 6 1 7 1 3 1 7 1 3 1 7
1 6 1 7 1 3 1 7 1 6 1 7 1 5 6 6 5 7 2 7 5 7 2 2 6 1 3 1 6 1 3 3 6 1 3 1 6 1 3 3
x 0 0 - 0 0 - 0 0 - - 0 - 7 3 3 2 1 2 1 2 3. 1 3 6 7 6 1 7 1 6 1 7 1 6 1 7 1 6 2
1 3 7 7 5 7 7 5 7 7 3 7 6 1 3 1 7 1 6 1 7 1 3 1 7 1 6 5 6 6 1 3 1 6 1 3 3 5 7 2
7 5 7 2 2 6 1 3 1 6 1 3 3 x - - - - - - - - - - - - 3 1 7 1 6 1 7 6 3 1 7 1 6 1
7 1 3 1 7 1 7 3 1 7 1 6 1 7 1 3 1 7 7 5 7 7 7 5 7 6 ,6 ,6 ,5 6 1 3 1 6 1 3 3 6 1 3
1 6 1 3 3 5 7 2 7 5 7 2 2 x 1 3 x 6 3 1 7 1 3 1 7 1 6 1 7 ,1 1 ,6 3 1 7 7 1 3 ,1 1
7 1 6 1 7 ,1 1 ,6 3 1 7 ,1 1 6 1 6 7 1 6 1 1 7 1 6 1 7 1 6 1 7 1 3 6 2 1 3 6 6 6 6
1 3 1 6 1 3 3 6 1 3 1 6 1 3 3 6 1 3 1 6 1 3 3 x 0 - 0 - 0 - 0 0 0 - - 0
%END
