%C级爱情.txt
% 出处 https://www.qupu123.com/
title=C级爱情
tag=
usertag=
tagroute=
transcriber=jianpu2-auto
status=ocr
source=qupu123-305411
%--
2/4
subtitle=score
x 3 3 3 3 3 4 3. 2 q2 q2 2 q2 q3 4 5 3 q3 3 4 3 2. 2 2 2 1 ,5 1 2 3 0 2 4 ,4 q4 4 3 5 1 q3
q2 3. 0 0 0 0 1 1 1 1 0 ,5 1 2 3 0 2 4. 4 4 4 3 5 1 1 2. 0 0 0 0 0 1 1 6 0 6 7 5 5 6
6 4 4 0 4 6 5. ,4 3 3 1 1 6 - 0 6' 1' 7 5 5 5 5 3 2 1 s7 q6 ,5 1 2 0 1 2 1 ,1 ,7 1 2 ,1 1
x 0 x sx qx 0 6 5 4 3 0 x 6 6 6 1' 6 1' 2' 3' 2' 1' 6 0 6 6 6 5 5 3 5 6 7 6 5 3 0 q1. 3. 6
1' 2'. 3' 2' 2' 1' 0 6 5' 5 1 5 - 5 2. q4. 2. x. - 2' 2' 0 5' 3' 5 5 q1' x 2 x 2 2 3 0 x 0 3 5 x 3
3 3 4 4 3 ,5 ,,6 ,5 1 1 0 2 2 2 2 2 3 4 4 2 3 4 4 2 2 2 2 2 3 4 4 2 1 1 2 0 2 0 1 0
x
%END
