%Eyes_On_Me钢琴.txt
% 出处 https://www.jianpujia.com/
title=Eyes_On_Me钢琴
tag=
usertag=
tagroute=
transcriber=jianpu2-auto
status=ocr
source=jianpujia-378084
todo=refine the filename
%--
4/4
subtitle=score
6 - 6 3 2 1 2 5 - 4 3 5 - 5 4 3 1 1 2 - - 1 1 1 ,7 3 ,7 ,6 1 2 1 4 2 6 6 6 5 7 5 4
6 6 6 1 1 4 5 4 4 3 3 5 3 2 2 4 4 5 4 6 6 x 1 1 1 5 - 4 3 2 5 1 2 3 5 3 3 - - 0
2 3 1 - 6 1 x x 7 5 5 2 5 2 5 3 ,7 ,3 ,6 ,3' - - - ,3 ,5 - 3 2 ,7 4 1 5 6 1 ,6 1 - 2 - -
0 1 2 3 5 7 7 - - 0 7 7 1 6 0 5 6 5 qx 7 3 7 5 2 6 1 5 2 5 1 5 1 5 3 5 1 5 3 7 5
3 7 5 5 3 4 1 4 1 6 1 4 1 x - - - - - - - - - - - - - - - 5 - - 0 5 3. 1 2 1 6 7
- 0 3 5 1. 6 5 4 1 3 qx 7 7 5 7 5 2 6 1 5 6 4 6 3 6 3 1 3 6 3 3 7 5 4 3 6 5 4 1 4
1 6 1 4 1 x 0 - - - 0 0 0 0 0 - 0 - - 0 3 2 - 0 1 2 0 3 4 5 5 - 0 5 4 1 3 - - 2
1 5 2 7 2 4 2 7 2 3 1 5 1 1 1 5 1 2 6 1 6 4 6 1 6 5 4 6 4 1 4 6 4 x 1 ,1 1 4 5 1
1 2 1 7 4 2 - 1. 1. 3 3 3 3 5 5 7. 7. 6 6 6 6 - 0 0 6 6 6. 6. 7 7 7 7 ,1 1 ,5 ,5 1 4 1 1
4 1 1 4 3 6 1 6 6 1 6 1 5 1 5 3 5 1 5 5 2 6 2 1 1 4 4 6 4 4 4 6 4 x 0 0 - 0 - 0
1
%END
