%I_Do钢琴.txt
% 出处 https://www.jianpujia.com/
title=I_Do钢琴
tag=分类/钢琴谱
usertag=分类/钢琴谱
tagroute=
transcriber=jianpu2-auto
status=ocr
source=jianpujia-245461
todo=refine the filename
%--
4/4
subtitle=score
q1 - - 4 qx - - 7 6 x. x. 1 1 x. 1 q1 0 0 0 0 1 2 3 3 6 3 4 4 4 3 2 5 5 2 2 5 3 3 3 2
x 0 0 0 0 1 5 1 4 1 6 5 2 7 2 3 7 5 7 x 1 - - 0 0 - 0 1. 7 6. 5 4. 5 5 6 7. 1 1 2 3.
2 1. 7 6. 7 7 1 2. 3 3 4 0 1 2 3 1 4 3 2 2 1 - - - - - - - - - - - - - 2. 3 3 4 5. 6
6 7 6 3 6 5 4 1 4 3 2. 3 3 4 5. 6 6 7 1 5 1 6 3 6 1 0 2 1 2 1 5 3 5 3 3 5 2 3. 1. 1
5 3 3 3 1 2 1. 3 2 2 5 1 2 5 5 2 1 5 2 7 2 1 5 7 5 6 3 1 3 5 3 1 3 4 1 6 1 5 2 7
2 x - - - - - - - - - - - - 0 1 2 3 1 4 3 2 2 0 5 7 5 7 5 6 1 1 5 5. 2 3 - 1 1 5
1 4 1 6 1 5 2 7 2 3 7 5 7 6 3 1 3 5 3 1 3 x - - - - - - - - - - - 1 3 2 2 2 2. 3
3 4 5 5 2 3 2 ,5 1. 3 2 5 1 5 5 4. 5 5 6 7 ,7 1 5 3 5 3 1 6 6 6 1 4 1 6 1 5 2 7 2 2.
3 3 4 5 2 5 2 1 5 3 5 4 1 6 1 1 6 1 7 6 6 5 5 5 1 1 1 5 5 1 7 6 6 5 5 5 2 5 5 5
6 1 1 1 6 6 6 7 5 x 5 2 7 2 1 5 1 7 6 3 1 3 5 3 1 3 4 1 6 1 5 2 7 2 x - - - - -
- - - - - - -
%END
