%Its_Happening钢琴.txt
% 出处 https://www.jianpujia.com/
title=Its_Happening钢琴
tag=Beyond,分类/钢琴谱,World Beyond
usertag=Beyond,分类/钢琴谱,World Beyond
tagroute=
transcriber=jianpu2-auto
status=ocr
source=jianpujia-152040
todo=refine the filename
%--
4/4
subtitle=score
x 1 3 x 1 1 6 5 6 6 6 6 1 6 6 6 6 6 1 6 6 6 1 6 6 6 6 6 6 1 6 6 6 6 1 6 3 6 7 6
6 6 6 6 6 1 6 6 1 7 0 6 5 6 6 6 6 1 6 6 6 6 6 1 6 6 6 - - - - - - - - 0 0 - - -
- - 0 0 - - - - - - 0 0 x 6. 4 4 4. 4. 4 4 4 4 4 4 5 5 5 5 5 5. 0 0 6. 6 6 4 4 1 4 4.
4 1 - - - - 0 - - - - - - - - - - 0 - 6 5 6 6 6 6 2 6 6 6 2 6 1 6 7 6 6 5 6 6 6
6 1 6 6 6 6 6 1 6 6 6 6 5 6 6 6 6 2 6 6 6 2 6 1 6 7 6 6 5 6 6 6 6 2 6 6 6 2 6 1
6 7 6 6 5 6 6 6 6 1 6 6 6 6 6 1 6 6 6 6 5 6 6 6 6 2 6 6 6 2 6 1 6 7 6 0 0 0 0 0
0 - - 0 0 0 0 0 0 - - 0 0 - - - - 0 0 1. 4 4 2 2 5 2. 3. 6 6 1 1 4 1. 1. 4 4 2 2 5 2.
1 1 1 1 q4. 4 q4 q5 q5 2 5 q5. 5 q6. 6 q6 q4 q4 1 4 q4. 4 q4. 4 4 q5 q5 2 5 q5. 5 1 6 5 6 6 6 6 1 6
6 6 6 6 1 6 6 6 6 5 6 6 6 6 2 6 6 6 2 6 1 6 7 6 6 5 6 6 6 6 1 6 6 7 6 6 1 6 2 6
6 5 6 6 6 6 1 6 6 6 6 6 1 6 6 6 6 5 6 6 6 6 2 6 6 6 2 6 1 6 7 6 6 5 6 6 6 6 1 6
6 7 6 6 1 6 2 6 ,2 ,3 ,6 ,6 ,6 ,4 ,1 ,4 ,1 ,4 ,4. ,1. ,4 ,1 ,4 ,4 ,4 ,5 ,2 ,5 ,2 ,5 ,2 ,5 ,5 ,2 q,6 q,2' q,2 q,2 q,3' q,7
q,3' q,7 q,3' q,7 q,3 q,3'. q,7. 6 6 6 6 6 6 q4 q4 1 4 q4. 4 4 4 4 4 4 4 5 q5 q5 2 5 q5 5 2 2 2 2 2 3 q3 q3
7 3 q3. 3 1 1 7 2 x 2 6 5 6 6 ,3 ,3 ,2 ,2 6 6 ,2 6 ,1 6 7 6 ,1 ,1 ,1 ,1 ,1 ,1 ,1 ,1 ,1 ,1 ,1 ,3 ,3 ,1
,1 ,1 ,1 ,1 ,1 2 ,1 1 1 ,1 6 7 6 5 6 6 3 3 2 2 6 6 2 6 1 6 7 6 1 1 1 1 1 1 1 1 1 1 1 3
3 1 1 1 1 1 1 2 1 3 2 1 6 7 x 4 5 5 5 ,1 ,4 ,4 ,4 ,2 ,2 ,5 ,2 ,5 ,5 ,5 q,6. q,6 q,6 q,4. q,4 q,4 4 4 4 4
4 4 5 5 2 5 5 5 2 5 6. 6 3 6 6 6 6 4. 4 1 4 4 4 4 x - - - - 0 - 0 0 - - - - - - -
-
%END