%K歌之王_4.txt
% 出处 https://www.qupu123.com/
title=K歌之王
tag=
usertag=
tagroute=
transcriber=jianpu2-auto
status=ocr
source=qupu123-gezhiwang
%--
4/4
subtitle=score
1 - - x x x x x 3. 3' 3' 3 2 1 2' - 2' 5 2 ,1 2 3. 4' 4 6 4 2 - - x 1 2 3 q2 1 ,7 ,5 1 q7 1
,5 - 1 ,7 1 ,5 1 1 ,7 1 2 ,1 2 3 2 1 ,7 ,5 1 q7 1 5 0 6 4 3 2 4 3 2 ,1 ,5 ,6 1 2 ,1 0 0 1 3
5 7 2' 0 5 3 4 4 5 6 5 0 ,6 1 3 5 6 0 5 3 ,1 4 3 ,1 2 0 ,1 3 5 7 2' q0 q1' 7 1' 2' 1' 5 3 ,1
1 1 2 3 3 ,6 4 3 4 6 5 - 0 5 6 7' 3' 1 q7 5 6 7 6 7 6 5 3 0 6 7 1 4 1. ,1 3 2 1 6 4 4
6 1 3 2 5 6 q7 3 7 5 6 7 3' 2 1 6 3 0 6 7 1. 4 ,1 ,1' 3' 2 1' 6 1 ,1 1' 1 2' 3' ,2 2' q2' q1' 7 7
5 6 6 6 5 3 3 ,1 x - 1 2 3 4 4 ,1 ,1' 5 1 4 4 q4 q3 ,6 0 ,7 1 - - 0 x 6 6 5 6 1 q7 q6 5 3
5 q1 q3 q4 q3 2 1 2' 5 6 3 1 2 2 q3 3 1 5 5 6 q7' 3 1 2' q2' 1 1 7 1 7 1'. 1' q7 q7 6 5. ~ 5 6 1
,1 ,1' 2 ,1 3' 2'. ,1' 1 7 1 1 1 3' 7' 7 6 5. 5 6 6 6 6' 5 3' 1 q1 2 3 4 4 q1' 7 5 1 4 4 4 3 ,6 0
,7 1 1 ,5 1 ,1 ,1 7 1 1 2 3 q2 q1 ,3 ,5 1 s7 1 ,5 0 1 4 q4 q5 4 3 4 3 ,5 ,6. q6 1 3 1' 1' - - 0
%END
