%Ooh_La_La.txt
% 出处 http://www.jianpu.cn/
title=Ooh La La
tag=张学友
usertag=张学友
tagroute=
transcriber=jianpu2-auto
status=ocr
source=jianpucn-51487
%--
4/4
subtitle=score
1 - - - 0 x x 6 - 6 - 6 6 3' 6 6 2' 6 6 ,1' 6 6 7 5 6 7 5 6 6 3' 6 6 2' 6 6 6 6 7 5 6
7 5 6 6 3' 6 6 2' 6 6 1' 6 6 7 5 6 q7 5 6 6 6 1 6 q6 7 q5 6 7. 5. 6 0 0 0 1' 1' 7 6 6 6 0
1' 7 6 6 6 0 5 6 5 7 6 5 ~ 5 0 3 5 3 5 6 6 6 0 0 0 0 0 3 1 1 1 7 6 6 6 0 3 1 1 1
1 7 6 6 6 5 6 5 7 6 5 5 0 3 5 5 6 6 6 0 0 0 0 0 6 1 1 2 6 1 1 6 1 1 2 6 1 6 1 2
1 6 6 6 - 0 0 0 6 1 1 2' 6 1' 1' 6 1' ~ 1' 2' 6 3' 2' 1' - 3 6. 1 1 6 6 6 1 2 3 6. 1 1 6 6
6 1 2 3' 6. 1' 1' 6 6 1' 2' q1' 0 6 0 0 3' - 6. 1' 1' 6 6 6 1' 2' 3' 6. 1' 1' 6 6 6 1' 2' - 6. 1' 1' 6
6 ~ 6 2' 1' 6 6 6 0 0 0 0
%END