%Stormbringer钢琴_2.txt
% 出处 https://www.jianpujia.com/
title=Stormbringer钢琴
tag=
usertag=
tagroute=
transcriber=jianpu2-auto
status=ocr
source=jianpujia-387639
%--
4/4
subtitle=score
1 - - q1 - - 1 0 5 x qx. x' x 0 0 0 0 6 3 3 5 3 3 6 3 3 5 3 3 6 6 6 6 6 3 3 5 3 3 6
3 3 5 3 3 6 6 6 6 - - - - 0 0 - - 0 0 - - - - - - ,2 ,3 ,2 ,3 ,2 ,3 ,6 ,3 ,3. ,1. ,6 ,1 ,6 ,1 ,2
,3 ,3 ,1 ,3 ,3 ,6 q,6. q,1. q,6 q,4 q,4 q,6 q,1 q,1 q,6 q,1 q,1 q,1 q,1 q,4. 6 6 6 6 6 6 6 6 6 6 6 6 6 6 6 6 6. 6 6 6
6 6 6 6 4. 4 4 4 4 4 4 4 4. 1 - - - - - - - - 0 - - 0 - 0 - 0 - - 0 - x x 1 7 1 7
1 7 6 3 3 5 3 3 6 3 3 5 3 3 6 6 6 6 6 3 3 5 3 3 6 3 3 5 3 3 6 6 6 6 6 3 3 5 3 3
6 3 3 5 3 3 6 6 6 6 - - - - - - - - - - - - - - - - - - - - - - - - q,5. q,2. q,7. q,5 q,7 q,5
q,7 q,5 q,2 q,5 q,7 q,2 q,2 q,2 q,5 q,6. q,2'. q,4. q,2 q,4 q,2 q,4 q,2 q,6 q,6 q,2' q,4 q,6 q,6 q,6 q,2. ,6. ,3. ,1. ,6 ,1 ,6 ,1 ,6 ,3 ,6 ,3 ,1 ,3 ,3 ,6
5. 5 5 5 5 5 5 5 2. 2 2 2 2 2 2 2 2. 6. 6 6 6 6 6 6 6 1 0 - - 0 - 0 - - 0 - - - 0 -
0 - - 1 7 1 7 1 7 1 7 1 7 1 7 1 7 1 7 1 7 6 3 3 5 3 3 6 3 3 5 3 3 6 6 6 6 6 3 3
5 3 3 6 3 3 5 3 3 6 6 6 6 6 3 3 5 3 3 6 3 3 5 3 3 6 6 6 6 0 0 0 0 0 0 0 0 0 0 0
0 0 0 - - 0 0 - - - - - - ,1. ,4 ,4 ,4 ,1 ,2. ,5 ,5 ,5 ,2 q,6. q,2 q,2 q,2 q,6 1 6. 6 6 1 6 1 1 1 4. 7. 7
7 2 7 2 2 5 4. 4 4 6 4 6 6 6 2. 1 1 1 4. 4 4 4 4 4 4 4 4. 5. 5 5 5 5 5 5 5 2. 2 2 2 2
2 2 2 2. 1 0 - - 0 - - - 0 - - 0 - 0 - 0 - - 0 - x 1 0 x 1 6 3 7 5 3 1 6 3 7 6 3
2 1 7 5 1 6 3 7 5 3 1 6 3 7 6 3 2 1 7 5 1 6 3 7 5 3 1 6 3 7 6 3 2 1 7 5 ,3 ,1 ,6 ,3
,6 ,3 ,6 ,3 q,6 q,1 q,4 q,1 q,1 q,1 q,4 q,1 q,7 q,2 q,5 q,2 q,5 q,2 q,5 q,2 6 0 6 6 6 0 6 6 6 4 0 4 4 4 0 4 4 4 5 0
5 5 5 0 5 5 5 1 - - - - - - - - - - - - 0 - - x 1 3 x 1 6 3 7 5 3 1 6 3 7 6 3 2
1 7 5 1 6 3 7 5 3 1 6 3 7 6 3 2 1 7 5 1 6 3 7 5 3 1 6 3 7 6 3 2 1 7 5 q,6 q,4 q,6 q,2 q,6
q,2 q,2 q,6 q,6 q,2 q,2 q,1 ,3. ,1. ,6 ,6 ,6 ,6 ,6 q,6. q,1. q,4 q,4 q,4 q,4 q,4 2 0 2 2 2 2 2 2 6 6 2 6. 6 6 1 6 3 4. 4
4 6 4 1 1 0 0 0 0 0 0 0 0 - 0 0 - 1 6 3 7 5 3 1 6 3 7 6 3 2 1 7 5 1 6 3 7 5 3 1
6 3 7 6 3 2 1 7 5 6. ,6. 1 1 1 1 2 2 3 3 5. ,2. 6. 6 q,2. q,7. q,5 q,5 q,5 q,5 q,5 q,6. q,4. q,2 q,2 q,2 q,2 q,2 q,2 q,2 q,2
q,2 q,6 q,6 q,2 ,3'. ,1. ,2' ,3 ,6' ,3 ,6 ,6 ,3' ,1 ,6 ,6 ,6 ,6' ,3 5. 5 5 7 5 2 2. 2 2 4 2 6 6 2 2 2 2 6. 6 6 1
3 6 6 3 1 6 1 - - - 0 0 - 0 0 - - 0 0 0 0 - - - 6. 1 1 6 1 2. 6 6 3. 6 6 ,6. 1 1 ,6 1
2. ,6 ,6 - 3. ,6 ,6 - ,4. ,1. ,4 ,4 ,4 ,1 ,4 ,5. ,2. ,5 ,5 ,5 ,2 ,5 q,6. q,2. q,2 q,2 q,2 q,6 1 6. 1 1 4 4 6 4 4 4 1 7.
2 2 5 5 7 5 5 5 2 4. 6 6 2 4 6 6 2 2 1 x 1 1 q,4. 4 q4 6 1 q,4 q,4 1 6 q,4 q,5. 5 q,5 7 2 q,5 q,5 2
7 q,5 q,2. 2 q,2 q,6 q,2 2 2 6 6 q,2 6. 1 1 2 3 5. 1 1 6 1 2. 6 6 q6. 1 1 2 3 5. 1 1 6 1 2. 6 6 - ,3.
,1. ,6 ,3 ,6 ,3 ,6 ,6 ,3 ,1 ,6 ,6 ,6 ,6 ,3 q,6. q,1. q,4 q,1 q,4' q,1 q,4 q,4 q,6 q,1 q,4 q,4 q,4 q,4 q,1 q,7. q,2. q,5 q,2 q,5' q,2 q,5 q,5 q,2 q,7 q,5
q,5 q,5 q,5 q,2 q6. 6 q6 1 3 q6 q6 3 1 q6 q4. 4 q,4 6 1 q4 q4 1 6 q4 q5. 5 q5 7 2 q5 q5 2 7 q5 2 5 2 3 2 3
6 3 3 5 3 3 6 3 3 5 3 3 6 6 6 6 6 3 3 5 3 3 6 3 3 5 3 3 6 6 6 6 0 0 0 0 0 0 - -
0 0 - - - - - - ,3. ,3 ,3 ,6 ,6 ,6 ,6 q,4 q,4 q,4 q,4 q,7'. q,5. q,,3' q,,7 q,3 q,7 q,,3 q,3 q,,7' q,,5 q,,3 q,3' q,7 q,,3' q,,7 q,,7' q,,5 ,3 ,1 ,3 ,1
,3 ,1 ,3 ,1 q,,6 q,1 q,,6 q,1 q,6 q,1 q,6 q,1 3. 3 3 5 7 3 7 3 3 3 6 0 6 6 0 6 4 0 4 4 0 4 1 0 - - - 0
- - - - 0 0 x 2 x 6 3 3 5 3 3 6 3 3 5 3 3 6 6 6 6 6 3 3 5 3 3 6 3 3 5 3 3 6 6 6
6 6 3 3 5 3 3 6 3 3 5 3 3 6 6 6 6 - - - - - - - - - - - - - - - - - - - - - - -
- q,5 q,2' q,7 q,5 q,7 q,2' q,5 q,7 q,2 q,5 q,7 q,2' q,6 q,2' q,4 q,2' q,6 q,4 q,2' q,6 q,4 q,2' q,6 q,4 ,6 ,3 ,1 ,6 ,3 ,1 ,6' ,3 ,1 ,6 ,3 ,1 5 0 5
5 0 5 2 0 2 2 0 2 6 0 6 6 0 6 1 - - - 0 0 0 x 3 1 x x 6 3 3 5 3 3 6 3 3 5 3 3 6
6 6 6 6 3 3 5 3 3 6 3 3 5 3 3 6 6 6 6 6 3 3 5 3 3 6 3 3 5 3 3 6 ,4 ,1 ,4 ,1 ,4' ,1 ,4 ,1
,5 ,2 ,5 ,2 ,5' ,2 ,5 ,2 q,6 q,2 q,2 q,6 q,2 q,6 q,6 q,2 6 6 6 6 7 7 7 7 4 4 4 4 1 1 4 0 4 4 0 4 5 0 5 5
0 5 2 0 2 2 0 2 1 - - - 0 - - x 3 4 x 6 3 6 2 3 6 2 6 3 6 5 6 1 6 ,6 6 3 6 2 3 6
2 6 ,3 ,1 ,6 ,3 ,2 ,3 q,6 q,1 q,4 q,1 ,4 ,1 q,4 q,1 q,7 q,2 q,5 q,2 q,5 q,2 q,5 q,2 6 0 6 6 0 6 6 6 0 4 0 4 4 4 0 4
4 4 5 0 5 5 5 0 5 5 5 1 - - - - - - - - - - - - 0 - - x 3 7 x 3 6 5 6 1 6 ,6 6 3
6 2 3 6 2 6 3 6 5 6 1 6 ,6 q,6 q,4 q,6 q,2 q,6 q,2 q,2 q,6 q,6 q,2 q,2 q,1 ,3. ,1. ,6 ,6 ,6 ,6 ,6 q,6. q,1. q,4 q,4 q,4 q,4 q,4 2
0 2 2 2 2 2 2 6 6 2 6. 6 6 1 6 3 4. 4 4 6 4 1 1 0 0 0 0 0 0 0 0 - 0 0 - x 4 0 x 6
3 6 2 3 6 2 6 6 5 3 2 6 3 3 5 3 3 6 3 3 5 3 3 6 6 6 6 - - - - 0 0 - - - - - - 5.
,2. 6. q,2'. q,7. q,5 q,5 q,5 q,5 q,5 q,6. q,4. q,2 q,2 q,2 q,2 q,2 q,2 q,2 q,2 q,2 q,6 q,6 q,2 ,2 ,3 ,6 ,6 ,3 ,6 ,3. ,1. 5. 5 5 7 5 2 2. 2 2
4 2 6 6 2 2 2 2 6 0 6 6 0 6 6. 0 1 0 - - 0 - - 0 - - - 0 - - - - x 4 3 x x 6 3 3
5 3 3 6 3 3 5 3 3 6 6 6 6 1 6 3 7 5 3 1 6 3 7 6 3 2 1 7 5 1 6 3 7 5 3 1 6 0 6 6.
6. 6 6 6 3. 6 6 3. 6 6 3 1 1 3 6 3 6 1. 3 6 3 6 1. 3 6 3 6 1 1 1 x x 6 0 6 6 0 6 6. 0
6 0 6 6 0 6 6. 0 6 0 6 6 0 6 6 0 6 1 - - - - - 0 0 0 0 - 0 0 0 0 -
%END
