%一.txt
% 出处 https://www.jianpujia.com/
title=一
tag=刘德华
usertag=刘德华
tagroute=
transcriber=jianpu2-auto
status=ocr
source=jianpujia-386873
%--
4/4
subtitle=score
1 - - - q1 q1. 1' x x' qx - - 7 0 x' 5 6 5 3 5 3 1 1 1 6 5 0 2 2 1 2 3 1 1 2 5 6 5 3 5
3 1 1 1 3 0 3 2 3 5 3 2 1 2 - - - - - - - - - - - - - - - - - - - - - - - 5 6 5
3 5 3 1 1 1 6 5 0 2 2 1 2 3 5 3 2 1 5 6 5 3 5 3 1 1 1 6 5 0 0 0 0 0 1 1 1 6 5 1
1 1 0 1 1 1 1 1 6 5 1 1 1 0 1 1 6 5 5 5 6 5 3 3 - - 0 1 1 1 1 6 5 1 1 1 0 1 1 1
1 6 5 3 3. - - - 1 0 2 2 2 2 2 1 1 5. - - - 2 0 5 6 5 3 5 3 1 1 1 6 5 0 2 2 1 2 3
1 1 2 5 6 5 3 5 3 1 1 1 3 0 3 2 3 5 3 2 1 2 - - - - - - - - - - - - - - - - - -
- - - - - 5 6 5 3 5 3 1 1 1 6 5 0 2 2 1 2 3 5 3 2 1 5 6 5 3 5 3 1 1 1 6 5 0 3 2
3 2 1 2 3 3 1 1. 0 3 2 3 2 1 2 3 3 1 1 0 3 2 3 2 1 2 3 3 1 1. 2 3 3 1 1 1. 6 1. 6 1
0 3 2 3 2 1 2 3 3 1 1
%END
