%一半钢琴.txt
% 出处 https://www.jianpujia.com/
title=一半钢琴
tag=薛之谦,分类/钢琴谱
usertag=薛之谦,分类/钢琴谱
tagroute=
transcriber=jianpu2-auto
status=ocr
source=jianpujia-150281
todo=refine the filename
%--
4/4
subtitle=score
5 ,5 0 5 6 2 3 0 2 3 2 3 2 3 3 2 3 3. 5 2 1 2 1 5 1 2 2 3 3 5 0 1 1 1 3 3 3 2 2 2
3 1 qx 3 3 7 3 7 3 3 4 1 4 1 6 6 4 3 7 3 7 5 3 5 2 6 4 6 3 7 3 x - - - - - 0 0 -
0 0 0 1. 1. 1 6 6. 6 6 2 3 0 2 3 2 3 2 3 ~ 3 2 3 3. 3 5 3 5 3 5 3 6 ~ 6 7 6 3 5. 3 6
2. 2 3. 2 6 3 6 3 1 3 1 6 4 1 4 1 6 - 3 7 5 6 3 1 3 4 1 4 1 4 1 5 1 x - - - - - -
- - - - - - - x 2 5 2 2. 1 1 1' 1' 1 2 3 6 1 1 1. 1 7. 1 1 2 1 1 6. 6 0 6 6 3 5 5 - 0
7 7 3 6 3 7 5 7 6 3 1 2 6 4 6 3 7 5 6 3 6 3 1 3 6 3 7 3 7 5 7 5 7 x 0 - - - 0 0
0 0 - 0 - - 0 6 - 0 6 6 3 5 5 - 0 7 7 3 6 6 - 6 6 6 3 5 5 - 5 7 7 3 6 4 1 4 1 3
1 3 1 5 7 5 7 5 7 5 4 1 3 1 3 1 3 1 3 7 5 7 5 7 5 7 x - - - - - - - - - - - - -
- - x 3 7 3 6 - 0 6 6 3 5 5 - ,5 - 4 1 3 1 3 1 3 1 3 5 7 1 -
%END