%一千个伤心的理由钢琴_2.txt
% 出处 https://www.jianpujia.com/
title=一千个伤心的理由钢琴
tag=
usertag=
tagroute=
transcriber=jianpu2-auto
status=ocr
source=jianpujia-252727
%--
4/4
subtitle=score
1 - - x qx - - 7 2 x x x x 6 3 2 3 1 2 7 1 6 3 2 3 1 2 7 1 5 2 1 2 7 1 6 7 5 2 1
2 7 1 6 7 6 1 5 1 4 1 3 1 4 6 3 6 2 6 1 6 6 4 5 3 4 2 6 3 1 3 4 1 6 1 5 2 7 2 3
7 5 7 4 1 6 1 2 6 4 6 1. 7 1 7 6 7 - 6 3 2 3 1 2 7 1 6 3 2 3 1 2 7 1 5 2 1 2 7 1
6 7 5 2 1 2 7 1 6 7 6 6 4 5 3 6 3 1 3 3 3 7 1 2 3 6 3 1 3 4 1 6 1 5 2 7 2 3 7 5
7 x - - - - - - - - - - - - - 6 1 5 1 4 1 3 1 4 6 3 6 2 6 1 6 1. 7 1 7 6 7 0 3 3
2 0 3 6 7 1 1. 2 1 - - - - - - - - - - - - - - - - - - - - x 1 1 1 1 4 2 6 3 6 6
6 6 4 1 6 1 2 6 4 6 6 3 1 3 3 - 3 3 4 4 x 0 0 0 0 0 - x 1 0 x 7 6 5 6. 3 - 0 3 6
7 1 1. 2 7 6 5 2. 3. 1 2 3 3 2 1. 2. 7 1 ,7 ,7 1 1 1 1 1 ,7 ,7 1 1 1 1 ,7 ,7 5 5 5 6 6 6 6
5 5 5 5 6 6 5 5 ,2 ,2 ,1 1 ,7 ,3 ,3 ,4 ,4 ,2 ,2 ,3 ,3 ,3 ,3 ,2 ,2 x 1 4 x 2 2 7 5. 6. 3 4 1 1 1. 2
7 6 5 6. 7 - 0 3 3 2 0 3 6 7 1 1. 2 3 ,7 ,7 1 1 1 1 2 2 ,7 1 1 5 5 6 6 6 6 7 7 5 6 6
4 6 ,3 ,3 ,3 ,3 ,4 ,4 ,5 ,5 ,3 0 3 ,5 0 ,6 ,3 ,4 ,4 7 6 5 6. 3 - 0 3 6 7 1 1. 2 7 6 5 2. 3. 1 2 3
3 2 1. 2. 7 1 qx 2 1 1 2 3 1 7 1 5 7 1 6 6 4 6 5 7 1 1 6 6 5 5 5 5 1 0 3 1 7 6 3 4
4 5 5 1 5 6 3 5 2 1 - - x 2 2 3 3 2 2 2 3 2 2 7 5. 6. 3 4 1 1 1. 2 7 6 5 6. 6 3 2 3
1 2 7 1 6 6. 0 1 1 2 1 1 2 1. 7 0 7 7 1 qx q7 1 1 2 3 3. 3 5 6 6 4 6 5 7 6 1 1. 3 3 6
3 4 4 5 5 6 3 2 3 1 2 7 1 6 6. 0 1 5 1 3 5 1 5 3 5 2 5 7 2 5 2 7 1 - - - - - - -
- - - - - - - 2 6 4 4 3 3 5 5 6 5 4 3 3 3 2 2 2 3 2 2 3 2. 1 1 3 4 3 3 3 3 2 1 6
6 2 3 2 7 0 1 1 2 1 1 2 1. 7 0 7 7 1 2 6 2 4 6 2 6 4 6 3 6 1 3 6 3 1 1 5 1 3 5 1
5 3 6 3 6 1 3 6 3 1 4 1 1 4 1 6 5 2 5 7 2 1 5 1 3 5 1 5 3 5 2 5 7 2 5 2 7 3 0 4
4 3 3 5 5 6 5 4 3 2 2 3 2. 1 ,1 3 4 3 3 3 3 2 1 6 6' - 0 0 6 3 2 3 1 2 7 1 6 3 2 3
1 2 7 1 2 6 2 4 6 2 6 4 6 3 6 1 3 6 3 1 1 5 1 3 5 1 5 3 6 3 6 1 3 6 3 1 4 1 1 6
1 7 1 7 6 1 7 1. 2 5 2 1 2 7 1 6 7 5 2 1 2 7 1 6 7 6 1 5 1 4 1 4 1 4 6 3 6 2 6 1
6 1'. 5 - 0 3 3 2 7 6 ,5 5 - - ,6 ,7 1 2. 2 3. 3 ,3 - - x 3 7 x 1 6 5 6 4 5 3 4 2 7 6 5
4 3 2 1 7 6 5 4 3 2' 1 7. 7 1 7 6 7. 1 1 - - - - - - - - - - - - - - - 5. 5 ,6 ,7 1 2
- ,3 - - - 6 x 3 3 1 6 6 7 1 3 0 6 7 1 3 6 - - - 1 - - - - 1 x 3 1 1. 6 7 1 3 0 6
7 1 3 0 6 6 - - -
%END
