%一千个伤心的理由.txt
% 出处 https://www.qupu123.com/
title=一千个伤心的理由
tag=分类/通俗歌曲
usertag=分类/通俗歌曲
tagroute=
transcriber=jianpu2-auto
status=ocr
source=qupu123-1091
%--
4/4
subtitle=score
1 - - x 1 x x x' x' x 6 3. 2' 3' ,1' 2' 7 ,1' 6 3' 2' 3' 2' 7' 1' q5 q2' q2 q7 q6 q7 q5' q2' q,1' q2' q7 q6 q7 q6 q1
5 ,1 4 1 3 1 4 3 2 ,1 6 1 7 ,,1 7 6 ,7 1 q7 q,,1 q7 q6 ,7 3 2 1. 3 3 ,6 7 1 1 0 2 7 6 5 6 3 x
,1' q7 q,1' 6. 6 3 3 6 7 ,,1 ~ 1 0 2 ,7 6 5 5 2 3 ~ 3 0 1 2 3 3 q2 ,1 q2 ~ 2 0 q7 q,1 2 2 7 6 6.
0 3 4 ,,1 1 ~ ,1 2 ,7 6 5 6 7 7 0 x 3' 2' x. 4 ,1 ,,1 ~ ,1 2 7 6 6 5 6 6 0 0 ,,1 ,,1 2 3 3 q2 ,1
q2 2 q0 q2 2 3 1 1 4 1 4 3 2 3 3 3. 0 0 0 3 4 x 5 5 5 4 4 2 6 6 5 5 4 4 1 3 1 ,,1 1 1
2 3 2 2 0 1 1 2 3 3 q2 1 q2 2 q0 q2 q2 q3 4 4 3 2 3 3 0 3 4 5 5 4 3 6 6 5 5 q4 q4 q3 3 1
7 6 0 ,1 7 1 2 7 6 ,5 5 0 0 q6 ,7 1 1. 2 7 5 x 0 x x x 3 2 x ,6 0 0 0 0 1 1 2 1 1 ,7 6
6 1 ,7 1. 2 7 6 ,5 5 0 0 6 ,1 ,7 1 2 5 6 6 6 0 0 0
%END