%一去不回.txt
% 出处 http://www.fysongs.cn/songku_show.asp?id=20046
title=一去不回
tag=
usertag=
tagroute=
transcriber=jianpu2-auto
status=ocr
source=fysongs-20046
%--
2/4
subtitle=score
q1 - - qx - - q1 3 2 0 1' 1. x 1' 1 1 0 3 5 3 6 6 5 3 5 2 2 - 2 3 2 1 q6 - 5 6 1 3 3 5.
3 - 6 6 5 3 5 2 2 - 2 3 2 1 6 - 5 3 5 6 6 - 0 3 5 3 6 6 6 5 q2 x' x' x 1' x ,x' 6 5 6
6 0 0 0 6 1 6 1 1 1 1 1 6 2 3 3 0 0 3 5 3 2 2 2 1 2 2 0 7 7 7 7 6 ,6 0 5 7 7 7 5
5 6 7 6 ,6 0 0 3 5 3 6 6 6 5 6 5 6 6 0 0 0 ,6 1 ,6 1 1 1 1 1 ,6 2 3 3 0 0 3 5 3 2 2
2 1 2 2 0 ,3 ,7 1 ,7 ,6 ,6 0 ,3 7 7 6 5 5 6 7 6 ,6 0 0 3 5 3 6 6 6 5 6 6 0 3 5 3 3 2 3
3 0 6 2 2 2 2 2 1 2 3 3 - 0 3 5 3 6 6 6 5 6 3 0 7 7 6 5 3 5 5 0 6 1 1 6 5 3 5 6
6 - 0 3 5 3 6 6 6 5 6 6 0 3 5 3 3 2 3 3 0 6 2 2 2 2 2 1 2 3 3 - 0 3 5 3 6 6 6 5
6 6 0 7 7 6 5 3 5 5 0 6 1 1 6 5 3 5 6 6 - 6 0 5 5 3 2 1. 0 q6 1 2 2 3 2 1 3 3 2 1
2 3 3 5 3 3 - 2 1 1 1. 1 1 1 7 5 6 7 6 6 6 5 3 2 3 6 5 3 2 3 6 5 3 6 5 3 2 3 6 5
3 2 3 2 3 3 2 1 2 3 3 - 6 - 6 1 1 6 5 3 5 5 - 0 0 6 - 6 - 6 - 0 3 5 3 6 6 5 3 5
2 2 - 2 3 2 1 q6 - 5 6 1 3 3 5. 3 - 6 6 5 3 5 2 2 - 2 3 2 1 6 - 5 3 5 6 6 - 6 - 6
- 6 -
%END
