%一年一年.txt
% 出处 https://www.qupu123.com/
title=一年一年
tag=分类/通俗歌曲
usertag=分类/通俗歌曲
tagroute=
transcriber=jianpu2-auto
status=ocr
source=qupu123-334457
%--
4/4
subtitle=score
5. 1 2 1 - 6 1 0 6 3 5. 0 5. 1 2 6 - 5 6 0 5 3 2. 0 3. 5 5 3 6. 0 2. 3 3 7 q,6. 0 5 5 5 5
3 2 5 0 2 3 1 - - - x 3 5 0 3 2 1 0 - - - - - - - - - 2 2 0 1 6 5 0 5. 6 1 6 5 6
0 1 3 2 - - - - - - 1 0 - 0 - - - 3. 5 5 3 6. 0 2. 3 3 7 6. 0 5 5 5 5 3 2 5 0 2 3 -
- - - 1 - - - - 1 - - - - - - 1 - - - 5 1 1 2 1 1 7 6 6 1 1 3 6 5 6. 5 6 1 6 5 3
2 3 3 2 3 2 1 6 5 5. 5. 1 2 2 1. 6. 1 2 1 5 6 - 5. 5 6 1 6 5 3 5 2. 1 2 1 6 5 - 5. 1 2
1 6. 5. 6 6 3 2 2 - 3. 3 3 2 3 2 1 2 3 5 5 1 2 7 5 6 - 5 6 0 1 6 5 3 0 2 5 0 2 1 1
- 2. 5 2 1 1 - - -
%END