%一时的选择.txt
%一时的选择钢琴.txt
% 出处 https://www.jianpujia.com/
title=一时的选择
tag=林俊杰,分类/钢琴谱
usertag=林俊杰,分类/钢琴谱
tagroute=
transcriber=jianpu2-auto
status=ocr
source=jianpujia-383572
artist=林俊杰
%--
4/4
subtitle=score
5 5. 5 2 1 q7 3 5 1 6 6 ,7 3. 7 3 2 7 1 6. 6 7 5. 6 6 7. 5 3 2 1 5 3 5 5 4 1 4 3. 3 3 2.
6 5 4. 4 1 - - - - - - - x 1 2 4 4 4 4 3 4 4 3 4 1 4. 2 2 ,5 0 1 3 1 1 1 7 6 7 7 7
7 6 5 4 1 4 1 6 1 4 5 2 5 2 5 - 6 3 6 3 7 3 x 0 0 0 0 0 0 - 6. 1 1 1 6 7. 4. 6 6 5
4 3. 0 1 3 1 1 1 7 6 7. 7 7 1 6 7 6 6 ,5 ,4 1 2. 4 5. 4 1 4 1 5 1 6 3 6 3 7 3 4 1 4 1.
1 4 5. 1 - - - - - - - - - x 2 5 3 1 1 1 1 2 3 7 7 7 7 1 2 6 4 6 6 1 7 3 6 6 5 4
3 2 1 3 1 1 1 1 2 3' 3 3 2 0 1 6 3 6 3 7 3 4 1 4 1 5 1 6 3 6 3 7 3 x - - - - - -
1 1. 1 - 0 3 4 3. 2 7. 3 5 2. 3 3 2 1 0 5 4 1 4 5 1 ,5 4 4 1 5 2 ,7 3 3 6 1 1 7 2 1 -
- - - 1 x 6. 1. 1 7. 2. 0 2 2 1. 1 ,5 ,3 - 4 1 4 1 5 1 5 1 6 1 6 1 6 1 2 3 2 6 2 4 5 5
1 1 5 4 3 2 1 - 4 - - - x 0 0 0 - -
%END
