%一点点钢琴.txt
% 出处 https://www.jianpujia.com/
title=一点点钢琴
tag=周杰伦,分类/钢琴谱
usertag=周杰伦,分类/钢琴谱
tagroute=
transcriber=jianpu2-auto
status=ocr
source=jianpujia-380059
todo=refine the filename
artist=周杰伦
%--
4/4
subtitle=score
x 1 7 x 6 7 1 2 1 7 1 1 1 4 ,1 0 3 3 3 3 3 2 2 2 3 4 5 7 5 ,7 - 5 6 6 4 6 4 2 5 2
5 4 1 5 1 ,5 - 1 ,5. ,1 - 4 1 3 6 q7 4 7 4 3 7 2 7 q6 3 1 3 ,6 - - 0 6 7 4. 2 2 1 3 7 1
1 1 1 1 1 7 6 5 3 5 5 5 0 ,6 1 6 4 6 4 5 5 5 6 7 5 2 6 2 6 4 6 2 6 5 2 1 5 5 - 4
1 3 1 4 2 5 2 3 7 2 7 6 3 5 6 x - - - - - - - - - - - - - - x 2 5 x 1 5 5 5 5 7
4 7 2 2 3 3 3 0 1 3 7 1 1 1 1 1 1 7 6 5 3 5 3. 1 2 6 4 3 6 7 5 ,2 ,6 ,4 ,1 ,5 5. ,5 ,6 ,3
,6 ,,6' ,3 ,5 ,3 ,5 ,3 ,4 ,1 ,3 ,1 ,4 ,2 ,5 ,2 ,3 ,7 ,2 ,6 ,3 ,5 ,6 2 3 5 4 3 1 2 1 1 1 2 4 1 1 3 7 1 1
1 1 1 2 7 6 5 7 5 3 2 1 1 1 2 ,2 ,6 ,4 ,5 ,2 ,4 1 ,5. ,1 - ,4 1 - 2 ,4 - 2 ,3 3 ,5 3 ,6 0 x 3
3 x 3 4 3 1 2 1 1 1 7 5 1 1 7 5 1 1 7 5 1 1 7 5 1 7 5 1 1 7 5 1 1 7 5 1 1 7 5 1
7 5 1 1 7 5 1 1 7 5 1 1 7 5 ,2 ,4 2 6 4 5 - 1 5 3 5 2 5 1 5 4 1 5 1 4 1 5 1 1 5 3
5 2 5 1 5 x 0 - - - - 0 0 0 0 - - - -
%END
