%一生中最爱_2.txt
% 出处 https://www.qupu123.com/
title=一生中最爱
tag=
usertag=
tagroute=
transcriber=jianpu2-auto
status=ocr
source=qupu123-12679
%--
4/4
subtitle=score
0 5 5 5 5 5 5 4 3 5 5 5 5 5 4 3 2 ,1 1 1 0 0 5 5 4 4 4 4 3 2 4 4 4 4 4 3 2 3 2 2
2 6 7 ,5 0 3 0 7 1' - 5 3 2 1 - q0 1 2 1. 5 1 2 - 0 0 3 2. 2 - 0 0 0 0 5 3'. 5 2'. 5 ,1' ~
,1' ~ ,1' ~ ,1' ,1' 3 7 7 0 5 6 ,1' 5 ,1 5 3 2 1 ,6 1 2 3. 2. 5 3'. 5 2'. q5 ,1' ,1' ,1' 1' 3 7 7. 5 6 6 ,1'
q5 q1 5 6 3' 2 1 2 5. 0 3 2 1 - - 0 0 0 0 5 5 5 5 5 5 4 3 5 5 5 5 5 0 0 0 4 3 2 - -
1 1 - - - 1 - - - 1
%END
