%一起走过的日子钢琴.txt
% 出处 https://www.jianpujia.com/
title=一起走过的日子钢琴
tag=
usertag=
tagroute=
transcriber=jianpu2-auto
status=ocr
source=jianpujia-246225
todo=refine the filename
%--
4/4
subtitle=score
q1 - - 4 qx - - x 5 1 qx x. x. ,x x 1 x 6 6. 7 1. 6 3 2 2 1 2 6 2 - 7 7 7 7 7 6 5. 5 6 7
1 6 6 6 6 5 6 - - - - - - - - - - - - - - - - 6 3 1 3 6 3 1 3 6 1 6 2 4 7 2 4 7
2 4 7 7 5 7 3 7 5 3 7 3 1 6 1 3 6 1 3 6 1 3 6 - - - - - - 0 0 0 0 - - - - - - 0
0 0 0 3 6 3 4 7 7 7 3 4 6 1 x 1 3 1 2 4 5 5 1 2 3 x x x x 6 - 1 - 6 6 2 - 3 - 3
- 6 6 1 - 1 1 1 x 5 x ,6 6. 7 1. 6 3 2 2 1 2 6 2 - 5 5 5 5 5 2 5 6 5 6 5 3 - - - 2
,6 ,4 ,6 3 1 ,6 1 3 1 ,7 2 4 7 2 4 7 2 4 7 5 3 ,7 5 3 5 3 1 3 3 5 7 2 5 7 3 5 7 3 5 7
3 5 7 3 6 6 3 4 7 7 3 1 7 1 x 4 3 1 2 4 5 7 6 5 x x x 1 2 - 1 - 6 6 2 - 3 - 5 3
3 - - - 1 1 1 x x 6 6 6 3 6. 5 3 3 2 2 1 2 q6 2 - 5 5 5 5 5 2 5 6 5 6 5 3 - - - 1
6 3 1 3 6 3 1 5 3 1 ,6 2 4 7 2 4 7 2 4 7 5 3 ,7 5 3 5 3 1 3 3 5 7 3 5 7 3 5 7 3 5
7 3 5 7 3 3 6 ,3 ,4 ,7 ,7 ,3 ,1 ,7 ,1 ,3 q,1 q,2 q,4 q,5 q,7 q,6 q,5 6 - 1 - 6 6 2 - 3 - 5 3 3 - - - 1
1 1
%END
