%一路上有你钢琴.txt
% 出处 https://www.jianpujia.com/
title=一路上有你钢琴
tag=分类/钢琴谱
usertag=分类/钢琴谱
tagroute=
transcriber=jianpu2-auto
status=ocr
source=jianpujia-148648
todo=refine the filename
%--
4/4
subtitle=score
2. 5 5 3 3 0 5 5 4 1 1 - 2. 5 5 3 3 - 5 - - 0 q5 1 5 1 5 3 - 4 1 4 1 ,6 - 1 5 1 5 3
- 5 2 5 2 ,7 - 2 1 1 1 1 2 3 5 3 3 3 0 5 1 1 7 7 6 3 3 3 - - 0 3 2 1 1 1 ,6 1 ,6 1
1 5 1 5 3 3 7 3 7 5 4 1 4 1 6 3 7 3 7 5 4 1 4 1 6 x 1 - - - - - - - - - - 2 2 6
6 5 ,5 2 2 3 6 6 5 6 1 1 - - 0 5 2 1 1 1 6 6 5 1 2 6 2 6 4 - 5 2 5 2 7 - 1 5 1 5
3 - 4 1 4 1 6 - x 0 - - - 0 - 1 - - x 1 4 x 1 5 2 3 - - 2 2 3 4 4 3 2 1 1 1 1 0
0 0 2 2 5 5 1 1 5 1 5 3 - 4 1 4 1 5 2 5 2 1 5 1 5 3 - 5 2 5 2 7 - x - - - - - -
- - - - x 1 x 6 5 5 5 6 1 1 1 1 6 6 5 5 6 2 3 3 2 2 - - 0 2 2 2 3 2 1 6 3 6 3 1
- 4 1 4 1 6 - 5 2 5 2 7 - 3 7 3 7 5 - 2 1 5 6 7 1 1 1 1 1 6 2 2 - - - 2 - 0 3 2
1 x 6 3 6 3 1 - 4 1 4 1 6 - 5 2 5 2 7 - 5 2 5 2 7 - x 0 - - 0 0 - - 0
%END
