%丁香花1.txt
% 出处 http://www.fysongs.cn/songku_show.asp?id=21974
title=丁香花1
tag=
usertag=
tagroute=
confidence=0.968
conf_p10=0.887
transcriber=jianpu2-auto
status=ocr
source=fysongs-21974
%--
3/4
subtitle=score
x 3 6 3 3 3 q6 3 5 1 7 q6 3 6 6 3 3 q,6 3 2. 5 2 3 q2 3 q7 3 6 3 6 3 3 x ,3 3 2 3 2 2 3
3 - ,1 2 3 ,1 ,6 q1 ,6 ,6 - ,6 1 1 q,6 1 q2 2 - 4 4 4 1 1 2 3 0 ,3 3 2 3 2 2 3 3 0 ,3 3 2 3
2 1 ,6 ,6 - - ,6 1 ,1 ,6 1 2 2 - 0 3 4 4 4 1 2 3 3 q2 q1 q2 1 q2 3 2 - - 1 3 3 2 2 q1 1 ,6
,6. ,3 1 1 1 1 q1 ,6 1 - - ,7 ,7 ,7 ,7 ,7 q,6 ,7 - - 3 6 3 5 6 6 1 6 5 6 q5 3 q2 3 - 3 2 2 3 6
6 1 1 3 6 6 3 7 7 - 0 3 6 3 5 6 0 6 6 1 6 5 6 5 3 2 3 - ,6 3 2 2 3 3 3 ,6 ,6 ,7 ,7 ,7
2 1 ,7 ~ ,7 ,6 0 0 0 x 1 2 3 3 2 1 ,7. 1 2 2 ,6 6 3 5 - ,1 q2 2 1 3 - 4 - 4 5 5. 6 5 q2 3
q2 3 3 2 3 1 - 3. 2 3 6 5 - 2 q1 ,7. q2 1 ,7 ,6 - - ,6 - x 0 ,3 0 0 0 ,6 3 q2 q3 2 2 3 3 - 1
2 3 2 2 1 q1 - ,6 1 1 1 q2 2 - ,7 ,7 ,7 2 1 ,7 ,7 q,6 ,6 0 0 x 3 6 3 6 3 6 3 3 6 q5 7 6 6 3
6 3 3 3 6 3 2. 5 2 3 2 3 7 3 6 - x
%END
