%万水千山总是情_2.txt
% 出处 https://www.qupu123.com/
title=万水千山总是情
tag=
usertag=
tagroute=
transcriber=jianpu2-auto
status=ocr
source=qupu123-192519
%--
4/4
subtitle=score
1. 6 1' 2 1' 6 5. 3 5 5 6 5 3 2 2. 3 2. 1 ,6 2 2. 3 2. 1 ,6 1 1 3 4 5 5 6 5 3 2 1. 3 2 1 ,6
,6 ,5 1 2 3 5 6 3 2 0 0 3 4 5. 5 6 5 3 2 1. 3 2 1 ,6 ,6 ,5 1 3 2. 1 ,6 1 1 0 0 3 5 6 1 6
4 5 6 5 3 5 3 5 6 1 1 6 5 3 2 0 0 3 4 5. 5 6 5 3 2 1. 3 2 1 ,6 ,6 ,5 1 3 2'. 1' ,6 1 1. 3
4 5. 5 6 5 3 2 1. 3 2 1 ,6 ,6 ,5 1 3 2. 1 ,6 1 1 3 4. 1 ,6 ,5 1 3 2'. 1' ,6 1 1
%END
