%三代情缘.txt
% 出处 https://www.qupu123.com/
title=三代情缘
tag=分类/通俗歌曲
usertag=分类/通俗歌曲
tagroute=
transcriber=jianpu2-auto
status=ocr
source=qupu123-311063
%--
4/4
subtitle=score
5 5 ,1 1 1 1 - 3 5 6 5 - 6 5 6 x. 6 6. 5 1 x 6 ,6 3 2 2 - - 5 ,,1 3 3. 3. 5 1 x 1 2 3 3
,5 ,6 ,5 3 2 3 ,6 1 ,1 2 ,1 3 3. 3. 5 2 q3 2 ,,1 1 - 3 5 6 6. 6 3 6 5 5 - - 6 5 3 3. 3. 5 ,6 2
2 - - 3 5 2 2. 2. ,5 6 ,,1 1 - x 3 5 6 1 - - 2 6 6 - - 5 6 ,,1' 5 2 2 1 ,1 2 3 5 5 7. 0 6
5 6 1 4 4. 2 ,1 2 3 2 5 5 5 5 2 ,1 2 1' ,5 q6 3 2 2 2. 3 2 5 6 ,,1 1 5 ,,1' 1 5 6 5 6 5 1 6.
6. 5 ,6 3 2 2 5 3 ,1 3 3. 5 ,1 2 3 ,5 ,6 ,1 1 2 1 2 3 2 1 - - ,1 6 1. 1 ,5 ,6 ,1 ,1 2 ,1 2 ,5 2
1 - 1 -
%END
