%三寸天堂_2.txt
% 出处 http://www.fysongs.cn/songku_show.asp?id=41110
title=三寸天堂
tag=
usertag=
tagroute=
transcriber=jianpu2-auto
status=ocr
source=fysongs-41110
%--
4/4
subtitle=score
x 0 5 2 3 0 5 2 3 3 ,5 ,5 0 5 2 3 5 3 ,6 2 3 5 3 q3 q5 ,5 q0 q2 q3 q5 ,6 ,7 2 3 5 ,7 ,5 3 2 3
5 1 ,7 2 1 - 1 0 ,6 q7 q1 ~ 1 ,7 1 2 ,7 ,5 ,6 ,6 0 0 ,6 ,7 1 ,7 1 q7 q6 ,6 0 0 0 ,6 7 q1 1 ,7 1 2
3 2 2 ,5 ,6 - 0 6 3 2 ,7 q5 q5 6 ,6 0 0 0 3 2 1 ,7 1 ,7 1 ,7 ,6 5 6 ,6 0 0 3 2 1 7 1 q5 q5 2
q3 q2 3 - 0 6 5 2 0 2 1 ,7 ,7 1 ,7 ,6 ,6 0 ,6 3 2 ,7 q7 1 1 ,7 ,6 q3 5 6 0 6 5 2 1 2 3 5 2 3
1 3 5 6 6 5 2 1 2 2 3 3 - 3 5 6 6 5 2 1 2 3 5 5 2 1 3 2 ,6 3 2 1 ,7 ,6 - - x 0 3 5
3 2 q3 q2 ,6 - 0 5 2 3 ,5 - 0 1 1 2 ,6 1 2 5 3 ,5 ,6 2 q1 ,6 - 2 3 5 3 2 ,5 ,5 0 0 0 2 3 3
,5 ,5 - x. ,7 ,6 - 0 0 0 0 0 x 6 7 1 2 7 1 2 3 7 1 2 3 x 3 5 6 3 3 2 1 2 2 3 3 - 0 0
0 3 5 6 q0 q6 q5 q2 q1 q2 q3 q5 q2 q3 1 q3 q5 6 q0 1 7 6 5 2 2 3 3 3 5 6 6 5 2 1 2 3 5 5 2 1
3 2 ,6 q3 3 2 1 ,7 ,7 ,6 ,6 - 3 2 ,6 3 0 2 2 1 ,7 1 1 - ,7 ,6 ,6 - x 3 5 2 3 3 ,6 0 5 2 3 q3
,5 q0 q5 q2 q2 ,6 ,5 ,5 - - ,6 - - x
%END
