%三峡·我思念你.txt
% 出处 https://www.qupu123.com/
title=三峡·我思念你
tag=分类/合唱
usertag=分类/合唱
tagroute=
transcriber=jianpu2-auto
status=ocr
source=qupu123-331411
%--
4/4
subtitle=score
3 5 2 3. 3. q2 1 2 6 2. 2 3. 3 3 7 7. 7 5. 6 6 6 6 3 5 3 3 - ,1 2 q1 ,6 ,6 6 ,1' q6 6 5 6 5 3
3 2 3 5 6 1' 1' - 6 ,1' 6 6 - 6 0 0 ,1 2 1 ,6 ,6 0 0 0 0 0 0 5 6 5 3 3 0 0 0 0 0 0 0 0
0 0 0 0 5 6 6 5 3 0 0 0 0 1'. 2' 1' 6. 1' 5 6 1' 6 - - 3 5 2 3. 3'. 2 1 2 6 2. 2 1 - - - 0
0 0 0 3. 0 0 0 0 0 0 0 0 6. 1' 5 3 0 0 0 0 0 3. 5 ,,5 5 3 3. 7 ,7 ,6. 0 6 - 3 5 ,3 3 2 3 2
2 - ,1 2 ,1 ,,6 ,6 0 0 0 0 0 0 0 0 0 0 7 6 7 6 6 0 0 0 0 0 0 0 0 0 0 1 2 ,1 6
%END
