%三峡故事_2.txt
% 出处 https://www.qupu123.com/
title=三峡故事
tag=分类/合唱
usertag=分类/合唱
tagroute=
transcriber=jianpu2-auto
status=ocr
source=qupu123-331419
%--
4/4
subtitle=score
1'. q6 2'. 1' 1. 1' 1' 6. 2' 1'. 3 6 6 x x x x x x x x x x x x x x x x x x x x x x x 7 x x x
x x x x x 1 6 6 6 6 q1 q6 q6 q6 q6 q6 1 q6 6 6 6 5 6 1' 6 5 3 2 3 3 ,6 ,6 ,6 ,6 1 ,6 ,6 ,6 ,6 ,6
,1 ,6 ,6 6 6 2 3 5 3 ,6 ,6 1 1 3 3 6 5 3 2 2 3 2 1 ,6 3 6 5 2 3 2 1 ,5 6 1 2 1 ,6 3 2 x
1 1 q3 2 ,1 ,6 ,6 1 ,6 ,6 1 3 2 ,6 ,6 ,5 ,3 ,6 1 6 5 3 3 1. 1' 6 2'. 1' 1. 1' 1' x ,6 ,6 0 6 6 1' 6 4
6 0 0 6 6 1' 6 3 6 0 1 1 1 ,6 - ,6 0 3 3 6 3 2 4 q0 q0 3 3 6 3 1 3 0 3 2 3 5 6 q1' 6 q5
3. 6 5 3 3. 6 5 6 2. 1 3 q3 3 1 1 1. 6 1 ,7. 0 0 0 ,6 ,6 ,6 1 1 1 ,5 ,5 ,6 3 ,6 ,5. 0 0 q0 ,4 ,4 5
3 5 6 q2' 1 6 6 5 3 6. 1' 5 6. 6. 1 4 6 6 4 4 3 q1 4. 5 2 3. 3. ,5 2 4 4 2 2 1 2 1 1 x 6. 2
3 5 3 3 3 2 - 3 3 - 3 7 7 2 7 ,7 ,7. ,5 ,6 ,1 ,6. ,6 ,6 1 5 5 7 5 ,5 ,5. ,5 ,6 1 ,6. ,6 ,6 - x. x x
7 x x x x x x x x x x x x q5 q6 q1' q6 q1' q6 1' 6 5 6 ,1 6 1 6 1' 6 5 6 q1 6 ,1 6 q1 6 5 q6 ,1
6 ,1 6 1 6 x ,6 ,6 1 q,6 q,6 ,6 q1 ,6 ,6 6 6 5 6 q1' 6 5 3 2 3 - 3 s6 q6 q1 q6 6 6 q1 6 6 6 6 q2 q3
q5 3 6 6 1 - 1 2 6
%END
