%三月和六月.txt
% 出处 http://www.fysongs.cn/songku_show.asp?id=31888
title=三月和六月
tag=
usertag=
tagroute=
confidence=0.889
conf_p10=0.618
transcriber=jianpu2-auto
status=ocr
source=fysongs-31888
%--
4/4
subtitle=score
0 2. 0 2 3 3' x 3 3 0 2. 2 3 1 3 0 2. 3 ,1 2 1 ,7 1 ,3 0 3 ,7. q2 ,1 ,7 ,7' 0 ,6 - - 0 1. 1 2 3
3' 1 3 - - 0 3 7. 3 5 6 6 7' 6 x 0 3 1 6 7 7 7 5 6 5 4 4 - 0 q6 7 ,1 7 0 0 2. ,3 4 3 2'
,6 2. 3 4' 4 0 q4 x 3 - - 6 2. 3 4 3 2 ,6 - - 3 0 ,3 4 ,1 2 ,1 0 x x' - 1 1 ,7'. 2 ,1 0 ,7 ,7 7
x 3 0 7 0 0 x 5 ,5 x ,6 2 1 4 3 0 ,x x q3 7 5 2 ,x 2 0 3. 0 5. 2 2 3 ,6 2 3 x 4. 3 0 6 -
0 6 6 5 4 2 3 3 x 4 3 0 6 7 ,1 2 3 2 1 2 0 ,7. ,5' ,5 ,3 1 7 0 - x 0 6 2 1 4. 3 0 3 3 7
4. 0 3 ,x 3 6 ,1 ,7 ,1 2 1 0 0 0 x ,3 0 0 - 0 x 0 ,7. ,1' 5 3 ,1 7 ,7. 1' 5 3 1 7 ,6 x - -
%END
