%下雨了钢琴_2.txt
% 出处 https://www.jianpujia.com/
title=下雨了钢琴
tag=
usertag=
tagroute=
transcriber=jianpu2-auto
status=ocr
source=jianpujia-149011
%--
4/4
subtitle=score
0 0 7 1 5 5. 0 0 7 1 5 5. 0 0 7 1 1 1 ,1 - 0 0 ,6 - 0 0 6 7 1 3 0 0 5 - 0 0 0 0 0 0
6 1 5 5 5 - 0 0 0 0 0 4 2 - 0 0 0 0 0 0 0 2 5 5 6 5 - 0 0 0 7 2 2 1 7 3 1 5 0 0
0 0 0 0 0 6 3 6 7 1 - x - - - 3 - 0 0 0 0 0 0 0 0 0 0 0 0 0 0 ,1 ,1 ,7 ,2 ,2 - 0 0 0
0 1 3 x 0 0 0 0 5 2 0 1 5 0 0 3 1 - 0 0 ,6 ,3 ,6 ,7 1. 3 0 0 0 0 ,6 ,3 ,6 1 1 - 7 5 - 0
0 7. 5. 5 2. 1 - 0 0 5 2 5 2 2 - 5 2 5 7 2 - 6 3 6 7 1 2 3 x - - - - - - - 1 3 1 -
0 0 0 0 0 0 0 0 0 6 1 5 1 1 7 1 6 6 - 5 1 5 1 1 - 1 5 1 2 2 - x - - - - - x 6 5
0 0 0 0 3 - 0 0 2 - 0 0 7 1 ,5 - ,5 - ,6 ,3 ,6 ,7 1 2 3 ,5 ,2 ,5 ,6 ,7 1 2 x 5 1 - 0 0 6 1
- 0 0 1. 1. 3 4 5 6 1 1 5 1 5 ,1 - 6 3 6 1 1 - 2 6 ,2 ,6 - 2 2 5 7 5 5 3 3 3 2 7 1 5
7 0 0 2 1 5 5 1 1 1 1 ,6 5 2 ,5 ,2 ,5 1 5 ,1 ,5 - ,1 - 0 0 x 3 1 6 5 3 - 0 0 2 - 5 6 7
2 5 - 0 0 6 3 6 7 1 2 3 5 2 5 6 7 2 2 1 5 1 2 3 - x - - - - - - - - 3 4 x 0 0 ,1
1 - 0 0 0 0 0 5 6 - 0 0 1 5 1 2 2 - 6 3 6 3 7 3 1 3 0 0 0 0 3 7 1 2 q,5 1 1 6 5 5
2 5 6 3 0 0 1 5 1 5 1 5 2 5 1 5 1 5 1 5 2 5 6 3 6 7 1 2 3 4 0 x 5 2 - 0 0 1. 1. 5
1 1 - ,6 1 - 1 - 5 2 5 6 7 2 5 1 5 1 1 5 - 6 3 6 1 1 - x 0 - 0 - - - 0 4 3 2 4. 5
7 5 1. 3 4 5 6 1 2 7 1 5 7 0 0 5 1 5 5 1 ,2 ,5 2 6 2 6 - 5 2 5 2 5 1 5 1 1 3 - x -
- - - 3 3 3 6 5 1 1 1 ,6 3 - 0 0 2 - 5 6 7 2 ,1 - 0 0 6 3 6 7 1 2 3 5 2 5 6 7 2 2
5 - 0 0 0 0 1 - 0 0 0 0 1 5 1 2 3 - 1 5 1 2 2 - 6 3 6 3 7 3 1 3 5 1 0 5 6 - 0 0
0 5' 1 5 2' 0 0 5 ,3 ,7 5 0 0 0 0 0 1 5 1 2 3 5 1 2 1 5 2 5 3 5 1 2 5 1 x 0 5 ,1 ,5 1
- 0 3 1 - 0 1 5 1 2 3 5 2 5 ,5 ,1 - 0
%END
