%下雨了.txt
%下雨了钢琴.txt
% 出处 https://www.jianpujia.com/
title=下雨了
tag=薛之谦,分类/钢琴谱
usertag=薛之谦,分类/钢琴谱
tagroute=
transcriber=jianpu2-auto
status=ocr
source=jianpujia-149011
artist=薛之谦
%--
4/4
subtitle=score
7 5 - 0 0 7. 5. 5 2. 1 - 0 0 5 2 5 2 2 - 5 2 5 7 2 - 6 3 6 7 1 2 3 x - - - - - - -
1 3 1 - 0 0 0 0 0 0 0 0 0 6 1 5 1 1 7 1 6 6 - 5 1 5 1 1 - 1 5 1 2 2 - x - - - -
- x 6 5 0 0 0 0 3 - 0 0 2 - 0 0 7 1 ,5 - ,5 - ,6 ,3 ,6 ,7 1 2 3 ,5 ,2 ,5 ,6 ,7 1 2 x 5 1 -
0 0 6 1 - 0 0 1. 1. 3 4 5 6 1 1 5 1 5 ,1 - 6 3 6 1 1 - 2 6 ,2 ,6 - 2 2 5 7 5 5 3 3 3
2 7 1 5 7 0 0 2 1 5 5 1 1 1 1 ,6 5 2 ,5 ,2 ,5 1 5 ,1 ,5 - ,1 - 0 0 x 3 1 6 5 3 - 0 0 2
- 5 6 7 2 5 - 0 0 6 3 6 7 1 2 3 5 2 5 6 7 2 2 1 5 1 2 3 - x - - - - - - - -
%END
