%不会改变.txt
% 出处 http://www.fysongs.cn/songku_show.asp?id=49287
title=不会改变
tag=
usertag=
tagroute=
confidence=0.987
conf_p10=0.996
transcriber=jianpu2-auto
status=ocr
source=fysongs-49287
%--
4/4
subtitle=score
- - 6 x. x' x x 1 2 3 - - q1 q2 3 - - 5 2 - 3 2 q1 ,6 - - q1 q2 3 - - 1 2 3 - - 5 2 - 3
2 1 ,6 - - 0 0 3 5 3 5 3 5 6 3 - 0 0 0 2 2 2 2 2 3 2 1 ,6 ,6 0 0 0 3 5 3 5 3 5 6 3
- 0 2 q3 q2 2 2 0 2 2 1 1 6 ,6 0 0 0 3 5 3 5 3 5 6 3 - 0 0 0 0 5 2 2 2 2 3 2 1 ,6 ,6
0 0 0 3 5 3 5 3 5 6 3 - 0 2 3 2 2 2 0 2 2 1 1 ,6 ,6 0 2 3 2 2 2 0 2 2 ,5 ,5 ,6 ,6 0 0
0 3 6 7 7 6 7 6 ~ 6 - 0 0 6 6 6 6 5 6 5 2 3 ~ 3 0 0 0 3 3 3 3 3 3 3 5 q2 ~ 2 0 0
0 2 2 q2 q5 q5 q5 q3 3 - 0 0 q0 3 6 7 7 6 7 6 6 - 0 0 6 6 6 6 5 6 5 2 3 3 0 0 0 3 3 3
3 5 ,1 2 - 0 3 2 ,1 ,1 6 ,6 0 2 3 1 2 2 0 3 2 1 q1 q6 ,6 0 0 0 0 0 1 q2 3 - - 1 2 3 - -
5 2 - 3 2 1 ,6 - - 1 2 3 - - 1 2 3 - - 5 2 - 3 2 1 ,6 - - - x'. q1 6 ~ ,6 0 2 3 1 2 2
0 0 0 0 q2 1 1 6 ,6 - 0 0 0 0 0 0
%END
