%不再犹豫钢琴.txt
% 出处 https://www.jianpujia.com/
title=不再犹豫钢琴
tag=Beyond,分类/钢琴谱
usertag=Beyond,分类/钢琴谱
tagroute=
transcriber=jianpu2-auto
status=ocr
source=jianpujia-250184
todo=refine the filename
%--
4/4
subtitle=score
0 0 0 3 5 6 6 6 6 7 6 5 3 5 5 5 - - - 2 2 3 3 3 3 2 2 5 ,1 - ,7 5 - 6 ,1 - 6 ,1 - 6
,1 - 6 ,1 - ,7 5 - ,7 5 - x 1 1 1 0 0 6 7 1 1 - - - 7 - 0 5 5 6 7 6 6 5 3 x 2 2 5 ,1
- ,7 5 - ,1 1 1 1 ,1 1 1 1 5 ,2 ,7 5 ,2 5 ,7 5 6 ,3 6 1 ,3 6 6 1 x 1 x 1 3 - 0 5 5 6 4 4
4 3 3 2 1 2 3 - 3 4 3 2 ,7' ,3 ,5' ,3 ,7' ,3 ,5' ,3 ,6' ,2 ,4' ,2 ,6' ,2 ,4' ,2 ,4 ,1 ,6 ,4 ,4 ,1 ,6 ,4 ,2 ,5 ,7 ,5
,5 ,2 ,7 ,5 2 0 6 7 1 1 - - - 7 - 0 5 5 6 7 6 6 5 3 3 - 0 5 5 ,2 ,5 ,7 ,5 ,5 ,2 ,7 ,5 ,1 ,1 1
1 ,1 ,1 1 1 ,5 ,2 ,7 ,5 ,5 ,2 ,7 ,5 ,3 ,6 ,6 1 ,3 ,6 ,6 1 ,7 ,3 ,5 ,3 ,7 ,3 ,5 ,3 x x 6 4 4 4 3 3 2 1 2
3 - 3 4 3 2 2 0 3 2 1 1 - - - ,3 2 ,4 2 ,3 2 ,4 2 4 ,1 ,6 4 4 ,1 ,6 4 ,2 5 ,7 5 5 ,2 ,7 5 5
,1 - - - ,1 1 - - - x 1 x x
%END
