%不潮不用花钱钢琴_2.txt
% 出处 https://www.jianpujia.com/
title=不潮不用花钱钢琴
tag=
usertag=
tagroute=
transcriber=jianpu2-auto
status=ocr
source=jianpujia-377981
%--
4/4
subtitle=score
1 - - q1 4 q1 - - q1 q1 x. x. x. 1. 1. 0 0 2 3 2 1 2 2 2 3 2 1 2 2 2 3 2 1 2. 1 1 - 0 0 0
0 4 4 4 4 5 5 5 5 6 6 6 6 x x x x 5 0 0 2 3 2 1 2 2 2 3 2 1 2 2 2 3 2 1 7. 1 0 7
1 6 6 6 6 4 4 4 4 5 5 5 5 6 6 6 6 x 1 1 1 1 - 0 0 7 1 7 1 0 7 1 7 1 7 1 0 7 1 7
1 7 1 0 2 1 1 - 0 0 7 1 7 1 0 7 1 7 1 7 1 0 7 1 7 1 7 1 0 2 1 6 6 6 6 4 4 4 4 5
5 5 5 6 6 6 6 x x x x 1 - 6 7 1 2 3 6 2 0 3 1 1 7 6 0 5 6 6 3. 0 0 x x x 1 0 0 6
7 1 2 3 6 2 0 3 1 1 7 6 0 5 5 5 3. 0 0 6 6 6 6 4 4 4 4 5 5 5 5 6 6 6 6 1 1 x 1 x
2 5 6 3 2 3 2 1 2 2 2 3 2 1 2 2 2 3 2 1 2 6 1 0 5 3 6 6 6 6 4 4 4 4 5 5 5 5 6 6
6 6 1 x x 1 3 - 2 3 2 1 2 2 2 3 2 1 2 2 2 3 2 1 2 6 6 6 - 6 6 6 6 4 4 4 4 5 5 5
5 6 6 6 6 1 1 1 1 x 3 3 0 0 2 3 2 1 2 2 2 3 2 1 2 2 2 3 2 1 7. 1 1 - 6 6 6 6 4 4
4 4 5 5 5 5 6 6 6 6 x 1 1 1 0 0 2 3 2 1 2 2 2 3 2 1 2 2 2 3 2 1 7. 1 1 - x x 1 x
1 - 0 0 7' 0 0 0 0 0 0 0 0 0 0 0 0 1 0 0 0 0 0 0 0 0 0 0 0 0 0 0 0 0 1 1 1 x 1 0
0 0 0 0 0 0 0 0 0 0 0 0 0 0 0 1 x x x 1 x 5 3 0 0 0 0 0 0 0 0 0 0 0 0 0 0 0 0 1
1 1 1 1 x 0 0 0 0 6 3 2 3 2 1 2 2 2 3 2 1 2 2 2 3 2 1 1 1 x x x 2 6 1 0 5 3 3 -
2 3 2 1 2 2 2 3 2 1 2 2 5 4 3 4 1 x 1 1 1 1 6 6 6 - 0 0 2 3 2 1 2 2 0 0 2 2 2 3
2 1 1 1 1 1 1 2 3 3 3 - 0 0 2 3 2 1 2 2 0 0 2 2 2 3 2 1 6 6 6 6 6 6 6 6 4 4 4 4
5 5 5 5 1 1 x 1 2 3 3 3 - 0 0 2 3 2 1 2 2 0 0 2 2 2 3 2 1 6 6 6 6 6 6 6 6 4 4 4
4 5 5 5 5 1 x x x x 7 7 1 6 6 6 - 0 0 2 3 2 1 2 2 2 3 2 1 2 2 2 3 2 1 6 6 6 6 6
6 6 6 4 4 4 4 5 5 5 5 1 1 1 1 7. 1 0 7 1 1 - - - 1 1 1 3 3 6 - - - 6 - - - x x x
%END
