%不懂钢琴.txt
% 出处 https://www.jianpujia.com/
title=不懂钢琴
tag=林俊杰,分类/钢琴谱
usertag=林俊杰,分类/钢琴谱
tagroute=
transcriber=jianpu2-auto
status=ocr
source=jianpujia-377896
todo=refine the filename
%--
4/4
subtitle=score
,1 ,1 ,1 ,1 ,1 0 1 ,1 ,1 ,2 ,3 ,5 ,7 ,5 q4 1 1 1 4 q3 1 1 1 3 q2 1 2 1 4 4 q5 1 6 q7 2 5 1. 1 3 2
1 5 q7 2 7 2 1 7 7 ,7. ,6 ,6 ,5 ,5 1 x 1 5 5. 1 1 2. 5 5 2 3 5 x 6 1 5 2 2. 5 5 5. 4 4 1 2
4 5 1 2 1 1 7. 1 1 2. 1 1 6 1 2 5 3 4 1. 4 - - 0 0 - - 0 0 ,6. 0 3 3 3. 7 q3 ,4. 5 5 ,6 ,6
,2 - ,5 - 2 2 q1 - - 6 6 7 3 7 3 5 5 5 5. 0 1 7 3 6 0 1 7 3 3 3 0 2 2 2 3 3 0 2 3. 1
4 7 1 3 6 0 4 7 1 3 6 0 1 5 1 1 1 1 5 1 2 5 3 1 2 x - - - - - - - - - - - - - 2
4 1 - - 3. 3 3 ,3. ,3 3 3 0 1 7 3 6 0 2 1 6 7 3 7 3 0 5 2 5. 2. 5 3 5 3 3 5 2 5 7. 3. 6
3 7 3 3. 2. 3 1 7 3 6 3 4 7 1 3 6 0 4 7 1 3 6 0 1 5 1 2 2 5 1 5 1 2 0 4 1 4 4 4 1
4 1 4 4 1 6 5 x - - - - - - - - - - - - - - - - - - - - 2 7 3 3 3 ,3. ,3 3 3 6. 5 5
6 6 4. 5 3 5 3 7 6 7 2. 1 7 6 2. 2 2 6 5 4 4 4 4 4 2. 2 2 1 3 3 3 3 3 3 3 3. 3 3 3 6.
6 6 2 2 1 1 1 1 1 1. 1 1 - 1 - - - - - 0 - - - - - - 1 1. 1 1 1 5 1 3 1 2 2 5 2 2
6 4 2 4 1 6 1 6 1 4 1 6 6 5 1 1 1 1 5 2 3 1 1 3 0 4. 2. 1. 5 4 2 5 4 2 1 - - ,5 ,3 ,2
,5 ,3 ,2 ,5 ,2 ,5 ,2 ,5 ,2 ,5 ,2 ,5 ,3 ,7 ,5. ,3. ,7. ,7. 1 1 - ,1 ,1 ,7 ,7 ,1 ,1 ,5 ,5. 7 1 7 7 1 1 - 1. 1 5 7.
7 6 6. 6 5 5 - x 0 - - - - - - - -
%END