%不稳定的爱.txt
% 出处 http://www.fysongs.cn/songku_show.asp?id=14509
title=不稳定的爱
tag=
usertag=
tagroute=
confidence=0.860
conf_p10=0.508
transcriber=jianpu2-auto
status=ocr
source=fysongs-14509
%--
4/4
subtitle=score
qx ,6 ,,6 6 6 6 6 6 2 6 0 6 6. q6 6 ,6 6 6 3 1 7 6. 6 5 0 2 0 6 0 0 3 5 5 5 2 6 5 0 2 0
0 0 7 7 6 ,5 ,1'. q6 7 6 6 ,6 6 6 6. ,6'. 6. 5 5 3 0 0 0 ,x' 0 0 1' 6 5 ,5'. 5'. 5 6 6' 6 6 6 6 5 5
5 0 0 0 0 0 6' 0 0 0 0 5 5 6 6 6 6 1 0 0 6 0 0 0 5. 5. 5. 5'. 6 ,6 6. 5 6 6 6. 6 ,,1. 1' 7 6
6 6 5 3 3' 3 0 0 0 0 0 0 0 6 6 6 6. 6. 5 5 - 0 0 0 0 6 6 6 0 7 7 - ,5' ,6'. 1'. 0 2. 5' 2 2
x 6 5' 5' 2 5 2 5 1' 5. 7 7' ,7' s0 6 5' 6' 0 6' 3 q1. 1. ~ 1' 2' 3 1 q1' q7 q2 q6 7 7 1' 1 6. 0 3 0 0
1 5 6. 6 5 0 1' 7 7. q6 - - - 6 - 0 0 0 0 0 x ,6 3 5 0 2 0 ,3 0 0 3 5 5 2 6 3 5 0 2 0
6 6 0 0 1 7 6 x.
%END
