%不痛_2.txt
% 出处 http://www.fysongs.cn/songku_show.asp?id=42319
title=不痛
tag=
usertag=
tagroute=
transcriber=jianpu2-auto
status=ocr
source=fysongs-42319
%--
6/8
subtitle=score
x 1. 1 7 6 7. 3. 6. 6 5 4 5. 1. 4. 1 ,6 4 3 ,6 1. 2. 2 1 2 3. 0 3 ,6 1 3 ,6 1 3 ,6 1 3 ,6 1 3 ,6
1 3 ,6 1 3 2 3 6 5 3 6. 6 7 1 7. 7 1 2 1. 1 7 6 5. 7. ,3 ,5 ,7 3 5 7 3. 5. 3 2 3 6 3. 0 1 2
3 2 3 1 3. 0 2 1 2 3 2. 2 2 1 4. 4 3 2 3. 0 3 2 3 6 3. 0 1 2 3 2 3 1 3. 0 2 1 2 3 2. 2
2 1 4. 4 5 4 3. 0 ,6 ,7 1 3 6 5 5 5 4 4 5 5 5 2 3 2 1 0 ,6 ,6 1 4 6 7 5 5 3 3 1. 1. 0 0
6 7 1 1 1 7 7 7. 0 6 5 5 4 4 4 3 0 2 3 4 4 5 6. 1 7 6 7. 7. 0 0 3 3. 3. 0 3 2 1 2 5 5.
0 0 5 1. 1. 0 1 7 6 7. q0 q1 q2 3. 3 q3 3. 3. 0 q3 q2 q1 2 q5 5 q6 q7 1. 0 1 7 6 6 7 1 2. 7 6 6. 6.
x 3 q2 q1 3 q2 q1 3 ,6 1 3 ,6 1 3 ,6 q1 q3 q,6 q1 q3 q,6 q1 q3 ,6 1 3 2 3 6 5 3 6. q6 q7 q1 7. 7 1 2 1.
1 7 q6 5. 7. ,3 ,5 ,7 3 5 7 3. 5. 6. 6. 0 0 0 3 3 1' 1. q0 q7 q6 7. 0 5 3 5. 0 0 q1 1 q6 6'. 5 5 q4 5.
0 0 6 7 1 q1 q6 q7 1 q7 1. 1 7 6 7. 7 q2 - - 1. 1. 0 6 2 3 4 4 q4 q3 q2 3. 3. 3. 0 q3 6. 6. 0 0 1
7 6 q6 7 1 2. 7 6 6. x 0 ,6 2 1. 1. 3 ,6 1 3 ,6 q1 3 ,6 1 3 q,6 q1 q3 q,6 q1 q3 ,6 1 3 2 3 6 q5 q3 6.
q1 7 q6 7. 2 1 q7 6. 6. x
%END
