%不管今宵或明天_2.txt
% 出处 http://www.jianpu.cn/
title=不管今宵或明天
tag=
usertag=
tagroute=
transcriber=jianpu2-auto
status=ocr
source=jianpucn-431507
%--
4/4
subtitle=score
1 - - q1 - - 6 6 x x x. x x x 0 0 0 0 2 - 1 - ,7 - ,6 - 5 6 1 1 1 5 1 3 0 3 2 1 2 2
0 6 1 3 0 2 1 2 3 5 6 5 4 3 2 3 3 1 2 1 5 5 4 3 2 5 5 5 5 6 1. 2 3 2 3 2 1. 6 1 1
1 2 3 5 5. 3 5 6 6 6 5 0 3 3 5. 2 1 2 1 5 3 3 2 - 5 5 5 5 6 1. 2 3 2 3 2 1. 6 1 1 1
2 3 5 5. 3 5 6 6 6 5 0 3 3 5. 2 1 2 1 2 ,6. 1 - 1 3 4 4 0 5 ,5 6 6 6 0 6 6 6 5 3 5 3
3 - 6 6 6 0 6 6 6 5 1 1 3 3 4 3 3 2 2 2 2 - 5 5 5 6 1. 6 ,6 6 1 2. 5 ,5 5 6 1. 6 ,6 6
1 2. 0 6 6 5 6 6 - 6 0 2 2 1 2 1. 1 - 5 ,5 6 6 1. 6 ,6 1 1 2. 5 5 6 6 1. 6 6 1 1 2. 5 6.
6 5 3 5 - 6 5 3 2 3 2 1 6 1 5 5 4 3 2. 2 1. 1 - x 5 5 6 6 1. 6 6 1 1 2. 5 5 6 6 1. 6
6 1 1 2. 5 6. 6 5 3 5 - 6 5 3 2 3 2 1 6 0 5 q6 1. 0
%END
