%不该钢琴.txt
% 出处 https://www.jianpujia.com/
title=不该钢琴
tag=周杰伦,分类/钢琴谱
usertag=周杰伦,分类/钢琴谱
tagroute=
transcriber=jianpu2-auto
status=ocr
source=jianpujia-380028
todo=refine the filename
artist=周杰伦
%--
4/4
subtitle=score
x 2 1 x 0 1 1 2 1 7 1 3. 2 2 1 6 0 6 2. 2 2' 2 1 1 1 2 1 1 - 0 0 q6 3 6 1 3 6 1 3 6
1 3 q2 4 6 2 4 2 6 4 2 6 4 q4 4 2 5 4 5 1 4 5 2 4 q1 3 5 1 3 5 1 3 5 1 q5 7 6 7 6 7
7 6 7 6 7 7 1 7 7 5 6 5 6 5 6 6 5 6 3 6 5 6 5 6 6 5 6 5 6 6 7 6 6 5 5 3 5 3 5 5
- 2 1 2 1 2 2 1 2 1 2 2 3 2 2 7 1 7 1 7 1 1 2 3 6 1 - - 0 - 0 0 - - - - 0 - - -
0 - 0 0 - - - - - - - - - 6 6 6 3 3 3 4 3 3 3 q4 1 3 1 3 1 3 1 q1 5 1 5 1 5 1 5 q7
6 2 6 q3 5 7 5 q6 6 1 6 q5 6 1 6 3 5 6 3 3 3 2 1 2 2 2 1 2 3 2 2 2. 1 1 1 1 1 7 6 7
7 ,3 ,3 ,3. ,5 6 2 3 6 6 6 5 3 5 5 5 3 5 6 5 5 5. 5 3 3 3 3 3 2 2 2 2 7 7 7 7 3 6 7 1
- - - - - - - 0 0 - - - - - - - - - - - ,6 ,6 ,6 ,5 ,5 ,5 ,4 ,4 ,4 q,3 q,3 q,3 q,3 q,3 4 1 3 1 3 1
3 1 3 1 3 1 3 1 3 1 2 6 1 6 1 6 1 6 3 3 3 3 3 0 x 0 - - - - - - 0 0 - 0 - - - 3
3 x q1 - - 4 6 1 3 5 4 3 2 1 4 3 2 1 3. 2 0 3 5 7 2 1 7 1 2 1 7 1 5 3 3 0 5 1 2 x
6 1 3 5 1 3 5 1 3 5 1 3 7 2 ,6 4 2 3 3 5. ,7 5 3 6 3 6 1 3 6 1 3 6 1 3 5 2 ,5 4 2 1
3 ,6 5 x 0 - - - - - - - 0 - - - - - - ,5 3 ,4 2 ,1 1 2 7 0 7 2 7 3 ,1 1 ,7 2 ,1 1 5 7
3 ,1 3 ,1 ,1. 1. 1 1 7 2 7 2 3 1 3 1 7 2 3 1 2 4 3. 5. 2 4 0 5 1 2 ,6 ,7 ,5 1 ,6 ,6 ,6 q,5 q,5 q,5
q,5 q,5 4 1 4 2 4 2 5 3 7 3 1 6 3 6 3 2 2 4 2 4 2 4 2 0 5 5 5 5 5 x - - - - - - - -
- - - - -
%END
