%不见不散.txt
% 出处 https://www.qupu123.com/
title=不见不散
tag=分类/通俗歌曲
usertag=分类/通俗歌曲
tagroute=
transcriber=jianpu2-auto
status=ocr
source=qupu123-305332
%--
4/4
subtitle=score
1 1 1 1 3 - ,4 3 2 1. 5 6 1 2 4 4. 3 3 3 4 3 2 1. 5 q,6 1 2 3 1 1 3 2 3 2 3 2 3 2 2 1
1 0 1 2 - - 2 1 2 2 3 2 3 2 3 2 1 1 0 1 2 2 2 2 2 2 1 1 - 2 1 2 1 2 1 2 1 2 3 0
5 5 q5 5 6. 3 3 3 2 2 - 2 1 2 1 2 1 2 1 2 3 3 2 1 6. 6 6 6 6 6 5 5 - 5 0 1. 2 3 3 6
6 6 5 5 1 2 6 7 7 7 7 1' 6 6 6 6 6 5 ~ 5 5 5 1 1 - - 1 6 5 - 1 1 1 x 1 2 3 4 5. 5
5 2 2 2 3 4 5 6. 6 6 6 6 4 4 7 1' 1' 1 1 1 2 4 ,,x 1 1 1 1 0 0 0 0 1 0 0 0 0 2 2 2 2
3 2 1 ,1 0 1 1 2 2 2 2 1 3 3 2 2 3' 2 ,2 1 0 1 1 2 2 2 2 2 2 2 1 1 1
%END
