%不要说话钢琴.txt
% 出处 https://www.jianpujia.com/
title=不要说话钢琴
tag=
usertag=
tagroute=
transcriber=jianpu2-auto
status=ocr
source=jianpujia-151579
todo=refine the filename
%--
4/4
subtitle=score
2 3. 3 2 3 3 3 2 2 1. 0 1 1 6 6 6 1 1 7 7 5. 0 1 3. 1 5 1 5 6 3 6 3 4 1 4 1 5 2 5 2
1 5 1 5 3 5 1 5 1 - - - - - - - - - - - - x 1 x 3 4. 4 3 4 4 5. 3 2 2 3. 3 2 3 3 3
2 2 1. 0 3 3 2 2 2 1 2 1 6 2 6 2 6 5 2 5 2 1 5 1 5 6 3 6 3 3 3 7 5 3 5 7 3 x - -
- - - - - - - - - - x 2 2 1' 6 1 6 - 3 - 3 1 3 1 3 1 3 1 3 1 3 1 3 1 3 1 4 2 4 2
4 2 4 2 4 2 4 2 4 1 - - - - - - - - - - - - - - 6 3 6 1 ,6 - ,1 - - - ,2 - - - x 2
5 x 0 3 3 3 3 5 5 1 3 2. 2 1 2 2 - 0 3 3 3 3 5 5 1 1 5 1 3 5 3 2 6 2 4 4 6 4 2 1
5 1 3 5 3 x 0 0 0 0 0 - 0 - 3 2. 2 1 2 2 2 3 3 6 6 1 7 0 6 5 6 5. 5 4 5 5 3 2 1 2
6 2 4 4 6 4 6 3 6 3 7 3 4 1 4 1 5 1 x 3 1 x 2 - 0 2 2 5 5 6 7 1 3. 3 4. 4 3 4 4 4.
3 2 5 2 6 2 4 6 4 5 2 5 6 7 5 2 6 2 6 5 2 5 2 1 0 0 0 0 0 0 - -
%END
