%丑八怪钢琴.txt
% 出处 https://www.jianpujia.com/
title=丑八怪钢琴
tag=薛之谦,分类/钢琴谱
usertag=薛之谦,分类/钢琴谱
tagroute=
transcriber=jianpu2-auto
status=ocr
source=jianpujia-149454
todo=refine the filename
%--
4/4
subtitle=score
3 3 3 3 3 1' 5 4 4 3 4 3 4 0 5 4 3 4 3 2 1 ,5. 2 ,7 5 ,7 5 ,7 5 ,7 5 ,7 ,5 0 3 1 2 4 3 6
2 3 2 3 5 3 3 2 5 3 3 3 1 2 4 4 4 4. 6 6 6. 2 6. 2 x. 5 3 7 3 3 4 1 4 1 6 6 1 4 5 4
1 6 x - - - - - - - - - - - - - 1 6 2 2 2 7 5 7 5 7 5 5 1 2 5 5 2 0 6 6 7 4 1 7
1 7 1 5 2 2 1 7 7 6. 6 3 5 6 5 6 3 3 1 3 3 3 3 3 1 2 4 ,7 ,7 ,6 ,7 1 1 ,5 ,2 ,5 2 7 ,7 2
3 5 3 ,3 ,2 ,2 ,4 2 6 5 7 ,2 5 2 ,7 ,6 ,3 ,6 3 1 1 3 ,6 ,6 ,3 6 2 3 2 3 5 3 3 2 5 3 3 1 2 5
5 5 5 5 5 0 6 6 7 4 7 1 7 1 5 2 2 5 6 6 7 7 4 5 4 1 4 1 6 6 1 4 5 4 1 6 5 2 5 2
7 7 2 3 5 2 2 6 2 6 4 3 7 3 1 7 5 2 2 x. 3 3 3 5 7 5 7 1 1 2 5 2 7 3 3 5 7 7. 7 2
6 2 6 2 5 3 2 ,5 5 7 1 7 5 7 3 1 7 5 6 2 3 2 6 2 5 2 2 2 5 2 0 7. 7 2 2 5 5 7 2 5
4 1 4 5 6 5 7 2 5 6 7 6 3 1 5 1 2 3 3 5 7 3 5 1 3 5 1 2 4 1 4 5 6 5 5 7 7 2 2 5
7 2 x - - - - - - - - - - - - - - - - - 0 - - - - 2 5 1. 1 1 2 3 1 2 5 3 7 1 7 5
7 1 1 2 3. 3 1 6 6 5 6 6 1 2 3 3 3 3 1 6 6 5 1 6 1 2 3 5 3 5 6 5 5 6. 5 6. 5 1 5 1
2 3 5 1 3 1 5 3 5 3 1 5 6 6 3. 6 3 7 3 7 5 3 6 6 3. 6 3 7 3 7 7 x 0 0 0 0 - - - -
- 0 0 - - - - 0 0 - 0 0
%END
