%丑小鸭钢琴.txt
% 出处 https://www.jianpujia.com/
title=丑小鸭钢琴
tag=分类/钢琴谱,分类/儿歌
usertag=分类/钢琴谱,分类/儿歌
tagroute=
transcriber=jianpu2-auto
status=ocr
source=jianpujia-148573
todo=refine the filename
%--
4/4
subtitle=score
0 3 3 2 3. 2 1 1 0 6 6 1 2 3 2 3. 0 0 0 0 0 3 3 3 2 3. 2 1 1 1 - - - - 0 - - 0 - -
- - - 0 - 0 5 5 5 5 5 5 5 5 5 5 5 5 1 3 3 3 1 3 3 3 1 3 3 3 1 3 3 3 x 5 x 6 6 6
1 3 2 1 2. 0 0 0 0 0 2 2 2 2 2 2 3. 2 2 - x 0 - 0 - - - - - - - 5 5 5 5 5 5 5 5 5
5 1 3 7 4 1 3 3 3 7 4 4 4 1 3 7 4 x x x x x x 0 4 4 4 4 4 4 6. 5 5 - 5 5 4 3 - 3
3 2 1 - 5 5 5 5 5 5 5 5 5 5 5 5 7 4 4 4 7 4 4 4 1 3 3 3 1 3 3 3 x x x 1 x 1 3 5
5 5 4 3 3 3 5 5 5 7 1 - 0 0 0 0 5 5 4 5. 4 3 3 5 5 5 5 5 5 5 5 5 5 5 1 3 3 3 7 4
1 3 1 3 3 3 1 3 3 3 x x x 1 6 6 6 1 2 3 2 3. 5 5 4 5. 4 3 3 6 6 6 1 3 2 1 2. 0 2 3
2 2 - 1 - - 0 - - - - - - 0 - - 0 - - - - 5 5 5 5 5 5 5 5 5 5 5 1 3 3 3 1 3 3 3
1 3 7 4 7 4 4 4 x x x
%END