%东北民谣_4.txt
% 出处 https://www.jianpujia.com/
title=东北民谣
tag=
usertag=
tagroute=
transcriber=jianpu2-auto
status=ocr
source=jianpujia-155419
%--
4/4
subtitle=score
3 ,6 3 5 3 3 2 5 6 1 ,6 0 ,6 ,3. 5 ,6 3 3 ,6 q5 3 2 3 ,6 0 q2 q1 q1 ,6. q1 q2 5 q3 q5 3 0 6 6 3. 5
6 3 3 6 5 3 2 3 6 0 2 1 1 ,6. q1 2 5 2 1 ,6 3 q,6 q3 3. ,6 3 q3 q,6 3 2. 2 2 6 2 3 5 6 5 - -
- 3 3 3. 2 3 3 1 - - - - - - - - - - ,6 1 3 3 3 0 3 2 2 3 ,5 ,6 ,6 3 2 5 3 ,6 1 2 q2 q3
q,5 q1 ,6 0 6 6 ,3. 5 ,6 3 3 ,6 5 3 2 3 ,6 0 q2 1 1 ,6. 1 2 5 3 5 3 0 6 6 3. 5 6 3 3 6 5 3 2
3 6 0 2 1 1 ,6 1 1 2 5 2 1 ,6 3 ,6 3 3. ,6 3 ,6 2 3 3 2. 2 2 6 2 3 5 6 5 3 3 3. 2 6 3 1
1 6 2 3 3 0 2 3 5 5 5 6 6 6 3 5 6 1 6 5 6 5 3 5 3 2 5 3 2 1 2 3 6 2 1 2 3 5 3 3
3 5 6 1 6 5 6 5 3 5 3 2 5 3 2 1 - - - - - - - - - - - - - - - - - - - - - - - -
2 3 ,6 2 q1 2 3 q6 q5 3 3 q5 q6 q1 q6 s5 s6 q5 3 q5 q3 q2 q5 q3 q2 q1 2 3 ,6 q2 q1 q2 q3 q5 q3 3 3 5 6 1
6 5 6 5 3 5 3 2 5 3 2 1 6 1 6 1 2 1 2 1 2 3 2 3 5 3 5 3 6. 5 3 5 6. 5 - - - - - -
- - - - - - - - - - - - - - - 6 5 5 6 6 6 2. 2 2 6 2 5 3 3 - - - - - - - - 6 6. 5
6 6 5 6 3 5 6 6 6 - - - - - - - 0 5 5 3 5. 5 3 5 6 6 6 5 6 6. 3 - - - - - - - - 6
6 5 3 6 2. 2 2 6 2 3 5 6 5 3 - - - - - - - - - 6 6. 5 6 6 5 3 5 6 6 6 0 5 3 5 5 6
3 5 6 6 6. 5 6 6 5 3 5 6 6 6 - - - - - - 0 5 3 5 5 6 3 5 6 - - - - -
%END
