%两只老虎钢琴.txt
% 出处 https://www.jianpujia.com/
title=两只老虎钢琴
tag=分类/钢琴谱,分类/儿歌
usertag=分类/钢琴谱,分类/儿歌
tagroute=
transcriber=jianpu2-auto
status=ocr
source=jianpujia-234428
todo=refine the filename
%--
4/4
subtitle=score
1 - - qx - - 1 0 x. x 1 1 1 1 x 5. 6 1 5 3 3 1 5 6 3 2. 3 5 5 6 5 2 3 5 6 3 2 3 2 1
- ,1 ,5 ,6 ,5 ,1 ,5 ,3 ,5 ,1 ,5 ,6 ,5 ,1 ,5 ,3 ,5 ,1 ,5 ,6 ,5 ,1 ,5 ,3 ,5 ,1 ,5 ,6 ,5 ,1 ,5 ,3 ,5 x 5 x 1 2 3 6
5 6 5 - - - 1 5 6 3 5 2 3 1 - - - ,1 ,5 ,6 ,5 ,1 ,5 ,3 ,5 ,1 ,3 ,5 ,6 1 ,5 ,6 ,5 ,1 ,5 ,6 ,5 ,1 ,5 ,3
,5 ,1 1 1 ,5 ,3 ,5 ,2 ,3 x x 3 3 5 6 5 6 1 3 2 1 - 5 3 5 6 2 1 6 5 - - - 1 5 6 5 1 5 3
5 1 5 6 5 1 5 3 5 1 5 6 5 1 5 3 5 1 1 6 5 5 3 2 5 x 1 3 x 6 5 6 1 3 2 1 6 - - -
5 6 5 3 5 5 1 2 - - - 0 0 0 0 0 1. 6 5 6 3 5 0 0 0 0 0 3 5 1 5 6 5 1 5 6 5 1 5 3
5 6 1 6 5 1 5 3 5 1 5 6 5 1 5 3 5 1 5 6 5 1 5 3 5 x 1 7 x x 3 2 3 5 1 6 5 6 3 -
2 5 6 3 5 3 2 1 - - - 1 5 6 5 1 5 3 5 1 5 6 5 1 5 3 5 1 5 6 5 1 5 3 5 1 1 5 6 6
5 2 3 q1. 0 x x 3 5 6 1 5 3 3 1 5 6 3 2. 3 5 6 6 5 3 2 3 2 1 - - - 1 5 6 5 1 5 3 5
1 5 6 5 1 5 3 5 1 5 6 5 1 5 3 5 1 5 6 5 1 5 3 5
%END
