%两小无猜.txt
% 出处 http://www.jianpu.cn/
title=两小无猜
tag=孟庭苇
usertag=孟庭苇
tagroute=
transcriber=jianpu2-auto
status=ocr
source=jianpucn-251958
%--
4/4
subtitle=score
0 q3 4 3 2 1. 2 1 2 1 3. 0 0 1 2 3 2 2. ~ 2 1 6 ,5 - 0 0 3 4 3 2 1 ,2 1 2 q1 3 3 0 0 4
4 ,,5 4 q3 3 2 2 3 7 1 - 0 3 2 1 0 0 0 0 0 0 2 1 3 3 2 q,,1 1 0 3 2 7 1 - 0 4 4 4 4. 4
3 2 2 0 0 3 2 3 1 0 3 0 3 3 3 1' 2 1 3 ,1 1 ,,,2 1 ,2 q1 1 1 4. 0 q3 4 3 4 3 5 2 q2 q6' q2 q3
q,5 2 q2 q5 1 1 1 6' 2 2 1 5 ,1 6 1. 3 3' 3 ,1' q4 q1 q1' 5 7 6 5 5 5 5 5. 2 5 5 6 7 1' 7 ~ 7 7
7 5 6 - - - 0 ,5 q4 3 5 - 0 0 4 3 3 x 2 2 1 5 2 2 2 2 - - 1 2 2 1 2 2 - - 3. q4 5. 5
1 5 5 5 5. 3 2. 2 ,x q5 5 5 6 7 1 7 7 7 7 7 5 q5 6 1. - - 0 0 5 4 3 5 0 4 3 2 4 - 0 4
2 1 - 1
%END