%中国人_2.txt
% 出处 http://www.jianpu.cn/
title=中国人
tag=
usertag=
tagroute=
transcriber=jianpu2-auto
status=ocr
source=jianpucn-36515
%--
4/4
subtitle=score
1 1 - 4 qx 0 x 1 x. x x x 1 x 6 6 1' 6 5' 5' ,5 0 0 0 6 6 1' 2' 3' 3' 0 x 0 0 x 3 5 6 6. 6
5 6. 6 5 6 5 3 2 3 - 2. 3 2 1 2. 3 2 1 3 1' q7 6 6 - ,6. ,6 1 ,6 q,5 ,6. 1 ,6 ,5 ,6 q1 2 1 ,6 - 2.
3 2 1 2. 3 2 1 2 1 1 2 3 3 6 6 5 q3 2 3 5 6 5 3 2 3 - 2 2 1 ,6 ,5 ,6 q1 2 1 ,6 ,5 ,6 ,6. -
6 ,6 1 ,6 ,5 ,6 1 2 3 6 6 6 5 6' 6'. 6 6 6 5 2 3' 3' ,6 1. ,6 ,5 ,6 1 2 3 - 2 2 2 1 2' 2'. 3 5 1'
1' 1 7 6 6' 6. 1. 1' 6 5 6. 1' 6 5 6 5 q6 5 3 6' 6 5 3 2 3 5 1' 7 6 5 6 - 6' 1' 6 5 6 - 6. 5
6 5 3 2. 3 q2 1 q2 q3 5 3 2 3 3 5 6. 6 1'. 6 5 6. 1' 6 1 6 5 6 5 3 - 6 6 5 3 2 3 5 1' 1' 7
6 5 6 1' 1' 1' x 7 6 x 5 5 6 - 6 -
%END
