%为了这一刻.txt
% 出处 https://www.qupu123.com/
title=为了这一刻
tag=分类/通俗歌曲
usertag=分类/通俗歌曲
tagroute=
transcriber=jianpu2-auto
status=ocr
source=qupu123-311029
%--
4/4
subtitle=score
,1 1 ~ 1 ,1 q,5 ,1 ,1 q2 - - 0 1 ~ 1 ~ 1 2 2 3 4 4 3 5 2 - x x x 1 1 5 3 ,1 ,1 ~ ,1 ,1 ,5 ,1
,1 2 - - 0 ,,1 ~ ,,1 ~ ,1 2 2 4 4 4 3 2 5 3 ,1 2. ,5 ,1 2 3. 4 2 3 ,1 2. 3 ,6 ,5 ,1 2. 3 3 5 ,5. ,6
,7 3 2 1 - 0 ,1 4 4 4 4 ,1 4 4 5 6 5 5 - - 0 ,,1 ,,1 ,,1 4 4 ~ 4 4 5 5 3 4. 2 - 0 ,1 4 4 4
4 1 4 4 5 6. 6 0 1 ,,1 2 2 4 4 3 2 ,,1 1 1 0 1 1 - - 0 1 ,1 2 2 3 4 4 3 2 1 1 0 ,1 ~ ,,1
2 2 3 4 4 4 6 5 5 4 4. 4 3 2 ,,1 1 1 - - -
%END
