%为了遇见你钢琴.txt
% 出处 https://www.jianpujia.com/
title=为了遇见你钢琴
tag=薛之谦,分类/钢琴谱
usertag=薛之谦,分类/钢琴谱
tagroute=
transcriber=jianpu2-auto
status=ocr
source=jianpujia-149662
todo=refine the filename
%--
4/4
subtitle=score
1 1 2. 3 3. 2 1 1 1 7 1 5 4. 3 2 1 7 6 5 5 - 5 2 5 2 6 5 1 5 1 2 3 5 1 5 1 2 3 5 2
6 1 2 4 5 2 5 6 7 5 3 7 2 3 5 x - - 0 - - - - - - - - - - - - - x 1 x 0 6 7 1 5
5. 4 4 2 3 - - 2 3 3 6 3 0 3 6 3 0 4 6 3 0 4 6 3 6 3 6 7 1 3 2 6 1 2 4 6 3 6 7 2
2 3. 5. 5 - 6 3 6 2 6 4 6 4 x - - 0 - - 0 - - - - 0 - - - x 2 2 x 0 4 6 3 0 4 6 3
0 0 4 6 3 0 4 6 3 0 3 6 3 0 3 6 3 0 4 6 3 0 4 6 3 0 4 6 3 0 4 6 3 0 4 6 3 3 6 4
6 4 6 4 6 1 6 3 6 3 6 4 6 4 6 4 6 4 6 4 6 x - - - - - - - - - - - x 2 5 x 0 1 7
1 3 5 - 0 6 5 6 1 3 3 5 2 3 3 2 1 0 1 6 1 3 6. 5 5 5 6 3 6 3 7 3 4 1 4 1 5 1 6 3
6 3 7 3 x 0 0 0 0 0 - x 2 x 5. 4 4 2 3 3 - 0 1 7 1 3 5 - 0 6 5 6 1 3 3 5 3 2 1 qx
1 6 7 1 4 - 3 3 6 3 6 3 7 3 4 1 4 1 5 1 x 3 1 x 1 1 6 1 3 6 7 6 5 0 5 6 7 1 2 3.
4 3 2 0 1 7 1 3 6 - 1 - - - - - - - - - - - - - - - qx 6 7 1 2 1 1 6 3 6 3 7 3 2
3 4 5 1 5 1 2 3 5 4 1 4 5 6 x - - - - - - - -
%END
