%为了遇见你钢琴_2.txt
% 出处 https://www.jianpujia.com/
title=为了遇见你钢琴
tag=
usertag=
tagroute=
transcriber=jianpu2-auto
status=ocr
source=jianpujia-149662
%--
4/4
subtitle=score
0 1 7 1 3 5 0 6 5 6 1 3 2 5 2 1 3 1 2 7 5 7 1 1 - - - - - - - - - - - - 1 1 1 1
6 3 7 1 1 3 7 3 5 4 1 4 5 2 6 1 5 2 5 7 5 7 2 6 3 6 3 - x - - - - - - - - - - -
- - x 4 ,6 - - ,5 0 1 7 1 3 5 - 0 6 5 6 1 3 - q,6 q,7 ,3 ,2 ,1 q,5 2 3 6 3 4 1 x 1 1 1 1 x
7 x 0 1 6 1 3 6. 5 5 5 5. 4 4 2 3 - 0 1 7 1 3 4 - x 7 6 7 1 1 1 1 6 3 7 1 ,7 ,3 - ,2
- ,7 ,3 6 3 7 1 ,3 ,3 - x 1 0 x 0 6 5 6 1 3. 2 1 1 1 6 1 3 6. 5 5 5 6 7 1 2 3. 4 3 2 qx
7 6 7 6 7 1 2 4 1 4 6 5 2 5 1 5 1 2 7 6 3 2 3 4 5 x 0 0 0 0 0 0 - x 1 3 x 0 1 7
1 3 6 - 0 7 6 1 2 5 - 0 3 6 7 1 3 4. 3 2 1 5 1 2 3 5 4 1 4 5 6 5 1 5 6 7 2 3 7 2
3 5 6 3 6 7 1 3 2 6 1 2 4 6 x 0 0 - 0 0 0 0 - 0 0 0 0 - - - - 1 1 2. 3 3. 2 1 1 1
7 1 5 4. 3 2 1 7 6 5 5 - 5 2 5 2 6 5 1 5 1 2 3 5 1 5 1 2 3 5 2 6 1 2 4 5 2 5 6 7
5 3 7 2 3 5 x - - 0 - - - - - - - - - - - - - x 1 x 0 6 7 1 5 5. 4 4 2 3 - - 2 3
3 6 3 0 3 6 3 0 4 6 3 0 4 6 3 6 3 6 7 1 3 2 6 1 2 4 6 3 6 7 2 2 3. 5. 5 - 6 3 6 2
6 4 6 4 x - - 0 - - 0 - - - - 0 - - - x 2 2 x 0 4 6 3 0 4 6 3 0 0 4 6 3 0 4 6 3
0 3 6 3 0 3 6 3 0 4 6 3 0 4 6 3 0 4 6 3 0 4 6 3 0 4 6 3 3 6 4 6 4 6 4 6 1 6 3 6
3 6 4 6 4 6 4 6 4 6 4 6 x - - - - - - - - - - - x 2 5 x 0 1 7 1 3 5 - 0 6 5 6 1
3 3 5 2 3 3 2 1 0 1 6 1 3 6. 5 5 5 6 3 6 3 7 3 4 1 4 1 5 1 6 3 6 3 7 3 x 0 0 0 0
0 - x 2 x 5. 4 4 2 3 3 - 0 1 7 1 3 5 - 0 6 5 6 1 3 3 5 3 2 1 qx 1 6 7 1 4 - 3 3 6
3 6 3 7 3 4 1 4 1 5 1 x 3 1 x 1 1 6 1 3 6 7 6 5 0 5 6 7 1 2 3. 4 3 2 0 1 7 1 3 6
- 1 - - - - - - - - - - - - - - - qx 6 7 1 2 1 1 6 3 6 3 7 3 2 3 4 5 1 5 1 2 3 5
4 1 4 5 6 x - - - - - - - - 0 7 6 7 2 7 6 5. 5 0 3 6 7 1 3 3 4. 4 3 2 1 1 2. 3 2 3.
3 2 1 5 2 5 6 ,7 ,2 3 7 2 3 ,5 6 3 6 7 ,1 ,3 2 6 1 2 ,4 ,6 5 2 5 2 ,6 ,5 1 5 1 2 ,3 ,5 x 3
7 x 1 1 7 1 5 4. 3 2 1 7 6 5 5 - 0 6 7 1 5 5. 4 4 2 1 5 1 2 3 5 2 6 1 2 ,4 5 2 5 6
7 5 2 7 2 3 ,5 6 3 6 7 1 3 2 6 1 2 4 6 x 4 0 x 3 6 - - 2 3 3 6 3 0 3 6 3 0 4 6 3
0 4 6 3 4 6 3 0 4 6 3 4 6 3 0 4 6 3 7 7. 3 6 7 2 2 3 5. 5 5. 0 6 2 6 3 6 4 6 4 6 4
6 4 6 4 6 1 x - - 0 - - - - 0 0 0 - 0 - - - x 4 3 x x 6 1 0 3 5 3 0 3 5 3 0 4 6
3 0 4 6 3 2 - 3 - 6 - - - x 6 6 3 6 3 6 4 6 4 6 4 7 4 6 4 6 6 - - - x 0 0 0 0 0
0 0 1
%END
