%为你钟情钢琴.txt
% 出处 https://www.jianpujia.com/
title=为你钟情钢琴
tag=分类/钢琴谱
usertag=分类/钢琴谱
tagroute=
transcriber=jianpu2-auto
status=ocr
source=jianpujia-249723
todo=refine the filename
%--
4/4
subtitle=score
0 0 0 3 4 5. 1 1 - 6 5 5. 7 7 - 6 5 5. 6 6 - 4 3 - - - - - - - - - - 0 0 0 0 1 5 1
5 3 ,5. q7 5 7 5 2 ,5. q6 2 4 2 6 ,4. 5 1 - - 2 3 4. 5 5 - 5 4 3. 5 5 - 6 1 4 3 1 6 1. 3 -
0 0 - 0 0 - - - - 6 1 4 1 6 ,4. q5 5 4 5 1 ,4. 1 5 1 5 5 ,1. 2 6 ,2 2 4 ,6 2 - - 3 4 5. 1
1 - 6 5 5. 7 7 - 6 5 5. 6 6 - 4. 3 - - - - 0 0 - - - - - ,5 ,2 ,4 ,2 ,5 ,4 ,1 ,5 ,1 ,5 ,3 ,5. q,7
,5 ,7 ,5 ,2 ,5. q,6 ,2 ,4 ,2 ,6 ,4. x 1 - - 2 3 4. 5 5 - 5 4 3. 3 3 - 6 1 4 3 2 1 6. 7 1 - - - -
- - - - - 0 6 1 4 1 6 ,4. q5 5 4 5 1 ,4. 1 5 1 5 5 ,1. 2 6 ,2 2 4 ,6 x 1 7 1 - - 1 1 1. 7
6 7 1 7 5 3 - - 4 3 2 3 4. 6 1 5 2 4 2 5 4 4 1 4 1 5 3 3 5 6 6 5 2 2 3 5 2 4 x 5
- - 1 1 1. 7 6. 7 5 3 2 1 ,6 1 4 3 2 1 ,6. 6 1 5 1 5 3 4 1 4 1 5 1 7 6 3 2 6 2 3 6 x
0 - 0
%END
