%乌梅子酱钢琴_2.txt
% 出处 https://www.jianpujia.com/
title=乌梅子酱钢琴
tag=
usertag=
tagroute=
transcriber=jianpu2-auto
status=ocr
source=jianpujia-387917
%--
4/4
subtitle=score
1 - - q1 q1 - - 5 x. 1 x. x. 0 5 1 5 2. 7 7 5 6 6 2. 1 1 5 1 5 0 0 ,4 7 2 4 4 7 ,4 3 1 5
3 3 1 ,5 4 6 3 2 7 5 7 5 6 1 7 2 1 1 - - - 0 7 7 1 2 7 5 7 6 2 3 3 4 5 5 - - - 4
7 2 5 5 0 x 0 - - 0 - 5 - 0 5 4 3 4. 4 3 2 4 4 4 3. 0 3 2 3 3 1 2 5 5 0 4 1 4 3 7
2 6 3 5 1 1 - x - - - - - - x 1 0 x ,3 6 5 6 3 3 0 5 5 3 5 3 4 3. 0 0 6 3 6 1 1 2
4 1 4 4 1 4 3 7 3 6 3 5 2 6 2 4 2 - x 0 - 0 0 0 - 2. 3 3 6. 0 7 7 1 2 7 5 5 - 0 5
4 3 5 1 4 4 7 2 5 5 0 3 1 2 5 5 0 x - - - - - 4. 4 3 2 4 4 4 3. 0 3 2 3 6 5 6 3 3
0 5 4 1 4 3 7 2 6 3 5 1 1 - 4 1 4 4 1 4 x - - - - - 0 5 3 5 3 4 3. 0 6 4 3 1 6 2
3 1 1 1 4 4 1 4 3 7 3 6 3 5 2 6 1 5 1 3 1 5 5 0 5. x 0 0 0 0 0 - 2. 3. 1 2 2 1 6 1
2 5 5 2 3 3 3. 1 2 2 1 6 1 1 - - - 1 5 1 2 3 - 7 3 5 7 3 7 3 x - - - - - x 2 5 1
1 1 2 3 3 3. 5 1 1 2 3 5 1 1. 5 1 1 2 3 5 1 6 3 5 1 1 - 5 2 4 1 5 1 4 1 4 1 6 1 4
1 x - - - - - - - - 1. 1 1 2 3 5 1 6 6 6 3 3 2 5 2 2 1 6 1 3 1 3 1 5 1 3 1 2 6 2
4 4 2 4 5 2 5 5 5 2 4 2 5 5 2 3 3 3. 1 2 2 1 6 1 1 1 2 7 6 5 1 5 1 5 3 5 1 5 7 3
5 7 3 7 3 6 3 6 3 6 3 6 3 x - - - - - - - - - - - 5. 1 1 2 3 5 1 1. 5 1 2 3 5 5 2
3 5 3 0 5 5 3 5 1 1 5 1 4 1 4 1 6 1 4 1 3 7 3 6 3 1 x - - - - - - - - - 3 7 ,4 1
1 6 6 6 5. ,5 5 4 3 2 1 1 4 4 1 3 4 5 4 4 4 3 6 1 1 1 7 5 5 4 2 6 1 2 2 6 0 5 5 5
5 - 0 5 5 4 3 2 x 0 0 - 0 - - - x 4 0 5 1 1 5 1. 2 6 7 5 5 1 4. 4 1 7. 7 7 7 7 4 7
4 7 5. 5 7 4 7 4 7 7 7 4 7 7 4 7 4 7 3 7 3 6 6 3 1 4 1 4 7 0 0 4 1 4 7 0 0 x - -
- - - - - x 4 3 6 4 6' - 6 4 6 4 6 1 ,4 1 5 2 - 0 4 1 4 1 5 2 7 7 1 2 7 5 5 2 4 1
0 0 5 - - - 4 7 2 5 5 0 x 0 0 0 - 5 2 1 7 1 5 5 5 4 3 4. 4 3 2 4 4 4 3 5 5 3 2 3
3 1 2 5 5 0 4 1 4 3 7 2 6 3 5 3 3 - 6 5 6 3 3 0 5 5 3 5 3 4 3. 0 4 3 1 6 3 1 4 1
4 4 1 4 3 7 3 6 3 6 3 2 6 1 5 1 3 x - - - - - - - 1 1 5 7 1 5 5 0 1 2 2 1 6 1 2
5 5 2 3 3 ,1 ,5 ,5 0 ,5. ,1 ,5 2 3 3 - ,1 ,5 1 2 3 - 3. 1. 5 2 2 1 6 1 1 1 1 2 3 3 3. 1 1 2
3 5 1 7 3 5 7 3 7 3 6 3 5 1 1 - 5 2 4 1 5 1 x 0 0 0 0 0 0 - 1. 5 1 2 3 5 1 1. 5 1
2 3 5 1 6 6 6 3 4 1 4 1 6 1 4 1 3 1 3 1 5 1 3 1 2 6 2 4 4 2 4 x - - - - - - - -
- - 0 3 2 5 1 2 2 1 6 1 2 5 5 2 3 3 3. 5 1 2 2 1 6 1 5 2 5 5 5 2 4 1 5 1 5 3 5 1
5 7 3 5 7 3 7 3 x - - - - - - - - - - 1 1 2 7 6 5 5 3 2 2 5 1 1 2 3 5 1 1. 5 1 2
3 5 6 3 6 3 6 3 6 3 5 3 5 1 1 5 1 4 1 4 1 6 1 4 1 x 6 7 5 1 2 3 5 3 ,1 0 5 ,4 1 1
6 1 6 1 1 3 4 5 6 4 6 4 6 4 3 6 1 3 7 3 6 3 1 2 6 1 2 2 6 0 5 5 5 5 - x 0 0 0 -
0 0 0
%END
