%乌梅子酱钢琴.txt
% 出处 https://www.jianpujia.com/
title=乌梅子酱钢琴
tag=李荣浩,分类/钢琴谱
usertag=李荣浩,分类/钢琴谱
tagroute=
transcriber=jianpu2-auto
status=ocr
source=jianpujia-387917
todo=refine the filename
artist=李荣浩
%--
4/4
subtitle=score
4. 4 3 2 4 4 4 3. 0 3 2 3 6 5 6 3 3 0 5 4 1 4 3 7 2 6 3 5 1 1 - 4 1 4 4 1 4 x - -
- - - 0 5 3 5 3 4 3. 0 6 4 3 1 6 2 3 1 1 1 4 4 1 4 3 7 3 6 3 5 2 6 1 5 1 3 1 5 5
0 5. x 0 0 0 0 0 - 2. 3. 1 2 2 1 6 1 2 5 5 2 3 3 3. 1 2 2 1 6 1 1 - - - 1 5 1 2 3 -
7 3 5 7 3 7 3 x - - - - - x 2 5 1 1 1 2 3 3 3. 5 1 1 2 3 5 1 1. 5 1 1 2 3 5 1 6 3
5 1 1 - 5 2 4 1 5 1 4 1 4 1 6 1 4 1 x - - - - - - - - 1. 1 1 2 3 5 1 6 6 6 3 3 2
5 2 2 1 6 1 3 1 3 1 5 1 3 1 2 6 2 4 4 2 4 5 2 5 5 5 2 4 2 5 5 2 3 3 3. 1 2 2 1 6
1 1 1 2 7 6 5 1 5 1 5 3 5 1 5 7 3 5 7 3 7 3 6 3 6 3 6 3 6 3 x - - - - - - - - -
- -
%END
