%九妹1.txt
% 出处 http://www.fysongs.cn/songku_show.asp?id=23288
title=九妹1
tag=
usertag=
tagroute=
confidence=0.966
conf_p10=0.914
transcriber=jianpu2-auto
status=ocr
source=fysongs-23288
%--
2/4
subtitle=score
1 6 ,1 6 6 x x 2 3 0 0 3 3 2 6 0 3' 3' 2 2 3 3 6 3 2 3 3 3 2. 6 0 2 2 ,1 2 5 0 2 2 ,1
2 ,,5 0 2 2 ,1 2 5 2 ,1 2 2 2 ,1 2 6 0 3' 3' 6 ,1' 6 0 6 6 6 0 6 ,1 6 ,1 2 3 5 ,1 ,1 2 3 6 2
2 2 6 5 3 3 6 3 6 2 ,1 2 6 6 3 2 3 3 6 5 6 x 3 2 3 3 2' 2 3 6 2 2 2 ,1 1 2 2' ,1' ,6 ,5
,6 3 6 5 6 5 3 2 3 2 ,1 2 6 ,1 2 3 2 ,1 ,,6 x ,6 3 3 2 3 3' 2' 2 3 6 2. ,1 2. ,1 ,6 ,5 ,6 3 6 5
5 5 5 3 2' 3 2 ,1 2. 6 q6 ,1 2 3 5 ,1' x 6 3 6 1' ,6 q2' 3 2 ,1 ,6 ,6 x 2' 2 ,1 ,6 ,6 ,6 ,6 q3' 2 3 6
5 q3 x 3 6 5 3 3 x 3 6 ,,1' 6 2 3 ,2 ,1 ,6 ,,6 x 2 3' 2 ,1 ,6 ,6 ,,,6 ,6 3 2 3 6 6 6 5 6 3 6 5 6
x. x x x x x. ,x x x x x x x x x x x ,,x x x' qx x ,3 6. 5 6'. q3 6 q6 q5 6. x 2 2 2 2 ,1 6 ,1 2
3 ,,1 6 2 0 2 2 2 2 ,1 ,6' ,1 2 3 5 3 ,6 0 6'. 1' ,1' 6 5 6 3 6 5 q6 2' q1' q6 q0 q6'. q,1. ,1' 6 q5 q6 q5 s3
q5 2 s5 q6 0 0 2 2 ,,,3 3 5 5 6 ,3 3 5 5 6 6 1 x x 5 ,6. - 6' - ,x ,6 ,6 3 2 3
%END
