%二十岁的某一天.txt
% 出处 https://www.qupu123.com/
title=二十岁的某一天
tag=分类/通俗歌曲
usertag=分类/通俗歌曲
tagroute=
transcriber=jianpu2-auto
status=ocr
source=qupu123-382333
%--
4/4
subtitle=score
q1 - - - - 1 1 0 0 4 x' 1 2 - 3 2 ,6 ,6 - 1 1 1 1 2 3 3 3 - - 3 5 6 6 6 1 5 5 3 - -
0 6 1 1 1 1 2 3 - - - - - - - - - 3 - - q3 q2 q1 q1 ,7 q,7 ,6 - - q3 q5 q6 q6 q6 q6 7 5 3 - -
q3 q2 1 1 1 1 2 3 3 3 5 6 6 6 7 5 3 5 6. 3 2 1 1 1 1 7 7 1 7 ,6 1 2 3 1 2 ,6 ,6 q1 q1 1
q1 2 q3 q3 3 q0 3 q6 q6 6 5 5 3 q0 ,6 q1 q1 q1 2 3 3 - q3 2 1 q1 q1 ,7 q,7 6 - - 3 5 6 6 6 7 5 5.
3 - - 3 2 1 2 3 3 - - 3 5 6 6 6 7 5 5 3 5 6. 3 2 1 1 1 7 7 7 6 - - 3 5 6 6 6 6 7
5 3 3 2 1 1 1 1 2 3 3 3 5 6 6 6 7 5 3 5 6. 3 2 1 1 1 1 ,7 ,7 1 ,7 ,6 3. 2 2 2 3 3 3. 2
2 2 1 1 3. 2 2 5 3 1 2 3. 2 2 3 1 1 2 3 1 2 ,6 - ,6 - 1 1 1 1 2 3 3 3 - - 3 2 1 1 1
1 ,7 ,7 1 ,6 - - - ,6 - 0 0
%END