%二零三钢琴.txt
% 出处 https://www.jianpujia.com/
title=二零三钢琴
tag=毛不易,分类/钢琴谱
usertag=毛不易,分类/钢琴谱
tagroute=
transcriber=jianpu2-auto
status=ocr
source=jianpujia-150712
todo=refine the filename
%--
4/4
subtitle=score
x 2 5 x 1 1 1 2 ,6 ,7 1 1 - ,5 2 1 3 ,6 - 1 ,7 1 2 ,5 - ,5 2 1 3 2 6 2 5 2 5 1 5 1 2 3
0 0 4 1 4 5 5 2 5 3 7 3 6 3 6 x - - - - - - - - - - x 3 3 2 1 1 1 1 ,6 ,5 ,5 - 3 2
1 3 6 - 1 7 1 2 3 5 6 3 2 1 x 5 2 6 2 5 2 5 1 5 1 2 3 2 1 1 4 1 4 5 5 2 5 3 7 3
6 3 6 x - - - - - - - - - - - 3 3 1 1 6 1 6 1 6 1 2 6 7 5 3 5 3 - 0 0 1 2 7 1 1
5 6 3 3 - 2 6 2 5 2 5 1 5 1 2 3 4 2 3 4 1 4 5 2 5 3 7 3 6 3 6 x 0 - - 0 0 0 0 -
0 - x 3 7 x x 1 2 7 1 1 5 6 3 3 1 1 1 1 6 1 1 2 3 6 1. 0 2 6 2 5 2 5 1 5 1 2 3 2
1 4 1 4 5 2 5 3 7 3 6 3 6 x - - - - - - - - - 4 1 1 1 1 2 6 7 1 1 - 0 1 2 5 1 -
2 1 2 7 5 5 1 - 1 2 6 2 5 2 5 1 5 1 2 3 5 0 4 1 4 5 5 2 5 3 7 3 6 3 6 1 4 5 ,5 4
3 2 1 4 3 - - 0 6 1 - 2 6 - 7 1 2 1. 7 2 6 2 5 2 5 1 5 1 3 5 1 5 3 4 1 4 5 2 5 3
7 3 6 3 6 x - - - - - - - - - -
%END