%二零三_2.txt
% 出处 https://www.jianpujia.com/
title=二零三
tag=
usertag=
tagroute=
transcriber=jianpu2-auto
status=ocr
source=jianpujia-76187
%--
4/4
subtitle=score
q1 - - q1 - - q1 q1 2 x 0 0 3 2 1 3 6 - 1 7 1 2 5 - 3 2 1 3 2 1 1 6 5 1 0 0 0 0 4 1
4 5 5 2 5 3 7 3 6 3 6 2 6 2 5 2 5 x - - - - - - - 5 3 - 3 2 1 3 6 - 1 7 1 2 3 5
3 3 2 1 7 1. 2 6 7 1 1 1 5 1 2 3 2 1 4 1 4 5 5 2 5 3 7 3 6 3 6 2 6 2 5 2 5 x - -
- - - - - - - - x x 1 - 0 0 2. 1. 0 1 2 ,7. 1 5 ,6 3 ,3 - 1 1 5 1 2 1 5 3 1 5 1 1 5 1
4 1 4 5 2 5 3 7 3 6 3 6 x - - - - - - - - - x 1 3 x 1 1 2 7 1 1 5 6 3 3 1 1 1 1
6 1 1 2 3 6 1. 0 1 - - 0 0 0 - - - 0 1 2 6 2 5 2 5 1 5 1 0 2 3 0 4 1 4 5 2 5 3 7
3 6 3 6 x - - - - - - - - - x 1 7 x ,2 3 ,4 1 1 ,7 6 5 ,5 - 1 2 ,7 1 1 5 ,6 3 ,3 - 1 2
6 ,1 ,6 ,4 q5 2 5 6 7 1 7 6 4 1 ,4 5 2 ,5 3 7 ,3 6 3 ,6 x 2 1 x 1 2 ,7 1 1 ,5 ,6 ,3 ,3 ,1 ,1 1
1 ,6 1 1 2 3 1 1 0 x 2 6 2 5 2 5 1 5 1 0 2 3 0 4 1 4 5 2 5 3 7 3 6 3 6 x 0 0 0 0
0 0 0 0 0 1' 1 x 2 5 x x 1 1 1 2 6 7 1 1 - 5 2 1 3 6 - 1 7 1 2 5 - 5 2 1 3 x - -
- - - - - - - - 1 2 6 2 5 2 5 1 5 1 2 3 0 0 4 1 4 5 5 2 5 3 7 3 6 3 6 x - - - -
- - - - - - x 3 3 1 2 1 1 1 1 6 5 5 - 3 2 1 3 6 - 1 7 1 2 3 5 6 3 2 1 1 - - - -
- - - - - - - qx 5 1 2 6 2 5 2 5 1 5 1 2 3 2 1 1 4 1 4 5 5 2 5 3 7 3 6 3 6 x 0 0
0 0 0 0 0 0 0 0 0 3 3 1 1 6 1 6 1 6 1 2 6 7 5 3 5 3 - 0 0 1 2 7 1 1 5 6 3 3 - 1
2 6 2 5 2 5 1 5 1 2 3 4 2 3 4 1 4 5 2 5 3 7 3 6 3 6 x - - - 0 - 0 0 0 0 0 x 3 7
x 1 1 2 7 1 1 5 6 3 3 1 1 1 1 6 1 1 2 3 6 1. 0 1 2 6 2 5 2 5 1 5 1 2 3 2 1 4 1 4
5 2 5 3 7 3 6 3 6 x - - - - - - - - - 1 1 1 2 6 7 1 1 1' - 0 1 2 5 1 - 2 1 2 7 5
5 1 - 1 1 2 6 2 5 2 5 1 5 1 2 3 5 0 4 1 4 5 5 2 5 3 7 3 6 3 6 1 4 5 ,5 4 3 2 1 4
3 - - 0 6 1 - 6 2 - 7 1 2 1. 7 1 2 6 2 5 2 5 1 5 1 3 5 1 5 3 4 1 4 5 2 5 3 7 3 6
3 6 x - - - - - - - - - - 1' 1 x 4 x 1 1 1 x 5 7 5 5 6 1 3 2 3 3 - 3 2 1 3 6 - 1
7 1 2 5 - 3 2 1 3 5 1 1 1 1 1 1 1 1 2 6 2 5 0 1 1 - 0 0 4 1 4 5 5 2 5 3 7 3 6 3
6 x - - - - - - - x 3 3 x 2 1 1 1 1 6 5 5 - 3 2 1 3 6 - 1 7 1 2 3 5 6 3 2 1 1 2
6 2 5 2 5 1 5 1 2 3 2 1 4 1 4 5 5 2 5 3 7 3 6 3 6 x 0 0 0 0 0 0 0 0 0 0 x 1 1 1
1 6 6 6 2 6 7 1 1 - 3 2 1 3 6 - 1 7 1 2 5 - 3 2 1 3 1 - - - - - - - - - - 1 2 6
2 5 2 5 1 5 1 2 3 2 1 4 1 4 5 2 5 3 7 3 6 3 6 x - - - - - - - - - 1 3 1 3 1 1 1
1 2 1 1 1 1 6 5 5 - 3 2 1 3 6 - 1 7 1 2 3 5 6 3 2 1 1 - - - 0 - - - - - - - 1 2
6 2 5 2 5 1 5 1 2 3 2 1 4 1 4 5 5 2 5 3 7 3 6 3 6 x - - - - - - - - - - x 6 5 x
1 1 1 1 1 1 1 1 1 6 6 6 2 6 7 1 1 - 3 2 1 3 6 - 1 7 1 2 3 5 6 3 2 1 7 1 - - - -
- - - - - - - - 1 1 2 6 2 5 2 5 1 5 1 2 3 2 1 4 1 4 5 5 2 5 3 7 3 6 3 6 x 6 x x
1 1 1 1 2 6 7 1 1 - 3 2 1 3 6 - 1 7 1 2 5 - 3 2 1 3 1 - - - - - - - - - - 1 2 6
2 5 2 5 1 5 1 2 3 2 1 4 1 4 5 5 2 5 3 7 3 6 3 6 x - - - - - - - - - - 1' 1 2 1 1
1 1 6 3 3 - 3 2 1 3 6 - 1 7 1 2 3 5 6 3 2 1 7 1 2 6 2 5 2 5 1 5 1 2 3 2 1 4 1 4
5 5 2 5 3 7 3 6 3 6 x - - - - - - - - - - 7 7 1 1 ,3 1 1 1 2 6 7 5 3 5 3 - 5 1 2
1 3 6 - 1 7 1 2 3 5 6 3 2 1 7 5 5 1 2 6 2 5 2 0 1 1 - 0 0 4 1 4 5 5 2 5 3 7 3 6
3 6 x - - - - - - - - x 1 x 5 1 1 3 3 q1 q1 q1 q1 q1 6. 2 - q5 2. 2 - - - 2 1 2 6 2 5 -
1 5 2 3 0 0 0 0 0 0
%END
