%京华春梦.txt
% 出处 https://www.qupu123.com/
title=京华春梦
tag=分类/通俗歌曲
usertag=分类/通俗歌曲
tagroute=
transcriber=jianpu2-auto
status=ocr
source=qupu123-237872
%--
4/4
subtitle=score
x 3 2 3 5 6 ,5 q6 q5 q6 q1 2 5 5' ,,5 q3 2 q2 q6 1 1 ,5 q,6 q5 3 ,3 2' 3 2' 1 - ,6 q,5 3' 1 1 6 ,,,6' ,5 q5
,3 ,5 ,6 5 q6. 1 2 3 6 5 ,6 1' 2' 3 3 2 2 5 6 q5 3 3' 2' 2' 1 - ,6 5 3 1 1 6 ,,,6 ,5 q5 q3 5 q6 5 ,6
1 2 2 0 3 5 2 6 ,,6 1 1 1 q,,7 6 ,7' 1 3 3 7 ,7 1 7 ,6 7 1 3 5 2 2 5 4 3 4. 5. 7 7. 6. 6 4 ,,3
2 3 4 ,6 6 5 5 ,5 6 5 3 ,3 2' 3 2' 1 ,6 5 3 1 1 ,,6 ,,,6 ,5 5 ,3 q,,5 ,6 5 ,6 1 2 - 0 3 5 2 6 ,,,6 1
1 0 3 5 2 ,6 q,,6 1 1 - 1 - 0 0
%END