%亭亭.txt
% 出处 http://www.jianpu.cn/
title=亭亭
tag=孟庭苇
usertag=孟庭苇
tagroute=
transcriber=jianpu2-auto
status=ocr
source=jianpucn-472723
todo=add tags
%--
4/4
subtitle=score
1 - - - qx. 1' x x 5 6 1 6 5 3 6 5 2 3 2. 2 3 5 3 5 3 2 6 3 3 - - 5 6 1 6 6 6 - - -
- - - - - - - 5. 6 2 2 3 5 6 5 6 5 5 6 1 1 5 6 1 6 5 3 6 5 2 3 2. 2 3 5 3 5 3 2 6
3 3 - - 5 6 1 6 6 5 6 5. 6 2 2 3 5 6 5 6 5 5 6 1 1 - - 1 2 2 1 6 5 3 6 5. 5 6 1 5
6 1 6. 5 5 2 2 3 3 - - 1 2 2 1 1 6 - - - - - - - - - - - - - - 3 6 5. 5 6 1 5 6 1
6. 5 5 3 3 5 5 0 0 0 0 2 3 5 2 3 6 - - - - - - - - - - 2. 3 2 2 1 2. 3 3 5 3 5. 3 3
6 3 - - - 2 3 5 3 3 6 2. 3 2 2 1 - - - - - - - - - - - - - 6 1 2 2 2. 3 3 5 3 2 3
5 3 3 6 2. 3 2 2 1 2. 3 3 5 3 5. 3 3 6 3 - - - 2 3 5 3 3 6 2. 3 2 2 3 5 3 5 2 3 6 6
1 1 - - 3 2 1 6 5 3 5 2 3 6 6 1 1 - 2 3 5 3 5 2 3 3 - 6 - 1 - - -
%END