%亲密爱人&nbsp;&nbsp;_5.txt
% 出处 http://www.jianpu.cn/
title=亲密爱人
tag=
usertag=
tagroute=
transcriber=jianpu2-auto
status=ocr
source=jianpucn-54896
%--
4/4
subtitle=score
3 2. 5 3 2 3 2. 6 3 2 2 5 6 7 3 5 1 4 5 2 q1 q1 7 2' 1' 6 5 1 ,4 2 2 4 1 - 0 2 - 0 1 2
5. 5 5 1 2 6. 6 6 6' 1 1 2' x 6 x 5 x ,3 2 3 0 3 3 x x ,1 5 qx q5 5 - 1 2 3 6 6 - 6 7 q1
2. 3 6 5 1 6 1 - - 0 1 7. 7 7. 5 3. 3 6 6 7 6. 1 7. 7 7 7 5 3 0 3 3 ,,2' 1' 1' 1' 5 6. 6 6. ,6
6 6 5 4 5. 4 5 6. 6 6. ,6 6 6 5 - - 5 3 2 3 - 5 2 3 ,6 ,6 6 ,7 1 2. 3 2. 3 6 5 2 1 3 - 5
2 3 - 5 2 3 ,6 ,6. 6 7 1 2. 2. 3 6 5 ,,1 - 0 qx 1. 2. 1. 1. 5 0 0 7. 6 3 3 2. 5 3 2. 5 ,6 3 3 0
1 2. 1 5 - 6 7. 6 - 2. 5 2. 5 ,6 1 1 0 2 0 1 ,6 1 1 1 1' 7 3 6 5 1 4 3 5 2 1 1 1' 7 1' 2'
1' 1 3' 3' 6 5 1 4 - 3 4 - 5 0
%END
