%亲圪蛋下河洗衣裳.txt
% 出处 http://www.fysongs.cn/songku_show.asp?id=43394
title=亲圪蛋下河洗衣裳
tag=
usertag=
tagroute=
transcriber=jianpu2-auto
status=ocr
source=fysongs-43394
%--
4/4
subtitle=score
1 - - - qx ,x q,x. x x x 5 5 5 4 3 2 3 2 1 2 2 2 1 7 6 7 6 3 5. 6 3 5. 6 5 - 3 5. 6 5 -
3 ,3 5. 6 6 1 2 4. 3 2 - 5 2. 1 6 1 2 3 6. 3 - 3 5. 6 5. 6 2 4. 3 2' - 5' 2. 1 6 1 3 2 1 2
3 2 1. 3 2 3 5 7 6 5. 6 1 6 1 3 2' 1 - 5 5 4 3' 2 3 2 1 x 2' 2' 2 1 7 6 7 6 3 5. 6 3. 2
1. 3 3 5. 6 5 - 5. 6 5 - 3' 5. 6 5'. 6 1 2 4. 3 2 - 5' 2. 1 6 1 2' 3 6. 3 - 3 5. 6 5. 6 1 2 4.
3 2 - 5 2. 1 6 1 3 5 2. 1 6 1 3 2 3. 5 7 6 5. 6 1 6 1 3 2 1 - x x x x x x x x 5 x 4'.
3 2. 3 2 0 3 2' 1 6 0 1 6 5 - 3 3. 2 1'. 3 3 q5. s6 5. q6 3 q5. s6 5 0 q6 q0 0 0 5 q0 q6 5 5
%END
