%亲密爱人&nbsp;&nbsp;_2.txt
% 出处 http://www.jianpu.cn/
title=亲密爱人
tag=
usertag=
tagroute=
transcriber=jianpu2-auto
status=ocr
source=jianpucn-34899
%--
4/4
subtitle=score
x 3 q2. 5 3 2 3 q2. 6 3 2 ~ 2 - 5 6 q7 q3 q6 q5 q1 q4 q3 q5 q2 q1 q1 7 3 2' 2' 3 3' 3 6 5 5 4 2 3
2 1' 4 1 - - 0 2 - - 0 x 1 2 3 5. 5. 5 5 - 1 ~ 1 2 2 3 6. 6. 6 6 - ,6 ,7 1 2. 3 6 5 3 2
3 - - 0 1 2 3 5. 5 5 - 1 2 3 6. q6 6 - ,6 ,7 1 2. 3 6 5 1 ,6 1 - - 0 7. ~ 7 7. ,x 5 3. 3 6
6 7 6. 7. ~ 7 7 7 x' 5 3 0 3 3 3 2' ,1 7 1. 5 6. ~ 6 6. 6. 6 6 6 5 4 4 5. 4 3. 5 6. 6 6 6 6
6 1 6 5 - - 5 3 3' 2 3 - - 5 3 1 2 3 ,6. ,6 ,6 ,7 ,7 ,7' 1 1 2. 3 2. 2. 3 6 5 2 ,1 3 - - 5 3
2 3 - - 5 3 2 3 ,6. ~ ,6 ,6 ,7 1 2. q3 2. q3 6 5 q1 6 1 - - 0 x 1 2. 1 5 - 6 7. 6 3 - 3 2. 5
3 2. 5 6. 3 3 - 0 1 2. 1 5 - 6 7. 6 3 - 3 2. 2. 5 3 2 5 5 ,6 1 1 - 0 x 2 - - 0 4' 2 ,6 1
~ 1 1 1 7 3 6 5 1 4 6 5 2 1 1 1 7 1 2 1 3 6 5 1 4 1' 3 4 1' 5 - - 0 x
%END
