%人来人往钢琴.txt
% 出处 https://www.jianpujia.com/
title=人来人往钢琴
tag=分类/钢琴谱
usertag=分类/钢琴谱
tagroute=
transcriber=jianpu2-auto
status=ocr
source=jianpujia-150685
todo=refine the filename
%--
4/4
subtitle=score
6 7 6 5 5 5 5 3 2 2 2 2 7 5 2 3 2 7 1 7 1 7 5 6 7 1 6 6 7 7 6 5 7 x 5 5 1 5 1 5
4 2 4 2 5 2 5 2 3 7 3 7 6 3 6 3 4 1 4 1 2 6 2 6 5 2 1 - - - - - - - - - - - - -
- - 6 7 6 5 5 7 5 7 5 7 3 2 ,4 2 3 3 5 ,7 3 1 1 1 7 ,6 1 1' 1 5 6 5 5 1 1. 1 1 7 3 6
5 4 6 5 5 2 3 7 3 7 4 2 4 2 3 7 3 7 6 3 5 3 4 1 6 3 1 3 2 6 2 5 2 x - - - - - -
- - - - - - - x' 1' 6 7 1 - ,5 ,3 6 7 6 5 5 5 3 5 3 1 1 2 ,4 6 4 5 7 2 5. ,7 5 1 1 7 2
,6 1 3' 6 3 4 1 4 1 7 6 5 3 5 ,1 1 5 1 5 ,1 1 0 3 3 3 4 4 4 5 5 6 6' 5 3 3' 4 1 6 4 1
3 7 x - - - - - - - - - 5 3 3 1 1 6 4 6 1 7 5 6 4 5 3 5 3 3 3 1 1 2 3' 3 7 3 7 3
5 ,6 1 1 1 6 ,7 2 5 2 7 1. 1 1 ,6 4 ,5 3 ,5 5 3 7 4 1 5 2 5 1 5 1 7 5 7 6 3 1 6 3 7 3
7 4 1 4 1 5 2 5 2 1 5 4 1. 1 0 0 - - 0 0 0 0 - - - - - - - - - - 1 2 ,5 5 3 2 1 6
3 5 5 5 4 3 5 1 3 5 5 5 5 1 5 1. 3 ,7 - 0 1 ,1 1 5 3 1 4 6 ,1 1 5 ,1 q7 5 7 5 q6 3 6 3
4 1 4 1 5 2 7 5 5 3
%END
