%人生还如初见时美丽.txt
% 出处 https://www.qupu123.com/
title=人生还如初见时美丽
tag=
usertag=
tagroute=
transcriber=jianpu2-auto
status=ocr
source=qupu123-311025
%--
4/4
subtitle=score
,5 1 5 5 x 4' ,5 ,6 1 5 - ,6 ,7 1 0 0 5 4 ,1 4 3 4 5 2 ~ 2 ,1 ,1 2 3 7 6 ,1 2 3 7 5 3 ,x. ,5
3. ,1 ,6. ,6 - ,5 0 ,1 5 3 3. ,5 ,6 5 3 ~ 3 2 1 ,1 2 3 1 ,6 ,1 5. 5 2 3 ,5 ,6 1 5 3. 1. 6 3 2 ~ 2
- 0 1 2 3 5 5 3 6 6 5 5 - 1 2 3 5 5 3 6 ,1 2 3 5 ,,1' 2 3 5 1 ,6 0 5 5 6. 3 ,3 ,3 - ,6 ,3
6 6 1 ,1 ,1 1. ,6 5. 5 6 3 ~ 3 - 3 5 ,1 6 6 1 ,6 2 3 2 ~ 2 0 0 ,1 ,1 2 ,7. 0 ,5 ,5 ,3 1. 2 ,1 0
,6 - ,3 ,4 ,3 5 3 4 3 ,5 ,6 ,7 ,3 ,1 ,6 ,7 ,3' ,1 6 6 6 x 4 2 3. ,6 6 6 0 6 6 6 6 6 x 4 3 3 2 3
- 2. 2 0 3 ,1 ,6 3 2 2 0 0 5 5 - 5 5 5 5. 3 7. 6 6 6 - 0 - 6 - 7. 0 6 - 6 - 6 - 1 7. 7
3 ,1' 6 - 6 - 6 - 6 -
%END
