%人间钢琴_2.txt
% 出处 https://www.jianpujia.com/
title=人间钢琴
tag=
usertag=
tagroute=
transcriber=jianpu2-auto
status=ocr
source=jianpujia-252439
%--
4/4
subtitle=score
q1 - - 4 qx - - 7 0 1 qx x. x 5 3 3 2 2 1 1 5 5 6 1 2 3 6 5 5 3 3 2 1 2 6 0 5 6 1 1
1 2 1 3 5 3 2 1 1 3 2 5 6 1 2 1 1 1 1 1 1 1 1 1 1 1 1 1 1 ,7 2 ,6 1 ,6 1 3 ,7 3 ,7 4
2 4 2 4 2 5 5 5 5 6 6 6 5 4 4 5 5 6 6 5 - 5 3 3 2 2 1 1 5 5 6 1 2 3 6 5 5 3 3 2
1 2 6 0 5 6 1 1 1 2 1 3 5 3 2 1 6 1 3 5 6 1 2 1 1 1 1 1 1 1 1 1 1 ,7 2 ,6 1 3 ,7 4
2 4 2 1 1 1 5 5 5 6 6 6 5 4 4 3 5 6 5 1 5 1 x x x x x 3 5 3 5 3 6 5 6 5 6 1 2 3
5 3 5 3 6 5 6 1 3 2 3 1 2 3 3 5 3 5 3 1 7 6. 5 6 6 7 1 3 3 ,7 1 1 3 ,7 1 1 4 2 3 ,7
1 1 3 5 6 6 3 5 6 6 2 6 3 5 6 6 6 7 1 3 3 x - - 1 3 2 3 1 2 3 3 5 3 5 1 7 6. 5 6
6 1 3 5 ,3 1 - - - 3 5 2. 1 2 4 0 2 4 3 5 2 6 3 5 6 6 6 1 3 5 5 6 - 7 - 1 5 1 5 3
5 2 5 2 7 x - - - - - - 1 7 x. 4 4 3 2 3 4. 5 5 6 5. 5 4 3 2. 1 2 3 2 6 6 5 4 5 0 1
1 6. 7 7 1 5. 1 1 7 6 5 4. 3 4 - 5 2. 1 4 0 2 3 1 2 6 2 6 4 6 3 6 3 1 4 1 4 1 6 3 1
3 1 5 2 6 2 6 4 5 2 5 2 7 2 1 5 1 5 3 5 2 5 2 7 x - - - - - - - - - - - - 0 - -
- - 2 1 ,4 2 3 5. ,5 3 7 2 4 3 1 3 1 3 1 3 1 3 1 4. 6. 5 7 5 7 ,1 1 5. 5. 1 1 5 7 6 4 3
5 2. 4. 3 1 3 1 - 3 5 - - 3 5 5 7 3 3 6 3 6 3 1 3 4 1 4 1 6 3 1 3 1 5 2 5 1 - 1 5
1 5 2 3 1 5 1 5 2 3 1 0 0 - - - - - - - - - - - 2 5 6 4 - - 6 4 5 7 ,6 1 - - ,6 1
3 ,1 ,7 2 - - - 4 6 5 3 2. 4. 3 1 3 1 - 5 2 5 5 2 6 2 6 3 4 2 6 2 6 3 4 4 1 4 1 5 6
5 1 4 1 5 6 5 2 5 2 6 7 6 - - 2 5 1 - x 0 0 - 0 0 - - - - - - - 0 0 - 1 5 2 3 5
5 2 3 5 5 2 3 5 5 6 3 5 6 1 1 5 6 1 3 5 6 1 2 3 5 2 3 5 5 2 3 5 5 2 3 5 5 6 3 5
6 3 3 5 6 3 2 5 6 2 2 5 6 2 1 1 ,7 ,6 ,6 ,7 1 1 ,7 ,6 ,5 ,1 1 1 ,1 ,7 ,6 ,6 ,6 ,6 ,7 ,1 1 1 ,1 ,7
,6 ,6 ,5 ,5 x 3 3 x x 1 2 2 3 6 5 5 2 5 2 5 2 1 2 2 3 5 5 2 5 2 3 5 5 2 1' 5 3 - - -
x x 1 4 4 5 4 4 5 x 5 4 4 4 4 5 5 5 5 4 4 4 4 5 5 5 5 1 - - - x 1 1 1 1 1
%END
