%人间烟火_2.txt
% 出处 http://www.fysongs.cn/songku_show.asp?id=50849
title=人间烟火
tag=
usertag=
tagroute=
transcriber=jianpu2-auto
status=ocr
source=fysongs-50849
%--
4/4
subtitle=score
qx q1 - - 6 6 3 3 4 4 x 3 x ,1' 1 x' 1'. 1 6 1 2 3 6 2 5 1 - 3 1 1 1 2 3 6 2 5 1 2 3 5
6 5 2 1 3 1 1 2 3 6 2 5 1 ,7 ,3 ,7 5 3 ,6 ,6 ,3 ,6. 7 1 3 2 - 2 ,7 2 3 ,7 5 6 ,6 ,6 ,3 ,6. 7 1
2 3 2 ,7 ,5 5. 2 - 3 3 3 5 6 5 3 5 1 2 3 3 2 2 3 5. 2 3 x 3 ,6 1 1 2 3 1 2 2 ,7 3 2 ,7
1 7 ,6 1 1 2 3 5 6. 5 6 6 5 3 5 3 3 3 6 1 2 3 1 2 2 7 5 5. 2 3 1 1 2 3 5 6. 5 - 6 6
5 3 5 3 3 3 6 1 2 3 1 2 2 7 3 2 7 1 7 6 7 3 2 7 1 7 6 7 3 2 7 1 7 6 3 6 1 2 3 1
2 2 7 3 2 7 1 7 6 3 6 1 2 3 1 2 2 7 3 2 7 1 7 6 - - - - - - - - - - 1
%END
