%人间情爱.txt
% 出处 http://www.jianpu.cn/
title=人间情爱
tag=刘欢
usertag=刘欢
tagroute=
transcriber=jianpu2-auto
status=ocr
source=jianpucn-136307
%--
2/4
subtitle=score
q1 - - 4 2 x. x x 1' 0 x x 1. 0 0 6 5 6 4. 3 5 2 - 2 - 0 2 3 5 ,7. ,6 ,5 ,6 - ,6 - 0 ,5 ,6 5
5 5 3 2 2 ,7 ,6 ,5 ,4 ,5 ,6 ,5 - x ,6 3. 2 2 1 2 3 5 ,5 ,6 - q5 3 5 6 5 6 5 3. 5 ,6 5 3 2 2 -
,6 ,6 ,6 3 3' q2' 2 1 2 3 5 ,7 ,6 ,7 ,6 ,5 ,3 2. 1 2 2 5 3' 2' 2 7 ,6 2 2 ,7 6' 5 5 ,6' ,6' ,5 - 6 6 3
2 2 3 - 6 6 3 2 2 q1. 3 3 3 2 2 3 3 q5 6 5 5 6 6. 7 6 5 5' 3 2 3 - 3 3' 2 1 0 6 3 2 1
0 3 3 3 7 7 ,6 ,5 ,3 ,6 ,5 ,6 ,6 5 6 5 5 q5 3 3 2 0 ,6 1. 3 5 2 0 0 3 5 5 ,7 0 2 ,7 ,6 0 2 2
2 ,7 ,6 0 ,5 ,4 ,5 ,6 ,5 x 3 5 2 0 3 5 ,7 0 2 ,7 ,6 0 2 2 2 ,7 ,6 0 ,5 ,4' ,5 ,5 ,6 ,5 - x ,5 ,5 3 5
2 0 0 3 3 q5 ,7 0 2 ,7 ,6 0 2 2 2 ,7 ,6 ,5' ,4 ,5 ,6 ,6 - ,6 ,5 ,5 -
%END