%什么雪能和你白头.txt
% 出处 https://www.qupu123.com/
title=什么雪能和你白头
tag=分类/谱友上传
usertag=分类/谱友上传
tagroute=
transcriber=jianpu2-auto
status=ocr
source=qupu123-396190
%--
4/4
subtitle=score
1 - - - x ,x 1' x 1' x x' 1 2 1 2 2. 1 1 2 1 1 2 2' 2 1 2 0 3 1 5 0 0 3 5 3 2 1 0 5 3
2 1 1 2 1 1 5 ,6 ,1 0 0 0 ,6 ,6 ,6 ,5 5 6 ,3 0 0 0 ,2 2 3 ,2 ,2. ,5 ,5 ,6 ,6 s1 q,5 q6 s5 q1'. s1 q2 q2 d6
5 ,3 0 3 x 3 0 3 0 2 2' 1'. 2. 1 2 2 3 1 ,x 0 5 5 5 3 5 3 5 0 1 2 1 2 2. 2 2 2 2 2. 2 2
2 2 1. 5 6 5 6. 3 5 5 3 5 3. 2 6 6 6 1 6 1 6 5 3 1 0 0 2. 3 1 2 2 3 5 5 2 2' 2 1 2 2
1'. 2'. 2 5 5 5 2 1 0 5 ,4 1 2 3 5 1 1 5 3 1 2. 3 1 2 2 3 5 5 3 2 2 5 3 3 1 q1 1 1
%END
