%今天看我.txt
% 出处 http://www.fysongs.cn/songku_show.asp?id=34272
title=今天看我
tag=
usertag=
tagroute=
confidence=0.934
conf_p10=0.742
transcriber=jianpu2-auto
status=ocr
source=fysongs-34272
%--
4/4
subtitle=score
,5 q,5 ,5' 6' x 2 3 3' ~ 3' 0 4 3 2 ,1 3 ,5 0 0 0 ,5 ,5 ,6' ~ 6' 1 2 q3 3 ,1 ,7 ,6 4 4' 4 5 2 ~ 2 0
0 0 1 0 1 3 q2 2 ,7 ,6' ~ ,6' ,5 4 q4 q4 4 1 2 3 ~ 3 0 0 0 1 0 0 ,6 1 3 3 2 ~ 2 7 0 ,6 ,5. ,6
1 3 4 1 1 1 ~ ,1 2 ,5 ,5 ,5' 1 2. 3 3' ~ 3 0 4 3 2 ,1 3 ,5 0 0 0 ,5 q,5 ,5 ~ ,5 1. 2 3 3 3' 2 3
4 3 1 2 ,3 ,1 1 0 0 ,5 3 0 x 2 3 ,4 3 3 0 2 0 1 0 x. 1' x ,1 2' 1' 1 0 ,x 0 ,6 ,6 ,7 ,1 1 2 1
5 6 3 4 3 2 q1 3 2 0 0 ,5 3 0 2 3 3 4 3'. ~ 3 3' 0 2 0 1 0 ,7 1 2 1 x 0 0 ,6 ,6 q,7 ,7 x 2
,1 5 5 3 4 ,4 3 1 0 3 ,1 1 0 0 ,5 0 0 0
%END
