%从何说起钢琴.txt
% 出处 https://www.jianpujia.com/
title=从何说起钢琴
tag=分类/钢琴谱
usertag=分类/钢琴谱
tagroute=
transcriber=jianpu2-auto
status=ocr
source=jianpujia-252602
todo=refine the filename
%--
4/4
subtitle=score
1 - - q1 - - 0 1. q1' x 0 0 0 0 1 2 5 3 2 5 6 7 1 5 0 5 6 7 1 6 5 1 0 0 0 0 1 5 1 7
5 7 6 3 6 3 7 5 4 1 6 3 1 5 5 4 3 2 1 5 0 0 0 0 0 1 2 5 3 2. 0 ,3 ,5 3 2 1. ,7 qx 2 6
2 3 4 3 1 6 ,4 ,2 - - 0 1 3 ,5 7 2 ,5 6 1 ,6 3 5 1 5 x x ,6 ,7 1 ,6 1 1 5. 5 2 ,5 1 2 5 3
2. 0 ,3 ,5 3 2 3 2 1 4 6 4 3 5 3 1 2 6 1 5 7 5 2 1 3 5 7 2 5 7 6 1 6 5 3 5 5 x - -
- - - - - - - - - - x 1 3 x 1 1 1 6 1. 6 1 - 2. 1 1 - - 0 1 2 3 4 3 2 1 6 4 6 ,4 3
5 3 1 2 6 4 6 5 7 ,7 1 5 3 4 5 2 2 0 6 2 ,4 6 4 ,2 x 1 7 x 1. 2 3. 1 2 3 4 3 4 3 2 1
- 6. 5 5 - - 0 x 4 6 1 6 1 3 6 5 1 3 6 2 4 2 4 4 1 4 6 4 0 5 2 5 7 2 7 5 5 x - -
- - - - - - - -
%END
