%仿如隔世.txt
% 出处 http://www.fysongs.cn/songku_show.asp?id=37402
title=仿如隔世
tag=
usertag=
tagroute=
confidence=0.953
conf_p10=0.878
transcriber=jianpu2-auto
status=ocr
source=fysongs-37402
%--
4/4
subtitle=score
,5 0 5 ,1 2 3 4 3 3 2 ,1 3 5 5 5 5 q6 5 q5 3 5 6 7 q1' 2' 2' q3' 7 7 ,1' ,1' 2' 6 6 7 7 1' q1' 6 7
1' 1' - - - 0 4 q3 3 2 q1 ,1 5 5 5 5 3 q6 q5 5 5 6 ~ 6 ~ 6 6. 3 q2 ,1 ,1 q1 3 2 1 1 6 2 2 0
0 3 4 3 3 2 1. ,1 q,1 ,5 5 5 5. 3 6 5 5. 5 ,x x' 6 6 6 6. x 3 2 1' 1' 1. x 3 1 2 1 1 x 6' 2 2
q1 2 3 1 3 5 5 5 5 5 4 3 2 2 0 2 3 4 4 q6 6 6 6 6 3 q2 q1 1 0 0 0 1 x 1 6 6 6 6. 6' 6
6 6 6 6 6 6 6 3 1 5 5 5 5 5 q5 3 2 2 1 1 ,1 3 3 2 2 1 1' ,1 2 0 q3 2 ,1 q1 ,6 ,1 0 1 0 5
,1 2 3 4 0 0 3 2 ,1 3 q5 5 5 5 6 q5 q5. q3 q5 q6 q7 q1' 2' 2' 3' 7 q7 ,1' 7 7 5 6' 0 6 6' 6' 7 1 0 4
3 4 1 - 5 - 0 3 3 3 3 3 3 3 2 1 1 ,1 ,1 ,1 1 ,1 1 ,5 q5 q1 q2 2 2 q2 2 2 2 q0 ,1 2 3 3 3 3
q3 3 3 - 1 7 6 5 5 3 3 3 2 q0 3 3 2 ,1 q1 0 0 6 1 - 6 7 ,1 6 7 7 1 1 6 5 1 4 5 5 q6 1
- ,5 0 5 ,1 2 3 4 3 3 2 ,1 3 5 5 5 5 6 5 5. 3 5 6 7 q1' 2' 2' 3' 7 7 ,1' 7 7 5 6 6 q0 6 1' 4'
3' - - - x.
%END
