%但愿人长久钢琴_2.txt
% 出处 https://www.jianpujia.com/
title=但愿人长久钢琴
tag=
usertag=
tagroute=
transcriber=jianpu2-auto
status=ocr
source=jianpujia-150360
%--
4/4
subtitle=score
1 1 6 5 6 1 1 - - - 1 1 6 5 6 2 2 - - - 1 5 1 5 5 5 1 7 6 3 6 3 3 3 6 5 4 1 6 4
4 1 6 0 5 4 2 4 x - - - - - - - - - - - - 3 1 6 3 1 6 2. 1 6 - 4 4 6 1 2 2 - - -
6 3 6 3 3 3 6 5 4 1 4 1 1 6 4 1 2 6 4 2 2 6 2 2 5 5 1 6 6 7 1 2 x - - 0 - - - -
- - - - - - - 0 - x x 1 1 6 5 6 1 1 - - - 1 1 6 5 6 2 2 - - - 1 1 5 1 5 3 5 1 3
6 3 6 7 1 3 7 6 4 1 4 1 3 1 3 1 2 2 4 6 6 2 1 6 x - - - - - - - - - - - - - - 0
- 3 1 6 3 1 6 2. 1 6 - 4 4 6 1 2 2 - - - 6 6 1 6 6 6 1 6 2 6 2 6 6 4 2 6 4 1 4 1
6 1 4 6 5 2 5 2 7 2 1 0 x - - 0 - - - - - - - - - - - - - x 1 7 x 2 5 7 6 7 1 -
- - 3 2 3 2 3 1 4 5 4 3 2 1 1 5 2 4 2 7 2 5 6 1 5 1 2 3 5 2 3 6 3 6 3 1 6 7 1 4
1 4 1 6 1 4 5 2 - 2 5 6 5 2 - - - 3 2 3 2 3 1 4 5 4 3 2 1 5 2 4 5 7 2 4 2 5 2 5
2 7 2 6 5 6 3 6 3 1 3 6 3 4 1 4 1 6 1 4 1 x 0 - - 0 - 0 0 0 0 0 - - 0 - - 0 2 -
2 5 6 5 2 - - - 1 1 6 5 6 1 1 - - - 5 2 4 2 7 2 4 5 5 2 5 2 7 2 5 0 1 5 1 5 5 5
1 7 6 3 6 3 3 3 6 5 x - - - - - - - - - - - - - - 0 - x 2 x 1 1 6 5 6 2 2 - - -
3 1 6 3 1 6 2. 1 6 - 4 1 6 1 3 1 6 0 5 4 2 4 6 3 1 3 3 3 1 5 4 1 4 1 1 1 6 4 x -
- - - - - - - - - 0 - x 1 4 4 6 1 2 2 - - - 2 5 7 6 7 1 - - - 3 0 0 0 1 1 1 ,1 1
2 6 4 6 6 6 4 2 5 5 7 6 1 7 1 2 5 2 5 0 7 7 2 7 1 5 1 2 3 5 1 0 1 0 0 0 x 0 - 0
0 0 0 - - 0 - 0 0 - - - - 1
%END
