%你伤了我的心1.txt
% 出处 http://www.fysongs.cn/songku_show.asp?id=22667
title=你伤了我的心1
tag=
usertag=
tagroute=
confidence=0.981
conf_p10=0.965
transcriber=jianpu2-auto
status=ocr
source=fysongs-22667
%--
4/4
subtitle=score
0 5 5 5 ,6 ,1 3 3 - 0 5 ,5 ,5 ,6 3 3 2 2 - 0 ,5 ,5 ,5 6 ,1 6 6 5 3 5 5 ,1 ,1 2 2 3' ~ 3 2'. 2'.
2 2 3 2 1 2 ~ 2 - - 0 ,5 5 5 5 ,6 ,1 3' 3' - 0 5 5 5 6 6 3 3 2 2 - 0 q,5 q,5 q5 ,1 6 6 5 3
5 5 3 2 ,1 2 2 3 ~ 3 2'. 2' 2 2 3 2 ,1' ,1' 1'. 1' - 0 5 6 5 3 5 ~ 5. 5 6 5 6 5 ~ 5 5 5 5 6
6 6 6 ~ 6 1. 6 5 3 ~ 3 5 3 3 2 3 2 ~ 2 3 2 q,6 ,1 ~ ,1 ,5 q,5 q,6 2'. 2' - q0 5 6 5 3 5' ~ 5. 5
6 5 6 5 ~ 5 5 5 5 6 6 6 6' ~ 6 1. 6 5 3 ~ 3 q5 3 3 2 3 2 ~ 2 3 2 ,6 ,1 ~ ,1 ,5 ,5 ,6 q2'. 2'
0 ,5 3 2 ,6 ,7 1'. 1' - -
%END
