%你从这里走来.txt
% 出处 https://www.qupu123.com/
title=你从这里走来
tag=分类/民歌
usertag=分类/民歌
tagroute=
transcriber=jianpu2-auto
status=ocr
source=qupu123-333390
%--
4/4
subtitle=score
0 ,5 ,6 1 2 3 5 3 0 3 5 5 3 2 1 ,6. 3 2 0 2 3 2. ,6 1. ,6 ,6 0 ,6 ,6 1 ,1 ,6 ,6 3 3. 2 2 2 3 2
1 ,6 2 1 2 3 3 0 ,5 ,6 1 2 3 5 3 0 3 3 5 5 q3 q2 1 ,6. 3 2 0 2 3 2. ,6 1. ,6 ,6 0 ,6 ,6 1 1 ,6
,6 3 3. 2 2 2 3 2 1 ,6 2 3 2 1 1 0 1 2 4 5 6 1 3 0 3 5 5 3 2 1 6. 3' 2 2. 3' 2. 6 1' 6 0
6 7 1' 7 6 5 3 - - 0 5 6 1 2 5 3' 0 3' 5' 5 3 2 1 6. 3' 2 0 2 3 2. 6 1' 6 - 0 q6 q7 7 q6 q5
6 - - - 0 2' 3' 2'. 6 2'. 1' 6 0 q6 q7 q7 q6 q5 ~ 5 - - - 6 - - - 6 - - 6
%END
