%你在终点等我钢琴.txt
% 出处 https://www.jianpujia.com/
title=你在终点等我钢琴
tag=分类/钢琴谱
usertag=分类/钢琴谱
tagroute=
transcriber=jianpu2-auto
status=ocr
source=jianpujia-149017
todo=refine the filename
%--
4/4
subtitle=score
x 1 x x 1 0 1 2 1 6 7 1 2 5 1 5 5 4 3 3 0 3 5 6 3 2 1 6 6 6 6 5 5 6 7 5 1 3 3 4
4 3 3 4 5 3 1 1 1 1 1 1 2 2 1 - 4 1 4 7 0 2 2. 1 1 7 1 0 1 2 2. 2 2 1 2. 2 6. 6 0 2
1 6 2 1 2 4 4 5 2 5 3 7 3 6 3 6 ,5 1 - 2 ,6 - 2 ,6 - 3 7 6 ,1 6 ,1 6 ,1 6 ,1 6 ,1 6 ,1 6
,1 ,7 5 1 - - - 0 0 0 0 3 3 3 3 3 3 3 2 x 5 5 5 5 5 1 4 4 4 4 3 6 6 7 1 1 1 1 1 -
- - ,6 - - 6 7 4 0 5 ,1 5 ,1 5 ,1 5 ,1 5 ,1 5 ,1 5 ,1 5 ,1 ,7 5 ,7 5 ,7 5 ,7 5 ,7 5 ,7 5 ,7 5 ,7
5 6 ,1 6 ,1 6 ,1 6 ,1 6 ,1 6 ,1 6 ,1 6 ,1 3 3 3 3 3 3 3 3 2 2 2 2 2 2 2 2 3 3 3 3 3 3 3
3 1 7 6 4 3 5 ,1 5 ,1 5 ,1 5 ,1 5 ,1 5 ,1 5 ,1 ,7 5 5 ,1 5 ,1 5 ,1 5 ,1 ,7 5 ,7 5 ,7 5 ,7 5 ,7 5
,7 5 ,7 5 ,7 5 ,7 5 ,7 5 5 ,1 3 3 3 3 3 3 3 2 3 3 3 3 2 2 2 2 2 2 2 2 2 2 3 6 6 7 1 7
7 1 ,6 - - 6 ,7 1 - ,7 - ,7 - - 1
%END
