%你好吗.txt
% 出处 https://www.qupu123.com/
title=你好吗
tag=分类/通俗歌曲
usertag=分类/通俗歌曲
tagroute=
transcriber=jianpu2-auto
status=ocr
source=qupu123-382917
%--
4/4
subtitle=score
- 6 4 x 3 0 6 6 5 5 3 3 2 2 2 1 2 3 ,6 0 5 6 3 0 6 6 5 5 3 3 2 2 2 1 2 3 6. 3 5 5.
3 5 6 5 5 3 3 6 1 1 6 5 5 6 3 5 3 2 2 1 2 3 5 0 6 5 6 1 0 2 3 5 6 6 3 2 0 2 3 5.
3 2 7 2 6 5 6 0 5 6 1 0 3 2 1 2 2 3 1 0 5 6. 1 ,2 3 5 5 6 6 1 6 1 2 2 3 3 6 5 5 5
6 - 1 - - - - 1 5 6 1. 3 3 2 3 2 1 5 5 3 2 1 2 3 5. 0 3 6 6 6 3 6 5 5 6 1 6 5 6 1
2 2 2 1 6 6 3 2 5 6 1. 3 3 2 3 2 1 5 5 3 2 1 2 3 5. 0 3 6 6 6 3 6 5 5 6 1. 7 6 5 6
1 2 2 2 1 2 3 ,6 5 6 1 2 3 6 5 5 6 1 2 2 3 6 1 5 5 3 2 1 2 3 5 ,5 6 6 3 3 1 2 3 6
,6 2 4 2 1 2 4 5 6 5 3 5 6 7 2 1 7 1 2 3 5 3 2 3 5 6. 3 5 5 6 1 2 2 3 6 1 5 6 5 6
1 2 2 3 6 1 5 6 1 2 2 3 6 1 1 0 0 0 - - - - - 1 - - - x 1 x
%END