%你怎么说（邓丽君）.txt
%你怎么说钢琴.txt
% 出处 https://www.jianpujia.com/
title=你怎么说
tag=邓丽君,分类/钢琴谱
usertag=邓丽君,分类/钢琴谱
tagroute=
transcriber=jianpu2-auto
status=ocr
source=jianpujia-150365
artist=邓丽君
%--
4/4
subtitle=score
1 - - 4 qx - - 4 x. x 0 1 1 x. 1 1 1. 2 1 6 5 3. 5 ~ 5 6 1 5 - 0 5 6 1 2 3 2 1 2 3 -
- - ,1 ,5 1 ,5 3 ,5 1 ,5 ,1 ,5 1 ,5 3 ,5 1 ,5 ,1 ,5 1 ,5 3 ,5 1 ,5 ,1 ,5 1 3 5 6 5 3 2 x 5 x 0 5
3 2 3 3 5 6 1. 3 2 - 0 5 5 3 2 5 3 2 1 - - 2 3 5 6 x x 5 x 2 1 x 7 1 1 5 6 1 3 4
1 6 2 6 4 2 5 5 6 1 5 1 3 5 6 1 0 x - - - - - - - - - - x x 1. 2 3 3 5 3 2 1 6 5
- 1 1 2 3 3 5 3 2 3 5 - - 5 6 1 5 1 3 5 7 5 7 3 5 6 3 6 1 3 5 2 5 6 7 5 1 5 1 3
5 6 3 6 1 2 3 5 2 5 6 7 6 5 2 5 x 0 0 0 0 - - - - - 0 0 - - - 0 0 - - x 1 3 x 1.
1 1 2 5 3 5 3 5 3 2 1 - 2 2 1 2 3 2 1 2 3 5 - - - 1 5 1 3 5 6 3 6 1 3 5 3 5 7 3
6 3 6 1 3 1 4 2 2 2 6 2 4 6 5 5 6 7 6 5 2 x 0 0 0 0 - - - - - 0 0 - - - - 0 5 5
3 2 5 3 2 1 - - - 1 - - 2 3 5 6 1. 2 3 3 5 x x 2 x 7 5 5 6 1 5 1 3 5 6 1 1 5 1 3
5 6 1 0 1 5 1 3 5 7 5 7 3 5 x - - - - 1 - - 0 0 0 0 0 0
%END
