%你是一个不懂爱的人.txt
% 出处 http://www.fysongs.cn/songku_show.asp?id=8031
title=你是一个不懂爱的人
tag=
usertag=
tagroute=
confidence=0.992
conf_p10=0.987
transcriber=jianpu2-auto
status=ocr
source=fysongs-8031
%--
4/4
subtitle=score
x 1. 1 0 1 0 3 5 5 3 6 5 5 q6 6 q6 3 7 6 0 5 1 1 1 1 6 5 5 - - 0 5 5 5 3 6 5 5 0 6
6 6 3 7 6 q0 5 1 1 1 1 6 0 1 1 2 2 0 5 q5 5 3. 2 2 q1 ,1 6 0 5 6 7 3 q3 7 7 0 5 6 - 1.
6 5 5 5 - - 0 5 6. 5 5 3 1 1 2 3. 2 2 1 5 0 5 2 2 2 2 2 6 0 2 q3 2 2 5 6 ,1 2 5 3 3.
2 2 3 0 5 2 1 ,1 7 1 - 7 7. 7. 5 3 3 3 6 6 - 5 5 6 1 1 1 1 6 1 1 - 0 6 6 1 2 2 2 2
5. ~ 5 2 2 3 - 5 6 1 2 5 3 3. 2 2 3 0 5 2 1 1 7 1 0 1 7 7. 3. 4 4 5 5 6 6 - 5 5 6 1
1 1 1 6 6 ,1 1 - 0 6 6 1 2 2 2 2 2 2 2' - 3' 2' 1' 2' q1' 1' - 1' - - - 1' 0 0 0
%END
