%你的背包钢琴.txt
% 出处 https://www.jianpujia.com/
title=你的背包钢琴
tag=
usertag=
tagroute=
transcriber=jianpu2-auto
status=ocr
source=jianpujia-150024
todo=refine the filename
%--
4/4
subtitle=score
7 5 1 1 1 5 1 2 2 2 5 2 3 3 3 1 1 1 1 3 3 3 3 4 1 2 1 5. 6 6 5 5 6 1 1 7. 6 6 5 5
3 3 3 2 2. 1 ,3 ,3 q,4 q,6 ,1 ,5 ,1 5 1 7 1 ,5 3 2 1 5 4 1 3 6 1 3 6 1 6 3 1 6 3 1 6 4 3 1
3 6 1 3 6 1 6 3 1 6 3 1 6 3 2 6 1 4 6 1 2 6 4 2 ,2 1 1 - 0 3 6 6 7 7 3 2 3 4 5 4
2 - q3 3 2 1 2 3 3 5 2 1 2 2 1 2 3 2 2 4. 1 3 3 4 4 4 3 3 4 4 1 5 1 5 1 7 1 5 7 2
2 6 2 6 2 1 2 6 2 2 1 5 1 5 7 1 5 1 5 2 6 2 6 2 1 2 6 1 5 6 0 6 5 5 3 3 5 1 2 1
1 5 1 2 4 1 1 1 3 5 1 1 6 3 3 3 0 3 4 1 1 6 3 3 2. 3 ,6 ,6 ,3 ,3 1 1 ,4 ,4 ,4 ,1 ,4 ,1 3 4
,1 ,4 ,1 ,1 ,5 ,1 5 1 7 1 ,5 3 2 1 7 ,6 ,3 ,6 ,3 5 6 ,3 ,6 ,3 ,2 ,6 ,2 6 2 1 2 ,6 1 5 4 1 1 6 1 1
6 1 1 6 5 5 5 0 5 5 5 2 7 3 3 4 1 2 1 5. 6 6 5 5 5 5 6 1 1 1. 6 1 - - - - - - - -
- - - - - - - - - - - - - - 6 6 7 7 7. 4 1 4 1 3 4 1 4 1 5 2 5 2 5 2 5. 5 4 1 1 1
4 1 6 4 1 6 6 1 3 6 1 3 6 1 1 5 3 1 6 3 1 6 6 5 5 3 6 6 5 5 3 3 3 - 0 1 1 3 3 4
1 2 1 q5. 6 6 5 5 5 5 6 1 1 7. 6 5 2 5 7 2 5 7 2 5 2 7 5 7 5 ,2 ,1 ,5 ,1 5 1 7 1 ,5 3 2
1 5 4 1 3 6 1 3 6 1 6 3 1 6 3 1 6 3 3 1 3 6 1 3 6 1 6 3 1 6 3 1 6 3
%END
