%你看不到的天空.txt
% 出处 http://www.fysongs.cn/songku_show.asp?id=21365
title=你看不到的天空
tag=
usertag=
tagroute=
confidence=0.969
conf_p10=0.939
transcriber=jianpu2-auto
status=ocr
source=fysongs-21365
%--
3/4
subtitle=score
1 x 3 4 x x 1 q1 1 q1 q,7 q6' 5' q,5 - - 0 ,3 ,5 ,6 ,7 1 1 ,6 ,5 ,3 - - 0 0 0 1 1 1 q6' 1 2 3 3 ,7
,6 ,5 - q5 q3 ,4 ,6 1 1 2 3 2 - - 0 0 0 1 1 1 1 ,7 6 5' ,5 - - 0 ,3 ,5 ,6 ,7 1 1 2 1 3 - - 0
,5 ,6 1 2' 3 5 3 1 2 - - 0 ,5 ,6 1 2 3 2 1 ,6 1 - - 0 q,6 ,7 q1. 7 6 7 1 q0 q7 6. 7 1 q0 7 q6. q7
1. 2 1 - ,7 1. q7 6. 7 1 0 7 6. q7 1 2 1 ,7 ,6 ,5 - 6. 7 ,1 s7 6. 7 1 0 7 q6. q7 1 0 7 6. q7 1. 2 1
- ,7 ,6 ,7 1 3 5 1 2 - - 2' 1 2 3 3 3. s2 3 5 5 2 2 q2. q1 2 5 5 1 1 1 1 2 3 3 ,7 ,6 ,5 - 5.
q5 ,6 1 1 1 1 1 2 1 ,5 - ,5 1 2 3 4 5 4 3 1 2 - - 2 1 2 3 3 3. 2 3 5 5 2 2 2. 1 2 q5 q6'
5 1 1 1 1 2 3 3 ,7 ,6 ,5 - ,5 ,6 1 1 1 1 6 5 3 2 2 1. q5 3 4 5 4 3 1 3 4 5 4 3 1 1' - -
1 - - 3 3 4 4 x 5 4 3 1 0 0 0 3 4 5 4 3' - 3' - 1 1 - -
%END
