%你的眼睛背叛了你的心1.txt
% 出处 http://www.fysongs.cn/songku_show.asp?id=23052
title=你的眼睛背叛了你的心1
tag=
usertag=
tagroute=
confidence=0.987
conf_p10=0.982
transcriber=jianpu2-auto
status=ocr
source=fysongs-23052
%--
2/4
subtitle=score
0 5 5 5 3 2 2 3'. ~ 3' 0 5 5 5 3 2 2 1 2' ~ 2' 3' 5 3' 6 0 6 1 6 1 1 1 1 2 3 1 5 6 0 6
1 6 3 2 2 1 3 3 2 5 5 5 3 2 2 1 3 ~ 3 0 5 5 5 3 2 2. 1 2 3 3 0 6 1 6 1 1 1 2 3 1
5 6 0 6 1 6 1 1 1 2 3 3. 2 0 3 5 5 5 5 5 5' 3' 3 5 0 5 5 6 1' 2' q2 q3' 3' 3' 2' 1' 6 1' 2' 1'
5 5 6 6 q1' 5 5 6 6 1' 6 5 q5 q6 q1' q2' q2' q3' q3' q3' q2' q1' q6 q5 q6 5. 3 5 5 5 6 5 5 5 3 3 5 0 5 5
6 1' q2' 2 3 3 3 2 1 6 1 2 1 5 5 6 1 6 1 1 5 5 6 1 6 2 6 5 5 6 1 2 2 3 3 3 2 1 6 1.
2 1. 1 0 3 5 5 5 6 5 5 5 3 3 5 0 5 6 1 2 2 3 3 2 3 2 1 1 0 6 5 1 1 1 1 0 1 1 1 1
0 1 1 1 1 2 3 2 2 2 2 - x 2 3 3 3 2 1 6 1 2 1 1 1 1 -
%END
