%你的名字我的姓氏钢琴.txt
% 出处 https://www.jianpujia.com/
title=你的名字我的姓氏钢琴
tag=分类/钢琴谱
usertag=分类/钢琴谱
tagroute=
transcriber=jianpu2-auto
status=ocr
source=jianpujia-251453
todo=refine the filename
%--
4/4
subtitle=score
1 - - q1 q1 - - 0 qx. q1. 0 0 0 0 0 0 0 0 0 0 0 0 0 0 0 0 5 3 ,1 1 7 7 5 5 3 3 1 1 7 7
5 5 3 3 1 7 5 3 1 4 2 6'. 6. ,6 6 ,6 6 ,4 4 ,2 2 6' 6 6 6' 6 6 4 4 2 2 6. 6 6 4 1 2 1 5 1
2 3 5 1 5 1 3 5 3 6 4 6 1 2 4 6 4 6 2 4 2 x - - - - 0 0 - - x 5 x q1 - - qx - - 6
2 x 0 0 0 0 0 0 0 0 0 0 0 0 0 0 0 0 5 ,6 4 ,7 4 5 ,1 7 ,2 5 3 ,1 1 7 7 5 5 3 3 1 1 7
7 5 5 3 3 1 7 5 3 1 4 2 6'. 6. ,6 6 ,6 6 ,4 4 ,1 1 ,2 2 2 6 2 7 ,2 1 ,5 2 2 5 1 5 1 2 3 5
1 5 1 3 5 3 6 4 6 2 4 2 ,2 - ,5 - x x 2. 1 1. 5 3. 2 0 0 3 3 5 4 4 3 2 1 1 2 3 4 2. 5
,1 1 5 1 2 3 5 1 2 3. 2 7 5 2 6 1 6 1 6 7 1 0 1 5 5 ,1 4 ,1 ,7 2 6 0 0 0 0 2 6 2 5 5.
5 6 3 6 4 1 4 5 2 5 2 5 - 1 - - - - -
%END
