%你笑起来真好看_2.txt
% 出处 https://www.qupu123.com/
title=你笑起来真好看
tag=
usertag=
tagroute=
transcriber=jianpu2-auto
status=ocr
source=qupu123-344193
%--
4/4
subtitle=score
0 2 5 2 0 2 5 2 5 3 3 5 5 2 2 1 1 1 2 3 5 5 6 1 1 6 5. 3 3 2 1 1 6 2 x x 5 3 3 5
5'. 2 2 1 1 1 6 5. 3 3 0 4 4 6 5. 3 3 2 1 1 6 1 0 5 5 5 5 5 5 2 0 1 6 1 1 1 3 5 0 1
6 1 1 1. - - 6 5 3 3 2 3 1 ,6 s2 q3 3. - - 3 2 0 ,5 5 s5 q5 5 ,5 2 0 q1 ,6 q1 1 s5 q6 5 0 1 1
1. - - 6 5 3 3 2 3 1 6 2 3 2 1 1 0 3. 4 - - 5 - 0 7 1 - - 2 1 7 7' 1 - 0 7 1 7 5 3
3 6 - 0 5 6 1 2 2 3 3 3. 1. 1 1 - x. 6 2 3 2 1 1 0 5 6 2 3 3. - - - 3 2 0 5 6 2 3 2
1 1 0 1 1 1 - - 6 5 3 3 2 3 1 6 2 3 2 1 1 0
%END
