%你还要我怎样（薛之谦）.txt
%你还要我怎样钢琴.txt
% 出处 https://www.jianpujia.com/
title=你还要我怎样
tag=薛之谦,分类/钢琴谱
usertag=薛之谦,分类/钢琴谱
tagroute=
transcriber=jianpu2-auto
status=ocr
source=jianpujia-150489
artist=薛之谦
%--
4/4
subtitle=score
2 - 3 1 ,6. 5 3 3 3 3 3 2 2 2 5 4 3 - 3 1 2 3 1 5 1 0 0 2 6 1 3 3 - 5 2 5 1 1 2. 1
5 1 5 5 - x 0 - - 0 0 - - - 6. 6 7 7. 7 7 5 5 - 6 7 1 6 6 1. 1 6 1 4 4. 7 7 1 2 2 2
7 5 5 7 2 1 6 3 5 1 1 - 4 1 3 6 6 - 4 4 7 2 2 - 3 3 5 2 2 7. x 0 0 - - 0 0 - - -
2 1. 1 3 6 4 3 6 2 6 2 1 7 7. 5 3 2 3 2 4 2 4 3. 1. 3 1 - 1 x 1 1 1 6 3 6 7 1 - 2 6
1 4 4 - 5 2 5 1 2 - 1 1 4 5 7 1 2 5 x 0 0 - - 0 0 - - - - 7. 1 6 6 2. 2 6 6 2 2. 2
5. 3 5 2 3 2 2 6. 6 3 2 2 5 2 2 1 7 1 5. 2 2 2 2 5 5 1 - 5 - 2 6 1 4 4 - 5 2 5 7 7
- 3 7 2 5 5 - x - - - - - - x 5 x 4 3 5 3 1 1. 7 7 6 4. 1 1 1 1. 7 7 6. 5 5 5 5. 2. 5
2 4 3 1 6 3 5 1 1 - 4 1 4 6 6 - 5 2 5 1 7 5 1 1 3 5 5 1 5 x - - - - - - - - 0 -
6 3 5 3 3 1 2 4 3 5 6 2 6 2 2. 6. 2 6 3 6 2 6 2 5 2 2 2 1 7 1 2. 5. 2 2 2. 5 5 2 5 2
5 - - 2 6 1 4 4 - 5 2 5 7 7 - 3 7 2 5 5 - x - - - - - - -
%END
