%你要等我.txt
% 出处 https://www.qupu123.com/
title=你要等我
tag=
usertag=
tagroute=
transcriber=jianpu2-auto
status=ocr
source=qupu123-305311
%--
4/4
subtitle=score
x ,6 1 ,6 ,3 ,6 1 ,6 ,6 1 ,6 ,3 ,6 1 0 ,6 1 ,6 3 ,6 q1 6 ,6 1 ,6 3 6 1 0 0 1 x 1 1 1 2. 3 - 1. 2
0 0 0 0 2. 3 ,x. 1 1 - 2. 3 x 1 1 2 2 2 2 1 1 1 1 1 ,7 ,,6 ,7 - - 1 1 2 2 2 2 1 1 ,6 ,7 2.
1 x 1 - 0 3 3 3 3 3 ,3 3 3 3 3. q,7 ,7 3 3 3 4 3 2 1 - - ,6 1 ,,,6 - 1. 3 1 2 4 3 2 1 2 -
- - 0 5 5 ~ 5 6 5 3 2 1 - 0 1 1 2 x 1 - - 2 1 x 1 0 0 0 0 1 1 2 2 2 2 1 x 1 - 1
1 q1 q,,7 ,6 ,7 - 1 1 2 2 2 2 1 x 1 ,,6 ,6 ,7 2 1 1 1 1 2 2 2 2 1 1 - ,6 ,6 ,7 2 1 1 -
%END
