%你还要我怎样_3.txt
% 出处 https://www.jianpujia.com/
title=你还要我怎样
tag=薛之谦
usertag=薛之谦
tagroute=
transcriber=jianpu2-auto
status=ocr
source=jianpujia-155014
%--
4/4
subtitle=score
0 0 5 3 3 3 3 3 2 2 2 2. 1 1 3 3 - - - 0 0 0 0 0 0 5 3 3 3 3 3 2 2 2 2. 5 ,5 3 3 -
- - 0 0 ,6 ,7 1 ,6 ,6 6. q0 ,6 1 ,7 ,7 0 ,7 ,7 q1 2 7 7 5 5 5 7 2 2 1 1 - 3 3 4 4 4 3 3 2 2
0 5 2 3 4 4 3 3 - 0 0 0 0 0 0 0 5 3 3 3 3 3 2 2 2 2. 1 1 3 3 0 0 0 0 0 0 5 3 3 3
3 3 2 q2 q2 q,5. q4 4 3 3 0 0 ,6 q,7 q1 ,6 ,6 6. 0 ,6 q1 ,7 ,7 ,7 q,7 s1 2 q7 7 5 5 5 ,7 2 2 1 1 3 4 q3
,6 q1 q1 ,7 ,7 0 ,5 3 2 3 2 1 1 1 0 0 1 1 2 3 6 6 2. 0 3 6 6 2 0 2 2 1 7 1 2 2 2 2 5 2
q2 q1 0 q1 1 q7 q6 4 1 q1 1 7 7 6 5. 5 5. 2 5 2 4 4 3 3 0 1 2 3 6 6 2. 0 3 6 6 2 2 2 1 7
1 2 2 2 2 5 2 2 1 0 1 1 7 1 6 5 4 0
%END