%侠行天龙.txt
% 出处 http://www.jianpu.cn/
title=侠行天龙
tag=毛不易
usertag=毛不易
tagroute=
transcriber=jianpu2-auto
status=ocr
source=jianpucn-446208
%--
3/4
subtitle=score
1 - - 1 1 1' 1. 7 x' x 6 - - 6 - - 1 7 6 1 7 6 7 - - 7 5 3 7 5 3 6 - - 4. 1 1 7 1 7
6 5 6 7 3 3 - 3 - 0 1 7 6 1 7 6 2 7. 5 3 3 2 1 6 - 3 5 6. 3. 2 3 2 1 5 7 6 - - 0 0
0 6. 3. 1 7 - - 5 5 5 3 5 6 - - 1 7 6 - 1 7 6 2 6 2 3 - 4 2 3 - 1 2 3 6 6 6 3 6 6
2 1 7 1 6 6 6 7 6 3 - 1 2 3 6 6 3 5 3 2 1 2 3 - 3 2 3 - 1 2 3 6 6 6 6 5 3 2 1 2
3 6 6 6 7 5 6 0 1 2 3 6 6 1 2 3 6 6 3 1 1 7 6 - 6 - 0 1 6 - 1 2 6 - 1 2 3 6 6 6
1 2 3 5 3 5. 5. 3 6. 7 6 - - 6 - -
%END
