%侧面.txt
% 出处 http://www.fysongs.cn/songku_show.asp?id=23568
title=侧面
tag=
usertag=
tagroute=
confidence=0.920
conf_p10=0.628
transcriber=jianpu2-auto
status=ocr
source=fysongs-23568
%--
4/4
subtitle=score
1 - - - x x x 1 q1 x x x x x x x 5 5' 5 5' 5 5 5' 5 0 0 1 5 q4 5 q6 4 1 5 4 3 4 1 1 5
4 5. q6 4 0 5 4 5. q,6 q4 5 5 5 5 5 0 0 x ,6 ,,6 ,6 1 2 3 6 6 - 0 5 6 7 6 5 q6 q5 q6 q6 ,,3 0 0
,,,6 q,6 ,6 1 2 3 6 6 - 0 5 6 7 6 5 q6 q1' 7 0 0 5 6 5 6 5 6 1 q6 q,,5 q6 q5 0 5 q5 q6 7 5 6 q5 6
6 5 3 0 ,6 1 q3 q6 ,6 1 2 1 q5 5 5 q6 7 0 ,7 7 6 6 5 6 0 0 5 4 5 0 0 5 4 5 4 0 5 1 5 q4
5 4 4 1 ,1 5 q4 5 4 0 5 4 5 4 0 5 q4 5 4 5 4 3 4 x 5 5 5 5 5 0 0 x ,,6 ,6 x 5 4 5 4 0
5 4 5 4 0 5 4 5 4 5 x 4 3 4 x' 1 x 0 0 5 6 5 6. 6 5 7 6 0 0 1' 5 6 q5 6. 6 1 7 6 0 0
5 3 3 0 0 3 7 3 3 0 0 5 6 7 3' - - x 3. 5' 3' 3' 2' 2' 6 3 3 5 3 2 q2 1 q1 5 ,6 - - ,6 - -
- 0 0 0 0 0 0 0 0 x 0 5 4 5 4 0 5 q1 5 4 0 5 1 5 4 5 4 3 x 1 3 1' 1' 3 ,1' 7 1 1 3 1'
2 7 q1 1 2 7 6 1 - - 3 1' 3 1' 3 ,1' 7 2 6 1 ,1' 7 2 1 ,1 7 6 1 - 0 5 1 5 4 0 - 1 4 5 4
0 5 q1 5 4 5 x 4 3 1 1 3 1' 3 3' 3' 3 7 1 1 3 1' 2 7 s,1 ,1 7'. 2. 1 1 - - 3 1' 3 1' 3 3' 2 7
1 1 3 3' 2 7 ,1 1 2 7 1 1 - - x' x' 1'
%END
