%倾城钢琴.txt
% 出处 https://www.jianpujia.com/
title=倾城钢琴
tag=分类/钢琴谱
usertag=分类/钢琴谱
tagroute=
transcriber=jianpu2-auto
status=ocr
source=jianpujia-247715
todo=refine the filename
%--
4/4
subtitle=score
q2. q1. q7 3 q6 q1 q1 q5 5 0 q5 q5 1 1 q0 2 q1 7 5 0 q5 q5 3 ,3 2 ,4 5 ,3 5 ,6 ,3 1 ,3 ,3 ,5 ,7 ,5 ,4 1 4
1 ,3 ,7 2 ,7 6. 3. 2. 5 ,1. 1. 1. 1 ,6. 4. 2. 1 ,2 4 - 0 0 5 ,2. 4. ,3. 5. ,3 5 ,3 5 2 1 6 ,5. 3. 3. 5 5 3
5 ,2 4 ,5 ,5 ,1 3 ,3 5 ,2 ,6 1 ,6 ,5 ,2 ,5 ,5 ,1 ,5 1 ,5 ,3 ,5 2 ,5 2. 1 2 2 2. 2. 5. 5 5 3 2. 1. 7 3 6
3 3 3 3 0 0 3 2. 1. 6 6 0 3 4. 1. 4 4 0 3 x 1 ,6 ,3 1 1 ,3 ,6 ,1 ,5 1 1 ,1 ,4 ,1 ,6 ,5 - ,4 ,4 ,5
1 ,4 3 4 2 1 1 4 1 q6 q4 q1 q4 q1 q2 q2 2 2 3. 1'. q,6 q1 q,6 q1 q1 1 0 0 5. 2. 1. q1 q1 q1 0 q0 q5 q5 4 2
,5 ,5 ,5 ,5 2 2 4 6 1 6 1 3 5 5 1 - 1 1 3 5 1 2 3 5 5 5 5 5 x - - 0 - - 0 - - 7 q2'. q4.
q,3. q5. q,3 q5 q,3 q5 q2 q1 q6 q5'. q3. q3. q5 5 q3 q5 q2'. q2. q1. q7 3 1 q6 q,6 q1 q,6 q1 q5 5 0 q5 q5 ,1 3 ,3 5 3 ,3 2 ,1
,5 1 ,5 ,3 ,5 2 ,5 ,6 ,3 1 ,3 ,3 ,5 ,7 ,5
%END
