%偏偏喜欢你_5.txt
% 出处 https://www.qupu123.com/
title=偏偏喜欢你
tag=
usertag=
tagroute=
transcriber=jianpu2-auto
status=ocr
source=qupu123-380503
%--
4/4
subtitle=score
1 - ,x' x' x'. 1' x ,5 ,3 1. 3 2 1 6 5 ,3 ,5. ,6 ,5 ,6 ,5 5. 1 6 5 3 2 1 2 - - 2 1 5. 6 5 6 5 3. 2
1 - 1 2 ,6. ,5 5 3 2 2 1 - - x ,5 ,3 1. 3 2 1 6 5 ,3 ,5. ,6 ,5 ,6 ,5 5. x' 1' 6 5 3 2 1 2 - - 2
1 5. 6 5 6 5 3 2 1 - 1 2 ,6. ,5 5 3 2 3 ,6 ,5 - - ,5 ,3 - x ,6. ,5 5 3 2 2 1 - - 1 1 ,7. ,7 ,7
2 1 ,7 ,6 ,6 - 0 3 2. ,6 2 5 6 3 3 3 2. 2 5 2 1 1. 2 3 - 6 5 4 3 2. 1 1 ,5 ,3 1. 3 2 1 6 5
,3 ,5. ,6 ,5 ,6 ,5 5. x' 1 6 6 5 3 2 1 2 0 2 3 4 5. q6 5 q6 q5 q3. q2 1 q1 q,7 ,6. q,5 q5 q3 q2 q2 1 - x q,5
q,3 1. 3 2 1 q6 q5 ,3 ,5. ,6 ,5 ,6 ,5 5. 1 6 5 3 2 1 2 - 0 2 3 4 5. 6 5 6 5 3. 2 1 - 1 ,7 ,6. ,5 5
3 2 2 1 - - x 1 1 1 - - 2 3 5. 6 5 6 5 3. 2 1 - 1 ,7 ,6. ,5 5 3 2 2 1 - - 0
%END
