%偏偏喜欢你&nbsp;&nbsp;.txt
% 出处 http://www.jianpu.cn/
title=偏偏喜欢你
tag=
usertag=
tagroute=
transcriber=jianpu2-auto
status=ocr
source=jianpucn-36863
%--
4/4
subtitle=score
x ,5 ,5 ,3 1. 3 2 1 6 5 ,3 ,5 ,5. ,6 0 ,6 ,5 5 5. 6 6 5 3 2 1 2 - 2 1 5. 6 5 6 5 3. 2 1 1 2 ,6.
,5 5 ,3 2 2 1 1 - 1 ,3' 1' 3 2 1 6' 5' x' ,3 5' 5' 5' 6' 5' 5' 1' 6 5 2 2 1 5' 6. ,5 ,,,6' ,,5 3' 2 q,1 1 2
6' ,5 5 7 ,3 ,5 ,5 ,5 ,3 ,6. ,5 5 5 3 2 2 x 0 1 1 ,7. ,7 ,7 2 1 7 ,6 ,6 0 3 2. ,6 2 2 5 6 3 3 - 3
3 2. 2 5 5 2 q1 1' 2 3 6 5 4 1 2' 1 1 x 1 5' ,3 1' 3 2 1 6' ,5' 3' ,5 ,5. ,6' ,5' ,6 ,5 5. 1' 6 5 3' 2'
1 2 0 2 3' 4' 5. q6 5 q6 q5 3. 2 1 1 ,7 ,6. ,5 5 5 3 2 2 1' 6 1 0 0 0 0 0
%END
