%像我这样的人钢琴_2.txt
% 出处 https://www.jianpujia.com/
title=像我这样的人钢琴
tag=
usertag=
tagroute=
transcriber=jianpu2-auto
status=ocr
source=jianpujia-150727
%--
4/4
subtitle=score
1 - - q1 - - 6 7 x 1 2 3 7. 5 6 5 4 2 3 5 2 5 1. 1 6 3 1 3 7 5 4 5 1 7 6 3 1 x - -
- x 6 x 7 5 6. 1 1 - 2 3 5 3 5 3 2 3 - 3 7 5 4 1 4 4 - 1 5 1 7 2 5 x 0 0 - 0 x 1
1 x 2 3 5 3 5 3 2 3 - 5 6 1 6 1 1 6 3 1 1 2 3 2 3 6 1 2 1 - - - - - - - - - - -
- x 3 7 ,4 ,5 1 5 1 4 1 ,4 ,3 - 2 2 ,4 5 x 1 6 3 2 ,7 2 3 5 3 5 3 2 3 - 2 3 5 3 2' 5 3'
3 - 3 - 6 3 6 3 7 3 4 5 1 5 7 x - - - x 2 1 x 6 6 1 6 1. 6 6 3 1 1 1 2 1 1 2 3. 5
6 7 1 2 1 1 7 6 7 6 3 1 0 0 0 0 - - - - - 0 0 0 0 - - - - sx 3 4 1 4 3 6 2 2 6 3
7 3 1 3 6 3 x - - - - - x 2 6 x 5 - 2 1 1 1 1 6 1' 3 - 1 1 1 1 7 6 7 6 3 5 5 3 7
3 7 4 1 5 2 1 5 1 2 1 3 6 3 3 7 1 7 x - - - - - - - - - - x 3 1 1 2 2 1 1 ,6 1 -
1 - 0 1 7 3 5 - x 5 3 4 1 5 2 1 5 2 3 1 - 6 3 6 3 7 3 x 0 0 0 - - 0 x 3 6 x 6 5
2 3. 2 1. 2 3 5 - 1. 6 qx 1 2 4 1 5 2 1 7 6 3 6 3 7 3 4 5 x - - - - 1 - 1 - 2 3 5 3
5 3 2 3 - 5 3 2 3 5 5 3 5 1 5 1 3 1 - 1 5 1 5 3 7 3 7 4 1 5 2 x - - - - - - - -
5 x q4 6 x 3 3 - 5 6 1 6 1 6 6 3 1 1 1 2 1 6 1 2 2 7 2 1 - - - 0 - - - 0 - 4 1 4
1 4 1 4 1 3 7 6 2 2 6 3 - x - - - - - - x 5 1 x 2 3 5 3 5 3 2 3 - 2 3 5 3 5 2 3
3 - 5 6 1 1 6 1 1 - - - - - - - - - - - 6 3 6 3 3 7 3 7 4 1 5 2 3 5 1 5 4 1 4 1
x - - - - - - - - - - x 5 6 x 5 6 1 1 1 2 1 1 2 3 3 - 1 1 7 6 7 6 3 5 - 1 - - -
- - - - - - - - 3 5. 5 3 7 6 2 2 6 3 3 3 6 3 6 3 3 7 3 7 x - - - - - - - x 6 1 x
2 1 1 1 1' ,6 1' 3 - 1 1 1 1 7 6 7 6 3 5 5 6 7 1 7 1 6 7 4 1 5 2 1 5 1 5 6 3 6 3 3
7 3 7 4 1 4 1 x 0 0 0 0 0 0 - 0 0 0 x 6 6 x 7 - 1 7 1 7 1 1 2 7 6 5 5 6 5 6 5 2
5 3 3 - qx 5 5 5 5. 5 6 3 6 3 3 7 3 7 4 1 5 2 1 5 1 5 x - - - - - - - - x 7 1 x 1
1 7 6 7 6 7 6 3 5 5 2 1 1 1 1 ,6 1' 1 - 1 1 1 1 7 6 7 6 3 6 3 3 7 3 7 4 1 5 2 1 5
1 5 6 3 1 x 0 0 0 - 0 0 - - 0 6 3 5 5 2 1 1 1 1 1. 6 1 - 1 - 3 7 5 4 5 5 - 4 1 4
3 1 3 x 1 1 ,6 1 ,6 1 ,6 1 2 2 ,4 ,6 - ,6 -
%END
