%像我这样的人钢琴.txt
% 出处 https://www.jianpujia.com/
title=像我这样的人钢琴
tag=毛不易,分类/钢琴谱
usertag=毛不易,分类/钢琴谱
tagroute=
transcriber=jianpu2-auto
status=ocr
source=jianpujia-150727
todo=refine the filename
%--
4/4
subtitle=score
x 5 6 x 5 6 1 1 1 2 1 1 2 3 3 - 1 1 7 6 7 6 3 5 - 1 - - - - - - - - - - - 3 5. 5
3 7 6 2 2 6 3 3 3 6 3 6 3 3 7 3 7 x - - - - - - - x 6 1 x 2 1 1 1 1' ,6 1' 3 - 1 1
1 1 7 6 7 6 3 5 5 6 7 1 7 1 6 7 4 1 5 2 1 5 1 5 6 3 6 3 3 7 3 7 4 1 4 1 x 0 0 0
0 0 0 - 0 0 0 x 6 6 x 7 - 1 7 1 7 1 1 2 7 6 5 5 6 5 6 5 2 5 3 3 - qx 5 5 5 5. 5 6
3 6 3 3 7 3 7 4 1 5 2 1 5 1 5 x - - - - - - - - x 7 1 x 1 1 7 6 7 6 7 6 3 5 5 2
1 1 1 1 ,6 1' 1 - 1 1 1 1 7 6 7 6 3 6 3 3 7 3 7 4 1 5 2 1 5 1 5 6 3 1 x 0 0 0 - 0
0 - - 0 6 3 5 5 2 1 1 1 1 1. 6 1 - 1 - 3 7 5 4 5 5 - 4 1 4 3 1 3 x 1 1 ,6 1 ,6 1 ,6
1 2 2 ,4 ,6 - ,6 -
%END