%像风一样钢琴.txt
% 出处 https://www.jianpujia.com/
title=像风一样钢琴
tag=薛之谦,分类/钢琴谱
usertag=薛之谦,分类/钢琴谱
tagroute=
transcriber=jianpu2-auto
status=ocr
source=jianpujia-150721
todo=refine the filename
%--
4/4
subtitle=score
5 3 2 5 3 3 2 3 3 5. 3 0 0 0 2 2 3 5 5 3 2 2 1 q6 2 1 1 1 1 1 1 1 5 5 5 5 5 5 4 5
1 3 3 3 6 3 3 3 4 5 x 1 x 1 x 1 6 q1 - - 6 2 qx - - 6 q1 1 0 1 4 1 5 1 1. 7 7 5 3 3
2 3 3 5 1 1. 7 7 5 3 3 2 3 3 5 3 1 - - - 1. 5 5 1 1 - 6. 3 3 6 6 - 1 0 - - 0 - 0 1
q1 - - 6 1 3 2 1 6 0 5 6 6 1 3 3 2 2 2 1 5 5 3 5 5 3 1 1. 1 1 5 3 0 2 3 3 5 2 4. 1
1 4. 4 - 5. 2 2 5 5 - 1. 5 5 1 1 - 1 - - - - - - - - - 0 x 2 2 qx - - 5 qx - - 5 2 1
1 5 3 3 0 2 3 3 5 3 3. 2 2 1 6 6 5 6 6 1 3 3 2 2 2 1 1 1 6 6 6 7 1 6. 3 3 6 6 - 4.
1 1 4. 4 - 5. 2 2 5 5 - 2 5 qx q1 - - 5 1 1 7 5 2 3 0 1 7 5 5 - 5 3 2 5 3 3 2 3 3 5.
1 1 1 ,1 - - - ,1 - - - ,1 ,5 1 ,5 ,1 ,5 1 ,5
%END
