%像风一样钢琴_2.txt
% 出处 https://www.jianpujia.com/
title=像风一样钢琴
tag=
usertag=
tagroute=
transcriber=jianpu2-auto
status=ocr
source=jianpujia-150721
%--
4/4
subtitle=score
1 - - q1 4 q1 - - 6 0 x. x. 0 1 q1 x. 1 q1 0 1 1. 7 7 7 1. 7 5. 5 5 - 5 - 5. 5 5 - - 2 3 5
1 1 1 - 5 5 - - - 1. 2 2 5 6. 6 - - 0 0 5. 6 6 - - - 1 - - - ,6 - - - ,6 - ,5. 2 ,2 - -
- x 7 x qx - - 6 q1 ,5 ,5 ,5 ,5 ,5 - - - 5 3 2 5 3 3 2 3 3 5. 1 1 1 1 5 5 5 1 1 1 3 3 3
x 1 0 q,x - - 5 3 0 0 0 2 3 6 1 2 2 3 6 1 2 2 0 0 0 5 - 0 0 - - - - - 0 0 1 1 1 ,4
,4 ,4 ,5 ,5 ,5 ,5 ,5 ,5 ,1 ,1 ,1 ,2 ,2 ,2 ,6 ,3 ,3 ,3 ,4 ,6 ,6 ,6 ,5 ,7 ,7 7 0 5 3 2 5 3 3 2 3 3 5. 3 0 0
0 2 2 3 5 5 3 2 2 1 q6 2 1 1 1 1 1 1 1 5 5 5 5 5 5 4 5 1 3 3 3 6 3 3 3 4 5 x 1 x
1 x 1 6 q1 - - 6 2 qx - - 6 q1 1 0 1 4 1 5 1 1. 7 7 5 3 3 2 3 3 5 1 1. 7 7 5 3 3 2 3
3 5 3 1 - - - 1. 5 5 1 1 - 6. 3 3 6 6 - 1 0 - - 0 - 0 1 q1 - - 6 1 3 2 1 6 0 5 6 6
1 3 3 2 2 2 1 5 5 3 5 5 3 1 1. 1 1 5 3 0 2 3 3 5 2 4. 1 1 4. 4 - 5. 2 2 5 5 - 1. 5 5
1 1 - 1 - - - - - - - - - 0 x 2 2 qx - - 5 qx - - 5 2 1 1 5 3 3 0 2 3 3 5 3 3. 2 2
1 6 6 5 6 6 1 3 3 2 2 2 1 1 1 6 6 6 7 1 6. 3 3 6 6 - 4. 1 1 4. 4 - 5. 2 2 5 5 - 2 5
qx q1 - - 5 1 1 7 5 2 3 0 1 7 5 5 - 5 3 2 5 3 3 2 3 3 5. 1 1 1 ,1 - - - ,1 - - - ,1 ,5
1 ,5 ,1 ,5 1 ,5 x 2 qx - - 5 qx - - 5 3 0 0 0 3 2 3 6 1 2 2 3 6 1 2 2 0 0 0 1 - - - -
- - - - - - 6 3 6 3 6 3 6 3 4 1 4 1 4 1 4 1 5 2 5 2 5 2 5 2 x - - - - - - - - -
- - - x 3 1 x q1 - - 5 5 3 2 5 3 3 2. 5 5 3 3 0 0 0 3 2 3 6 1 2 2 3 5 6. 1 5 1 5 1
5 1 5 6 3 6 3 6 3 6 3 4 1 4 1 4 1 4 1 x - - - - - - - - - - - - 3 4 q1 - - 5 6 2.
0 0 1. 7 7 5 3 3 2 3 3 5 1 1. 7 7 5 3 3 2 3 3 5 3 5 2 5 2 5 2 5 2 1 5 1 5 1 5 1 5
6 3 6 3 6 3 6 3 x - - - - - - - - - - - - x 3 7 qx - - 5 7 qx - - 5 3. 2 2 1 6 6 5
6 6 1 3 3 2 2 2 1 5 5 3 5 5 3 1 1. 1 1 5 3 0 2 3 3 5 2 1 4 1 4 1 4 1 4 1 5 2 5 2
5 2 5 2 1 5 1 5 1 5 1 5 x 4 0 x 2 1 1 5 3 3 0 2 3 3 5 3 3. 2 2 1 6 6 5 6 6 1 3 3
2 2 2 1 1 1 6 6 6 7 1 6 3 6 3 6 3 6 3 4 1 4 1 4 1 4 1 5 2 5 2 5 2 5 2 x - - - -
- - - - - - - - 1 - 0 0 1 1. 7 7 5 3 3 2 3 3 5 1 1. 7 7 5 3 3 2 3 3 5 3 0 0 0 0 1
5 1 5 1 5 1 5 6 3 6 3 6 3 6 3 x q4 6 x qx - - 5 3. 2 2 1 6 6 5 6 6 1 3 3 2 2 1 5 5
3 5 5 3 1 1. 1 1 5 3 0 2 3 3 5 2 4 1 4 1 4 1 4 1 5 2 5 2 5 2 5 2 1 5 1 5 1 5 1 5
x - - - - - - - - - - - - x q4 x qx - - 5 7 2 1 1 5 3 3 0 2 3 3 5 3 3. 2 2 1 6 6 5
6 6 1 3 3 2 2 2 1 1 1 6 6 6 6 3 6 3 6 3 6 3 4 1 4 1 4 1 4 1 5 2 5 2 5 2 5 2 x 0
0 0 0 0 0 0 - 0 - - - x 5 2 x qx - - 5 7 q1 - - 5 7. 1 1 - - 5 1 2 3 3 - 1. 7 7 2 3
3. 2 3 5 1 1 5 1 2 3. 3 - - - ,1 - - - x qx - - 5 4 qx - - 7 1 1 7 5 3 ~ 3 0 2 3 5 3
2 1. 6 ~ 6 0 5 6 1 3 3 2 2 ~ 2 1 1 ~ 1 6 6 ~ 6. 7 1 - - - ,6 ,4 ,5 1 6 - - - 4 - - -
5 - - - 1 - - - x 1 1 1
%END
