%儿行千里母担忧（刘良智.txt
% 出处 https://www.qupu123.com/
title=儿行千里母担忧（刘良智
tag=
usertag=
tagroute=
transcriber=jianpu2-auto
status=ocr
source=qupu123-331962
todo=add tags
%--
4/4
subtitle=score
1 ,1 ,1 1 5 1 - 0 5 5 5 6 5 3 2 3 3 2 2 - 0 2. 3 5 5 3 2 7 0 0 2 2 2 2 3 7 5 1 - -
- ,1 1 1 6 5 5 6 6 1 1 - 0 5 5 5 5 6 6 5 5 5 3 3 2 2 - 0 3 3 2 3 5. 3 2 2 7 7 6 0
2 2 3 2 7 6 5 1 - - - 3 3 5 6 6 5 3 3 5 6 3 - 6. 6. 6 6 5 3 q2 q2 3 1 2 - - - 3 2 2
3 3 q2 3 5. 3 3 2 6 - 6 5 3 2 2 1 - - x 5 - - 0 6 6 6 6 ,1 6 5 5 3 3 3 2 2 - 0 3 3
2 3 5. 3 2 2 3 7 7 0 2 2 2 3 6 ~ 6 1 - - - 1 1 6 5 5 - - 0 6 6 6 6 ,1 6 5 5 3 3 3
2 2 - 0 3 3 3 2 3 3 5. 3 2 2 2 2 3 2 7 0 2 2 2 3 2 7 1 - - - 1 2 2 2 2 3 7 1 - -
-
%END