%兄妹_2.txt
% 出处 https://www.jianpujia.com/
title=兄妹
tag=
usertag=
tagroute=
transcriber=jianpu2-auto
status=ocr
source=jianpujia-252913
%--
4/4
subtitle=score
3 4 1 2 6 1. 1 1 6 3 2 2 1 5 5 6 3 4 5 6 7 7 1 2 4 ,6 ,6 ,6 qx 6 6 3 3 6 3 7 5 3 4 1
0 4 5 2 0 5 6 4 0 4 0 4 0 4 x 0 0 0 0 0 - 0 0 0 0 0 0 x 3 5 1 5 5 5 5 5 1 ,6 ,6 ,6
2 3. 3 4 ,6 4 3 1 1 5 3 1 3 1 3 1 6 4 0 4 0 4 0 4 4 1 4 1 0 1 4 1 x - - - 0 - - -
- - - - - 5 6 5 5 6 5 5 5 6 2 2 1 1 1 0 5 6 5 - 2. 1. 0 6 4 0 4 0 4 0 4 5 2 5 2 0
2 5 2 5 2 5 2 0 2 5 2 x - - - - - - - - - - - - 4 3 5 3 1 3 5 1 4 6 2 2 3 7 5 5
3 2 3 3 6 1 6 3 2 2 3 1 ,1 ,3 ,1 q,7 q,6 ,5 1 5 1 5 4 1 4 1 5 2 5 2 1 5 q7 5 q6 1 3 1 3 7
3 7 x 4 6 x 1 6 5 5 5 4 3 7 5. 0 3 5 1 4 6 2 2 3 7 5 5 1 3 5 1 - - - - - - - - -
- - - - ,1 ,5 ,1 q,7 4 1 4 1 5 2 5 2 1 5 3 5 4 1 4 1 5 2 5 2 1 5 7 5 x - - - - - - -
- - - - - 4 6 7 7 7 1 1 7 3 3 6 ,,6' 6. 7 1 7 7 5 5 1 7 1 6 6 2 2 1 2 5. 5 3 3 3 6 0
0 5 4 3 qx 6 4 ,6 ,3 0 ,3 ,3 ,7 ,5 ,3 ,4 ,1 ,4 ,1 ,5 ,2 0 ,2 ,6 ,5 ,5 4. ,4 -
%END
