%兄弟.txt
% 出处 http://www.fysongs.cn/songku_show.asp?id=37158
title=兄弟
tag=
usertag=
tagroute=
confidence=0.926
conf_p10=0.668
transcriber=jianpu2-auto
status=ocr
source=fysongs-37158
%--
4/4
subtitle=score
1 1 - - - - x q4 2 x x ,1 x ,6 3 3 1 3 1 ,6 q1 ,6 3 3 1 3 q1 ,6 ,6 3 3 3 1 q,6 1 ,6 3 3 3 1
,6 ,6 ,6 3 3 3 3 1 ,6 1 ,6 3 3 3 1 ,6 ,6 3 3 1 3 1 ,6 1 ,6 3 3 ,6 0 0 3 3 ,7 2 3' 2' 1 1. x ,6
,5 q,5' q6' 6 q5' 6' ,6. 7 6 ,1 2. 2 3' 2' 1 1 2. ,1 2 7 q1 1 7 7 1 x x' x' 1 5 5 q3 2 3 3 1 q5 5 3 2
3 3 5 s3 q2 2 2 ,1 2 2 5 3 2 2 2 3 2 q1 6 ,6 q,6 1 ,5 ,5 7 ,5 ,3 ,5 ,6 1' ,6' ,6 ,6 1 6 5' q,6' ,6 ,6 ,3
- 0 0 ,6 1' 2' 2 2 q2 q1 s6 ,5' ,5 ,5' 6 ,6 ,6 1 5 5 6 5 3 2 2 3 3 5 6 6. 0 ,1 7 6 5 5 3 5 3 2
2. 2 2 3 2 3 3 5 5 - 3 5 6 6 6 6 3 2 3 3 3 5 6 5 5 6 3 2 3 3 q,6 ,1 2 2 2 2' 1' 6 ,5 ,6
,6 1 ,6 ,5 ,3 ,5 ,6' ,6' ,x ,6' ,6' 0 0 0 0 0 0 0 0 0 0 0 0 0 0 0 ,,6' ,6 3. 3 3 1 1 ,6 1 ,6 3 3 1 ,6
,6 3 3 1 ,6 1 6 ,6 0 x. 0 1. ,3 ,5 6' 5' x ,6 ,6 3 5' 6' 6 6 6 3 2' 3' 3 3 5' 6'
%END
