%光辉岁月_6.txt
% 出处 https://www.jianpujia.com/
title=光辉岁月
tag=Beyond
usertag=Beyond
tagroute=
transcriber=jianpu2-auto
status=ocr
source=jianpujia-251482
%--
4/4
subtitle=score
3. 3' 3 2 - 0 5 5 5 5 5 5 5 5 4 3 3 - 0 2 3 2 ,7 1 1 ,7 1 1 1 5 5 5 6 1 3 5 2 1 3 0
0 6 3 0 0 x 1 1 1 x 1 6 x 1 - 0 2 3 1 2. 3. 3' 2 - 0 6 7 1 7 5 5 3 x 6 1 7 1 7 1 4
5 5 6 5 4 1 0 0 1 3 5 2 6 3 3 3 x 1 1 1 x 1 x 6. 7 5' - 0 6 7 1 7 5 5 3 6 - 7 - x
6 7 1 7 6 7 1 4 5 6 5 4 5 4 1 5 2 6 3 3 3 4 1 5 2 x 1 1 1 x 2 2 x 0 3 3 3 1 2 2
4 4 3 2 1 0 6 1 3 2 1 7 6 6 0 6 5 6 5 5 6 3. 4' 3 2 2 - 1 ,7 1 ,6 ,7 1 ,7 ,5 ,5 ,6 ,4 ,5 ,5
,5 ,1 ,3 ,5 ,2 ,6 ,3 0 0 ,4 ,1 ,5 ,2 ,1 ,3 ,5 ,2 x 2 6 x 0 3 3 3 1 2 2 4 4 3 1 0 6 1 3 2 1 7. 6
0 6 5 6 5 5 6 1 - 0 0 1 ,7 1 ,6 ,7 1 1 5 5 6 4 5 5 ,1 ,3 ,5 ,2 ,6 ,3 0 0 ,4 ,1 ,5 ,2 ,1 ,3 0 0
%END
