%光阴的故事_3.txt
% 出处 https://www.qupu123.com/
title=光阴的故事
tag=
usertag=
tagroute=
transcriber=jianpu2-auto
status=ocr
source=qupu123-338354
%--
4/4
subtitle=score
1' 1' 7 6 5 5 5 5 4 3 4 4 4 6 5 4 3 3 5 ~ 5 ~ 5 5 6 5 3 q3 q2 3 0 1 3 1 1 6 1 q6 s5 5
5 1 1 6 1' 6 5 5 6 5 5 1 3 5 5 6 5 3 2 2 5 ~ 5 ~ 5 5' 6' 5 3 3 2 3 0 1 3 1' 1 6 1 6
5 5' 5 1' 6 1' 6 5 5 6 5 1 3 1 ~ 1' ~ 1' 6 7 1' 2 2' 0 2' 2 5 2 ~ 2' 1' ,1 6 1' 1' 5 5 3 5 6
5 5 q2' q2' q5 q2' q2' q1' q1' q6 1' 1 5 6 5 2 3' 1' 1' x 7 6 5 5 5 5 5 4 3 4 4 4 6 5 4 3' 3' 5 ~ 5
~ 5 6 5 3 3 2 3 1 3 1 1 6 1 6 5 5 ,1 1 6 1 6 5 6 5 5 1 3 5 5 6 5 3 2 2 5 5 5 6 5
3 3 2 3 1 3 1 1 6 1 6 5 5 1' 1' 6 1' 6 5 5 6 5 1 3 1' 1' 6 7 2' 2' x x 7 6 5 5 5 5 4 3
4 4 4 6 5 4 3 3 x
%END
