%八月十五把歌唱.txt
% 出处 http://www.fysongs.cn/songku_show.asp?id=47443
title=八月十五把歌唱
tag=
usertag=
tagroute=
transcriber=jianpu2-auto
status=ocr
source=fysongs-47443
%--
2/4
subtitle=score
3 1 3 3 4 3 1 2 3 ,6 1 1 4 2 - ,6 3 3 q6 1 3 q2 3 2 ,6 1 2 3 2 1 1 - 3 1 ,6 6 5 2 1 2
2 1 2 4 2 3 2 3 4 3 3 1 2 - 1 ,6 ,6 - 3 q1 ,6 ,6 5 2 q1 q2 2 1 q4 2 ,6 2 q6 q2 4 3 q2 q1 ,6 -
4 1 2 4 3 q3 q1 2. 0 1 4 1 2 1 3 2 1 6 1 6 q1 3 q2 3 3 2 1 2 q3 1 3 s2 s1 4 q1 ,6 - 4 q3 1
,6 ,6. 0 4 q2 1 2 1 3 2 1 ,6 1 6 ,6 - ,6 - 4 q3 ,6 1 6 ,6 1 3 2 1 4 2 ,6 ,6 0 ,6 ,6 3 1 2 4 3'
1 3. 3 1 1 4 2 - 4 3 ,6 - - q1 4 ,6 ,6 0 0 0 4 q3 0 0 0 1 4 0 0 3 3 - 3 2 1 6 1 2 3 2
1 1 - 4 1 ,6 1 2 3 2 1 4 2 3 2 3 3 1 2 3 3 3 2 1 6 ,6 - ,6 - 4 3 0 0 0 4 q1 ,6 2 ,6 2
1 ,6 ,6 2 0 2 - q3 q1 2 2 0 1 2 1 q3 s2 1 ,6 s1 d6 q1 q3 s2 s3 3 ,6 0 ,6 - 1 q6 ,6 ,6 0 1 2 q1 q3 q2
1 ,6 s1 s6 ,6 2 1 2 3 1 3 2 1 4 q3 ,6 1 ,6 1 3 2 1 4 2 ,6 ,6 0 ,6 - 4 3 ,6 - - 4 ,6 ,6 0
%END
