%兰亭序钢琴.txt
% 出处 https://www.jianpujia.com/
title=兰亭序钢琴
tag=分类/钢琴谱
usertag=分类/钢琴谱
tagroute=
transcriber=jianpu2-auto
status=ocr
source=jianpujia-252782
%--
4/4
subtitle=score
2 3 2. ,5 5 5 1 1 6 7 2 1 6 5 3 5 3. 2 2 1. 6 4 1 6 5 6 1 1 2 2 2 6 1 5 2 5 4 1 4 5
2 5 3 7 5 3 6 3 6 1 2 6 2 4 6 4 2 6 x - - - - - - - - - - - - - 2 5 2 ,5. 7 5 - 0
5 6 1 6. 2. 1 2 1 5. 3. 5 2 5 2 6. 1. 0 1 2 4 6. 1. 3 2 1 6 5 5 2 5 1 5 - 4 1 6 4 3 7 5
3 6 3 6 1 5 3 5 1 2 6 2 5 5 2 5 1 x - - - - - - - - - - - - - - 5 3 - 0 3 5 6 5.
6. 2 2 6 1 5. 3. 5 2 5 2 6. 1. 0 6 1 3 6. 4. 1 6 4 5 3 2 1 5 2 5 3 5 1 5 6 5 6 2 6 3 5
1 6 3 6 1 5 3 5 1 2 6 2 5 5 2 5 7 x - - - - - - - - - - - - - - - - 1 3. 3 3 5 3
1 - 5 6 2 6 ,3. 6. 5 5. 5. ,3. 2 ,6 3 - 5 6 2 6 ,6. 4. 2 ,6 4 3 5 6 5 1 5 1 5 2 5 3 5 4 1 4
3 7 3 6 3 6 1 5 3 1 4 4 6 1 5 5 7 2 x 3 3 7 1 3. 3. 1 1 5 - 5 6 2 6 6. 6. 5 6. 2 6 -
6 1 2 3 3 2 6 6 1 2 3 1 5 1 5 2 5 1 5 6 5 6 2 6 3 5 1 6 3 6 1 5 3 5 1 2 6 2 3 4
- 2 1 5. 5 0 5 3 5 3 - ,5 5 6 1 2. 1 2 1 3. 2 5 4 3 4 3 1 5 1 4 5 - 1 3 5 6 ,1 ,5 ,4 ,3
4 1 1 1 3 7 5 7 5 7
%END
