%其实钢琴_2.txt
% 出处 https://www.jianpujia.com/
title=其实钢琴
tag=
usertag=
tagroute=
transcriber=jianpu2-auto
status=ocr
source=jianpujia-151373
%--
4/4
subtitle=score
1 - - q1 - - 5 7 q1 q1 q1. x. x x 0 0 0 0 1 2 5 3. 3 1 2 2 2 1 2 5 3. 3 1 2 2 2 1 2 5 0
0 0 0 5 4 - ,5 - ,5 3. ,4 6 2 4 3 2 1. 6 1 - 7 5 3 5 7 1 5. 2. 1 5 5 0 6 6 6 5 5 5. 2 3
4. 4 3 3. 3 5 2 1 1 2 7 ,6 4 ,7 5 ,2 ,6 ,7 1 ,3 ,3. 2. ,2 - - - ,6 - ,5 - ,2 - ,3 - 2 3 4 4. 5 2
3 4 4 6 6 6 6 5 5 5 1 0 6 6 6 1 1 1 2. 2 7 1 2 2 2 2 7 2 2 1. 1 2 3 1. 1 1 6 ,6. ,4. 6
4 ,6. ,4. ,6 ,4 - ,6 4 2 6 ,6 4 4 1 4 4 5 2 3 7 5 ,6 1 - 3 4 5 6 6. 5 6 1 6 4 1 2. 2 ,7 0 0
1 2 5 3 6 2 2 2 1 2 2 2 7 7 1 2 5 1 1 1 7 1 1 1 1 2 5 4 5 6 1 7 2 2 7 6 1 2 2 4
1 2 2 4. ,4 5 2 5 1 5 0 0 4 1 ,4 4 2 ,5 3 2 ,5 6 3 ,3 6 3 2 2 2 5. 6 3 2 2 2 5 3 3 1 2
3 5 7 1 6 2 6 1' 1 2 5 3 6 2 2 2 1 2 2 2 7 7 1 5 7 5 7 5 7 5 7 7 6 1 6 1 6 1' 1 2
5 ,2 ,6 ,6 ,1 ,7 ,2 1 1 2 6 4 5 3 2 1 1 1 5 1 5 5 2 1 4 1 4 4 2 5 3. 2 5 6 7 6 3 6 1 -
- - - - - - - - - - - - - 3 2 2 2 1 1 1 7. 7 6 7 7 1. 1 5 2 1 2 1 2 5 3 6 2 2 2 1
2 2 2 7 7 1 2 5 2 2 2 7 1 1 1 1 2 5 x 2 2 1 2 2 1 6 7 6 7 7 6 2 6 4 5 4 5 1 1 1
5 5 5 2 5 4 1 4 4 2 5 3 2 5 6 3 3 1 - - - 0 0 - 0 - 0 0 6 3 2 2 2 5. 5 3 2 5 5 4
3 3 - 7 5 1 1. 1 5 3 6 2 2 2 1 2 2 2 7 7 1 5 7 5 7 5 7 5 7 7 1 1 1 1 2 5 x 2 1 2
6 3 6 7 2 6 4 5 3 5 2 1 5 1 3 5 1 3 5 5 2 1 4 1 4 4 2 5 3 2 5 7 1 2 6 3 3 3 1 -
- - 0 0 0 0 - - - - - - - - - - x 2 6 2 2 2 1 1 1 7. 7 6 7 1 1 ,3 - 1 5 7 1 5 7 1
5 7 1 2 5 7 1 5 7 1 5 7 1 5 7 1 2 5 7 x 2 2 2 6 4 5 4 5 1 1 1 4 1 - 4 1. 4 1. 4 1.
4 1. 6 5 1 6 5 1 3 5 1 3 5 1 1 - - - - 0 0 0 0 - - - - 0 0 - - - - 0 0 x 3 2 x 1
5 7 1 5 7 1 5 7 1 2 5 7 1 5 7 1 5 7 1 5 7 1 2 5 7 2 5 1 2 5 1 2 5 1 2 5 5 1 2. 1
2 4 1 2. 1 2 5 4 1 4 1. 4 1. 4 1. 4 1. 6 5 1 1 1 6 5 1 6 6. 6 6. 6 4 1 6 4 1 6 4 1 6 4
1 x - - - - - - - - - - - - - - - - - - - - - - - - - - - - - - - - 2 1 2 5 5 1
2 1 5 1 2 2 5 1 2 3 6 2 3 6 6 2 3 6 6 2 3 3 2 3 6 6 3 2 2 2 1 2 2 2 7 7 1 2 5 2
2 2 7 1 1 ,1 1 2 5 qx 1 2 2 1 6 6 7 7 6 6 6. 6 6. 6 6. 6 6. 6 6. 6 6. 6 4 1 4 4 2 5 3 2
5 6 3 3 x - - - - 0 - 0 - 0 - 0 - - - - 0 - 0 6 3 2 2 2 5. 6 3 2 2 2 5 3 3 1 2 3
5 7 1 2 6 6 1' 1 2 5 3 6 2 2 2 1 2 2 2 7 7 1 5 7 5 7 5 7 5 7 7 6 1 6 1 6 1 1 2 5
5 1 2 6 1 7 2 1 1 5 2. 2 4 2 4 1 1 1 5 1 5 5 2 1 4 1 4 4 2 5 3. 2 5 6 7 6 3 6 x 0
- 0 - 0 0 - 0 - 0 - - - - 3 2 2 2 1 1 1 7. 7 6 7 7 1. 1 5 2 1' 2 1 2 5 3 6 2 2 2 1
2 2 2 7 7 1 2 5 2 2 2 7 1 1 1 1 2 5 qx 2 2 1 2 2 1 1 6 7 6 7 7 6 2 6 4 5 4 5 1 1
1 5 5 5 1 5 4 1 4 4 2 5 3 2 5 6 3 3 1 - - - - - - - - - - 6 2 2 2 5. 5 2 5 5 4 3
3 - 5 5 1 2 5 6 2 2 2 1 2 2 2 7 7 1 7 7 7 7 7 1 1 1 1 2 5 qx 2 1 2 ,6 3 ,6 ,7 2 6 4
5 3 5 2 1 5 1 3 5 1 3 5 5 2 1 4 1 4 4 2 5 3 2 5 7 1 2 6 3 1 3 5 2 3 6 3 2 2 2 1
1 1 7. 7 6 7 1 1 ,3 - 4 1 - 5 2 4 2 2 4 ,5 1 - - - 2 ,6 2 ,7 q,1 2 6 4 5 4 5 1 1 1 4 1
- 2 6. 5 - 1 - - - 1 - - - - - 1
%END
