%其实不想走.txt
% 出处 http://www.jianpu.cn/
title=其实不想走
tag=
usertag=
tagroute=
transcriber=jianpu2-auto
status=ocr
source=jianpucn-61067
%--
4/4
subtitle=score
x 1 1 ,6 1 1 ,1 ,6' 1 1' 1' 1 2 3 2 ,6 1 2' 2 2' 3 3 2 3 1. 6 6 5 6 3 2 2 2 1 2 3 2 2 3 ,6
,5. 1 ,6 ,5 ,6 ,5 x x. 0 3 3 3 4 5 4 3 0 2 2 2 2 3 2 q1 0 q1 1 1 6 1 6 7 5' 5' 6 5' 5 0 6 6
6 7 6 6 0 5 5 6 2' 3' 2' ,1' 0 2 2 2 2' 1' 5 2' 3' 3 3' 3 2. 0 2 2 ~ 2 2 3 4 0 0 ,5 3 2 1' 2'
2 x 0 0 5 6 2' 3' q5 6 2' 6 5' 3 5 5 6 6 5 5 5 6 3 3 3 2 2 1 1 0 ,1 6 6 5 5 3 3 ,5 ,6 1
2 3 2 1 ,6 1 3 2 2 5 6 1' 2' 3 2 1 ,6 1 2 1 1 5 6 1' 2'
%END
