%再见，我的爱人.txt
% 出处 https://www.jianpujia.com/
title=再见，我的爱人
tag=邓丽君
usertag=邓丽君
tagroute=
transcriber=jianpu2-auto
status=ocr
source=jianpujia-74017
%--
4/4
subtitle=score
q1 - - - qx - - x' x ,5. 5. 5. 4. 6. 5'. 5' 3 2 1. 1. 2'. 2'. 3. 5. 2. 2. 5 7 2 4 5 7 2 4. 4 5 0 5. 5. 4.
6. 5. 5 3 2 1. 1. 2 3 4 2 3 4 - - - - - - - 4 3 2 1. 1. 1 q5 1 2 3 3 2 1 6 1 1 6 1 2. 2.
0 q5 1 2 3. 3 2 1 q6 6 1 6 6 5 5. 5. 5 3 5 6 6 5 3 5. 0 3 5 2. 1 2 3 1 6 6. 2 2 3 3 2 1
6 6 0 1 2 3 1 2. 0 5 1 2 3 3 2 1 6 1 1 6 1 2. 0 0 0 q5 1 2 3. 3 2 1 q6 6 6 1 6 6 5 5.
5. 5 3 5 6 6 5 3 5. 5 3 5 2. 1 3 1 ,6 ,6 0 2 3 2 1 ,6 6 0 ,5 6 1 1. 1 5 6 5 6 5 3. 3. 3 2
1 3. 0 7 7 7. 7 7 7 1. 1 1 2 3. 3 2 1 7. 7 7 7 1 - - - - - - 1 - - 7. 0 5 6 6 0 6 3 2.
0 5 5 6 6 0 6 3 2. 0 1 2 3. 3 6 5 5 3 3. - 1 - - - - - - - - 3. 2 2 3 1 ,5 ,6. ,6 ,5 ,6 1
1. 1. 3. 3 2 1 ,6 1 ,6 1 2. 2. 0 0 5 1 2 3. 3 2 1 q6 1 6 1 6 5. 5. 5. 0 3 5 6 5 5 3 5. 5 3 5
x x x qx 1 2 2 1 3 1 6. 6 6 1 2 3 2 1 6 6 1 3 2. 2. 1 5 ,6. ,5 ,6 1 1. 0 1 2 3. 3 6 5 3 3.
3. 2 2 3 1 5 ,6. ,6 ,5 ,6 1. 1. x 3. 3 6 5 3. 3. 0 0 2 3 1 6. 6 5 6 1. 1. 1. 1. 1.
%END