%再见吧！浪漫.txt
% 出处 https://www.qupu123.com/
title=再见吧！浪漫
tag=
usertag=
tagroute=
transcriber=jianpu2-auto
status=ocr
source=qupu123-305423
%--
4/4
subtitle=score
,1 x. 0 3 3 5 6 0 7 5 6 6 3 5. 0 3 3 5 6 0 x x x. 1' x x' x x x x' x x' x 1 ,,1 ,,,7 q,6 1 ,1 ,7
,6 1 1 1 1 1 ,6 1 1 1 1 ,6. 6 0 6 0 6 5 6 0 x ,6 ,,5 ,4 ,6 q,6 q,5 ,3 ,6 ,6 ,6 ,6 ,6 ,6 q,6 q,7 1 ,,7 ,7 ,7
- x 6. 7 7 - x 1 1 ,7 ,6 1 1 ,7 ,6 1 1 1 1 ,,,6 1 1 1 ,6. x 6 0 6 0 6 3 6 0 x ,6 ,5' ,4 ,6 ,6 ,5
,3 ,6 ,6 ,,6 ,6 ,6 ,,6 ,7 ,7 ,3 ,,7 ,7 2 2 x x x x x x 7 1' 2' 3' 1 1 1 2. ,,2 ,7 ,7 1 ,7 ,7 ,7 ,7 ,7 q,,7 ,7 ,,1
1 ,1 1 1 0 4 4 3 2 2 ,6 0 2 1 2 ,3 3 - 3 0 0 0 0 3 3 5 5 6 0 0 x' 3 3 5 5 6 0 3 3 5
6 6 q4 q4 4 3 4 4 0 0 5 5 ~ 5 5 ~ 5 5 0 6 7 6 6 5 5 5 3 3. 3 0 2. 5 0 7 7 6 5 5 6. 6
- 6
%END
