%军民合作.txt
% 出处 http://www.fysongs.cn/songku_show.asp?id=50251
title=军民合作
tag=
usertag=
tagroute=
transcriber=jianpu2-auto
status=ocr
source=fysongs-50251
%--
4/4
subtitle=score
0 0 0 6 6 6 6 6 5 3 6 0 0 0 0 6 6 1 1 6 0 5 3 6 0 3 3 3 3 3 3 5 6 0 6 0 5 3 6 0
6 6 6 6 1' 6 1 2 - 3. 5 6 1' 6 5 - 2. 1 6 1' 3 5 - 6 1 6 5 3. 3 3 5 3 6. 6 6 5 3 0 0 0
0 0 0 0 0 2 2 q1' 6 - 1' q3 6 5 3 2 3 5 - 1 6 1 5 - 0 0 0 0 0 0 0 0 3 3 5 6 1 1 1' 6
1' 6 - 2'. 2' 2' 1 6 6 1 2 0 2 0 6 0 3 3 3 6 6 6 3 3 - q6. 6 6 5 6 1' 6 0 0 0 5 0 0 2 0
6 0 5 0 0 2. 2' 2' 1' 6 6 5 6 1' 6 6 5 6 0 0 2 0 q6 0 5 0 0 2 6 0 5 0 0 2. q2 2 1 6 6 5
6 1 6 6 5 2'. 2' 2' 1' 6 6 5 6 1 2 2 1' 2 0 0 2' 0 6 0 5 0 0 2 0 6 0 6 0 2. 2 2 1 6 6 5
6 6 1 2 2 1 2 0 0 2 0 6 0 5 0 0 5 0 0 2'. 2' 2 1' 6 6 5 6 1 2' 2 1' 2 ,2' - - - 2 0 6 0
5 0 0 2. 2 2 1 6 6 5 6 1 6 6 5 6 - - -
%END
