%军营四季.txt
% 出处 https://www.qupu123.com/
title=军营四季
tag=分类/通俗歌曲
usertag=分类/通俗歌曲
tagroute=
transcriber=jianpu2-auto
status=ocr
source=qupu123-333005
%--
4/4
subtitle=score
6 3 2 - 6 3 2 - - 2 3 2 3 2 6 1' 6 6 5 6 5 3 2 q5 2 3 - 2 3 2 3 2 6 q1 6 q6 5 6 q5 q3
2 - 3 ,6 ,6 3 6 3 3 1 6 6 ,6 3 6 3 1 6 6 3 2 2 6 6 5 6 3 3 ,2 0 2 ,2 3 ,6 - 1 ,1 2. ,3 2
,6 1 5 3 3 2. 3 3 6 6 6 5 6 3 3 2 2 1 2 3 2 ,6 0 1 1 2 3 5 3 3 0 3 2 2. 2 3 ,6 2 3 2
3 2 6 1' 6 5 6 6 - 2 2 2 q3 2 2 2 2 3 2 2 2 3 6 2 5. 5 3 2 3 3 2 2 3 6 6 5' 3' 3' 3' 2
2 - 3 q5 q5 ,3 2 3 ,6 - ,6 - ,6 - 2 3 2 3 2 6 1 6 6 q5 6 - q5 3 2 - - 3 - - - 6 - - 6 -
6 - - ,6 0 0 0
%END