%冬之恋歌.txt
% 出处 http://www.fysongs.cn/songku_show.asp?id=49464
title=冬之恋歌
tag=
usertag=
tagroute=
transcriber=jianpu2-auto
status=ocr
source=fysongs-49464
%--
6/8
subtitle=score
x 0 1 q2 3. 3 3 q1 ,6. ,6 1 ,6 ,4. q,4 ,4 ,5 ,4. q,4 q,7 q1 2. q2 2 ,7 ,5. q,5 q,5 ,4 ,3. q,3 q,3 q,4 ,3. ,3. 1. q1 ,7 ,6 3. 3
1 ,6 6. 6 5 4. 2 3 4 3. 3 2 q1 ,7 ,3 ,4 ,5 ,6. ,6. ,6. ,6. x 2 3 3 1 ,6. ,6. 3 4 4 3 3 2 2. 1 2 2 ,7 ,5.
,5 2 2 3 3 2 2 1 1. 1. ,3 ,6 ,7 1 ,6 ,6. ,6. ,6 2 3 4 2 2. 2. 2 q1 q1 1 2 q2 1 2 q2 3 3. 3. - 3. x q,3
,3 ,3 ,6 q,5 q,6 ,7. ,7. ,3 ,3 q,3 ,7 ,6 ,7 1. 1. 1 2 3 4 2 2 1 2 2 3 ,7 2 1 ,7 ,6. x 6 ,6 3. 3. 3. 4 5 q5 6
6 5 6 5 4 4 4. 4 5 5. 5 2 3 4 4 5 5 4 5 4 3 3 3. 3. ,3 ,6 ,7 1 ,6 ,6. 1 2 2 3 3 4 4. 4 0 3
2 1 ,7. 2 1 ,7 ,6. ,6. ,6. x ,6 1 2 3. 3 3 1 ,6. ,6 1. q6 ,4. q,4 ,4 ,5 ,4. q,4 ,7 1 2. 2 2 ,7 ,5. q,5 ,5 ,4 ,3. ,3 ,3
,4 ,3. ,3 ,3 1. 1 ,7 ,6 3. 3 1 q,6 6. 6 q5 4. q3 2 q4 3. q3 2 q1 ,7 ,3 ,4' ,5 ,6. ,6. ,6. ,6. ,6. ,6. ,6. ,6. x. x ,3 ,6. ,6.
,6. ,6. 1. q1 ,7 ,6 3. 3 1 q,6 6. 6 5 4. 2 3 4 3. 3 2 1 ,7. ,3 ,4 ,5 ,6. ,6. ,6.
%END
