%冬之恋情.txt
% 出处 https://www.jianpujia.com/
title=冬之恋情
tag=邓丽君
usertag=邓丽君
tagroute=
transcriber=jianpu2-auto
status=ocr
source=jianpujia-74029
%--
4/4
subtitle=score
0 0 1 2 3. 3 3 1 ,6. 6 1 6 ,4. 4 4 5 ,4. 4 7 1 2. 2 2 7 ,5. 5 5 4 ,3. 3 3 4 ,3. ,3. 1. 1 7 6 3. 3
1 6 6. 6 5 4. 2 3 4 3. 3 2 1 ,7 ,3 4 x 5 ,6. ,6. ,6. ,6. 2 3 3 1 ,6. ,6. 3 4 4 3 3 2 2. 1 2 2 7 ,5.
,5 3 2 3 3 2 2 1 1. 1. 3 6 7 1 6 ,6. ,6. 6 2 3 4 2 2. 2. 2 1 1 1 2 2 1 2 2 3 3. 3. 3. 3 3 3
6 5 6 q7. q7. 3 3 3 7 6 7 1. 1. 1 2 3 4 2 2 1 2 2 3 ,7 2 1 7 ,6. ,6 6 3. 3. 3. 4 5 5 6 6 5 6
5 4 4 4. 4 5 5. 5 2 3 4 4 5 5 4 5 4 3 3 3. 3. 3 6 7 1 6 6. 1 2 2 3 3 4 4. 4 0 3 2 1 7.
2 1 7 6. 6. - 1 - - - - - - - 6. 6 1 2 3. 3 3 1 6. 6 1. 6 4. 4 4 5 4. 4 7 1 2. 2 2 7 5. 5
5 4 3. 3 3 4 3. 3 3 1. 1 7 6 3. 3 1 6 6. 6 5 4. 2 3 4 3. 3 2 1 - 1 - - - - - - ,7 ,3 4 x
6 ,6. ,6. ,6. ,6. ,6. ,6. ,6. ,6. ,6. ,6. ,6. ,6. - - - - - - 1
%END