%冲锋号.txt
% 出处 http://www.fysongs.cn/songku_show.asp?id=50153
title=冲锋号
tag=
usertag=
tagroute=
confidence=0.980
conf_p10=0.978
transcriber=jianpu2-auto
status=ocr
source=fysongs-50153
%--
4/4
subtitle=score
x 5 5 5 5 5 5 5 5 5 5 5 5 5 5 5 5 - - 4 3 2 1 x ,5. q5 1 ,5. 5 2 ,5. 5 q1. q1 q2. 3 2 5. 5 5.
q3 2 q5. q5 5. 3 2. q3 2. 3 2 0 5 ,5 5 5 ,5 0 x 1 ,7 ,6 x ,5. q5 1 ,5. 5 2 ,5. 5 1. 1 2. q3 2 5. q5 5. 3
2 5. 5 5 - - q6. 4 5 0 4 3 2 1 x 5' q5' 5' 5' q5' 5' 5' 5' 5 5' 5 x 3 - 2 1 q,7 q,6 ,5 ,4 ,3 ,4 ,5. 4 ,5.
q4 3 - 2 1 ,7 ,6 ,5 ,4 ,3 ,4 ,5. 4 ,5. 6 ,5 0 2 2 - 2 3 4 2 1 ,7 1 2 3. q2 3. 1 5 5. 5 5 - - 6. 1
q4 5 5 5 5 5 0 ,5 x 5' 5' 5 q5 q5 5 5 5 5' 5' 5' 5 5' 5' - - 4 3 2 1' x ,5. q5 1 ,5. 5 2 ,5. 5 1. 1
2. 3 2 5. 5 5. 3 2 5. 5 5. 3 2. 3 2. s3 2 0 5 q,5 5 5 ,5 0 x 1 ,7 ,6 x ,5. 5 1 ,5. q5 2 ,5. 5 1. 1 2.
3 2 5. 5 5. 3 2 5. 5 5 - - 6. 4 5 0 4 3 2 1. 5 5 - - 6 - 6 2 3 4 5 4 3 2 1 x 5' 5 q3' 5'
5 5' 5 3' 5 5 5 5' 5 5 - - x
%END
