%凋零的过往.txt
% 出处 https://www.qupu123.com/
title=凋零的过往
tag=分类/通俗歌曲
usertag=分类/通俗歌曲
tagroute=
transcriber=jianpu2-auto
status=ocr
source=qupu123-306644
%--
4/4
subtitle=score
3 ,6 1 3 2 1 1 ,5 ,6 ,3 ,5 ,6 1 3 6 6 5 5 2 3 3 6 6 5 6. 3 2. 1 2 ,7 ,7 ,7 ,7 ,6 ,5 ,5 ,5 ,5 ,3 ,6
3 ,6 ,6 1 ,1 3 2 1 ,5 ,6 - - ,3 ,5 ,6 1 6 5 5 5 2 3 - - 3 6 5 6 3 3 2 3 2 1 2 ,7 ,7 ,7 ,7 ,6
,5 ,5 ,5 ,5 ,3 ,6 1' 3 3 3 1' 7 6 5 3 6 1' 3 3 3 1' 7 6 5 6 3 2 2 2 3 4 4 3 3 2 1 7 7 7 7
6 5 3 5 6 1' 3 3 3 3 ,1' q7 6 q5 6 q3 q6 q6 q5 q5 q3 q3 q3 q2 3 2 2 2 3 4 3 3 3 3 2 1 - 7 7 7
7 6 5 3 5 6 - - - 2 2 2 3 4 - 3 3 3 3 2 1 - 7 7 7 7 6 5 3 5 6 - -
%END
