%几许风雨.txt
% 出处 https://www.jianpujia.com/
title=几许风雨
tag=
usertag=
tagroute=
transcriber=jianpu2-auto
status=ocr
source=jianpujia-149081
%--
4/4
subtitle=score
x 2 1 x 2 2 3 2 1 1 2 1 ,7 ,7 1 ,7. ,6 - x 2 6 2 6 4 1 4 1 3 3 7 5 6 6 1 3 6 3 1 6 x
- - - - - - - - - - x 2 5 x 1 1 6 6 3 3 1 1 6 6. 6 6 6 7 1 2 7 7 7 6 0 0 6 3 6 3
1 3 6 3 6 3 6 1 3 1 6 3 5 2 5 2 7 2 5 2 x 2 x 5 - 4 4 4 4 4 5 6 5 4 5 5 6 5 4 5
2 5 7 2 7 5 2 4 1 4 1 6 1 4 1 4 1 4 1 6 1 4 1 3 5 7 2 4 2 7 5 x 3 3 x 3 - 6. 6 6
6 6 7 1 2 7. 7 7 6 1 5 1 3 5 3 1 5 6 3 6 3 1 3 6 3 6 3 6 1 3 1 6 3 5 2 5 2 7 2 5
2 x 3 7 x 5 - 4 4 4 4 4 5. 6 1 7 7 7 6 5 2 5 7 2 7 5 2 4 1 4 1 6 1 4 1 4 1 4 1 6
1 4 1 3 5 7 5 2 7 4 2 x 4 1 x 1 1 1 7 0 0 3 1 1 6 3 1 6 1 1. 1 1 1 7 6 6 6 6 5 5.
5 3 - 6 3 6 3 1 3 6 3 6 3 6 1 3 1 6 3 4 1 4 1 6 1 4 1 1 - - - - - - - - - - - -
%END
