%出彩新河南.txt
% 出处 https://www.qupu123.com/
title=出彩新河南
tag=分类/民歌
usertag=分类/民歌
tagroute=
transcriber=jianpu2-auto
status=ocr
source=qupu123-334060
%--
6/8
subtitle=score
5 5 3 2 3 1. ,5. 2 2 3 2 3 ,5. ,5'. ,6 ,7 1 6 5 6 5 3 3 5 6 3 2 1 2. 2. 5 5 5 3 6 5 3. 5 5 3
2 2 ,5 ,6. ,6. 2 2 3 4 4 3 2 1 2. 6 2 7 6 7 6. 5. 1 5 1 2' 1. 1'. 1 1 7 6 7 5. 5. 1 1' 6 q1 5 6
5 3. 6 5 3 2 1 2. 2. 5. 3. 6 6 5 3. 1. 5. 2' 1' 6. 6 7 1 7 6 5 6 5 3. 5 6 7 6 5 1'. 1'. x x 5 5
3 2 3 1. ,5. 2 2 3 2 3 ,5. ,5. ,6 q,7 1 6 5 6 5 3 q3 5 1 3 2 1
%END