%出嫁_2.txt
% 出处 http://www.fysongs.cn/songku_show.asp?id=13159
title=出嫁
tag=
usertag=
tagroute=
confidence=0.963
conf_p10=0.901
transcriber=jianpu2-auto
status=ocr
source=fysongs-13159
%--
4/4
subtitle=score
qx - - 1 2 2 x 0 3 3 3 3. q2 2 3 3 2 ,5 0 q3 3 3 3. q2 3 3 3 ,6 1 1 0 3 3 3. 2 q2 q3 0 0 3'
3 3 1 2 2 3 ,6 1 2 - 0 q1 1 1 1. 1. ,,6 q,6 0 2. 2 3 3 3 0 1 1 1 1 5 5 5 5 2 1 1 1 - 0 1
1 1 2. 1 1 0 3 3 q5 ,,5 q,,,7 ,,7 q2 2 - 0 0 0 0 2 2 3 2 ,,5 0 3 3 2 3 6 1 1 0 3 3 3 q,3. ,3. ,3. x'
2. ,2 3 3 2 0 3 3 3. q1 1 2 - - 0 1 1 1 1 q1 q,1 ,,6 0 1 1 1 1 1 2 q,,5 ,,,6 q1 1 1 1. s,,,6 ,,6 2 2 1
2. q3 3 0 3 3 3 2 2 0 0 5 5 5 5 5 5 5 6 0 1 q1 1 1. s,,,5 q,,,5 q2 q3 q2 2 - 0 0 5 5. 3 3 5 3 3
5 5 3 5 5 - 5 6 5 3 5 3 q,5 ~ 5 x 1. q0 3' q1 q,6 q3 q1 1 1 q,,6. q1 q,6 q,6 ,6 0 3 2 1 1 3 q,,6 q,6 3 ,,,6
q1 2 5 5 3 3 3. 3. 5 3 3 5 5 5 x 5 5 6 5 3 3 q,5 5 5 3 5 6 - 6 6 5 3 3 3 2 1 0 0 3 2
1 1 ,6 2 3 3 q2 q,,6 1 - 1 - - -
%END
