%刚刚好钢琴.txt
% 出处 https://www.jianpujia.com/
title=刚刚好钢琴
tag=薛之谦,分类/钢琴谱
usertag=薛之谦,分类/钢琴谱
tagroute=
transcriber=jianpu2-auto
status=ocr
source=jianpujia-150582
todo=refine the filename
artist=薛之谦
%--
4/4
subtitle=score
x 2 1 x 4 7 4 4 4 7 6 6 5 3 3 3 5 1 4 2 2 5 5 2 1 7 6 6 3 3 3 2 2 2 1 7 6 6 5 5
5 3 2 2 1. 1. 3 2 1 1 1 5 2 5 5 2. 1 1 1 2 3 3. 3 4 1 1 4 2 5 7 2 3 3 5 7 2 6 3 7 1
3 6 7 x - - - - 0 - - - 0 - - - - - - - - - - - - - - x 2 5 x 1 2 2 3 3 3 1 1 1
4 3 4 4 3 6 6 3 2 2 1 1 1 5 1 4 2 1 - 2 3 6 3 2 3 6 3 2 3 6 3 2 3 6 3 2 3 6 3 2
3 6 3 2 3 6 3 0 1 1 2 - - - - - - - - - - - - - - - - - - - - - - - - - - - 1 2
1 1 5 - 1 1 1 1 - 4 - - - 4 4 0 x - - - - - - - - - x 2 x 5 2 3 5 5 3 3 5 2 3 5
5 3 3 6 2 3 5 5 3 6 ,6 5 2 1 2 5 2 3 5 5 3 3 5 2 3 7 7 5 3 6 2 3 5 5 4 6 ,6 0 1 1
7 1 1 5 3 3 7 5 4 1 5 4 5 1 5 3 1 2 3 7 5 4 1 5 4. 1 6 x 0 0 - 0 - - 0 - - - x 3
3 x 6 3 3 2 2 2 2 2 2 4 3 3 3 3 4 3 6 6 1 5 5 5 1 7 2 3 5 5 5 7 7 1 1 1. 3 1 3 4
4 3 2 2 1 1 1 2 1 1 1 1 1 1 1 0 3 2 1 7 1 4 1 1 4 2 5 7 2 5 3 2 5 7 2 6 3 1 2 2
1 3 2 1 1 5 6 6 1 1 1 1 1 0 0 x 0 0 0 0 - - - - - - - 0 0 0 0 - - - x 3 3 3 2 2
1. 1. 1 1 1 1 3 2 3 5 4 3 6 6 6 6 6 2 2 2 1 7 6 6 5. 5 3 4 3. 3 4 7 4 4 4 7 6 6 5 3
1 1 1 1 2 3 4 5 2 1 7 3 5 ,7 ,7 ,1 ,1 ,1 ,1 ,2 ,3 ,3 4 1 5 6 1 4 2 5 7 2 3 3 5 7 2 6 3 7
1 3 2 1 1 1 5 2 5 5 2. 1 1 1 1 2 3 3 x 0 0 0 0 - - - - 0 0 0 0 0 0 - - - - - 6 3
3 3 2 2 1. 4 2 2 3 3 1 6 6 6 6 2 2 2 1 7 6 6 5 5 5 3 4 1. 3 1 3 4 4 3 6 6 3 2 2 1
1 1 5 4 4 2 1 3 2 1 7 3 5 1 4 1 5 6 1 4 2 5 7 2 3 3 5 7 2 6 3 7 1 3 6 7 2 1 1 5
2 5 7 7 1 1 1 - x 0 0 0 0 - - - - - - 0 0 0 0
%END
