%别梦草原.txt
% 出处 http://www.fysongs.cn/songku_show.asp?id=19155
title=别梦草原
tag=
usertag=
tagroute=
confidence=0.990
conf_p10=0.996
transcriber=jianpu2-auto
status=ocr
source=fysongs-19155
%--
4/4
subtitle=score
1 - - q1 4 q2 4 qx - - 6 0 q3 q5 6. 5 q6 7 7 7 5 q6 6 - - ,6 1 2 2. 1 q2 3 7 6 q7 q5 3 - - 3
q5 6. 5 6 7 7 7 6 7 2 - - ,6 1 2 2. 1 2 3 ,7 7 6 5 6 ,6 - - - ,6 3 3 2 1 3 ,6 ,6 ,6 2 2 3
5 1 ,6. ,6 3 3 5 6 3 2 1 3 3 ,6 2 2 3 5 6 3. 3 6 6 5 6 7. 6 7 7 6 5 6 5 3 - x 6 3 6 7
1 2 3 5 x 3 3 5 6 6 6 3 5 q2 2 0 3 2 3 1. 1 2 ,3 ,7 5 6 ,6 - ,6 0 3 7 6 6 - 6 5 6 7 7
6 5 6 5 3 - ,6 3 2 2 - 2 q1 2 3 2 3 2 1 6 ,6 - 3 3 5 6 6 6 3 5 2 2 3 3 5 2 2 1 2 1
,6 ,6 0 ,3 q,5 ,6 q1. 1 q2 3 ,7 5 6 q,6 - ,6 3 5 3 ,7 5 6 ,6 - 3 3 5 6 6 6 3 5 2 2 3 3 5 2 2 1
2 1 ,6 ,6 0 3 5 6 7 - 7 - 7 3. 3 - 0 5 6 6 - - - 6 - - - 6 0 0 0
%END
