%别离_2.txt
% 出处 http://www.jianpu.cn/
title=别离
tag=
usertag=
tagroute=
transcriber=jianpu2-auto
status=ocr
source=jianpucn-69335
%--
4/4
subtitle=score
x 7 5 3 2 3 2 ,7 q,5 ,3 ,6 1 3 - 3 1 q,6 x 5 6 5 4 2 ,4 ,6 x 2 2 ,7 ,5 1 s1 2 3 x 1 3 5. 6 5
5. 4 4 3 2 x 2 x q,4 6 q1' 7 q6 6. 5 5 5 3 q3 1 ,6 0 3 q1 q,6 4 q3 q3 2 2 q2 ,7 ,5 q2 2 ,7. q,,,5 3 2 2
1 q,7 q,7 q,7 1 2 ,1 q7 ,6 1 3 q3 q1 s6 ,7 2 1 q,,7 ,7 ,6 ,6 - ,6 ,6 q,,6 ,5 ,5 ,7 2 4 3 2 1 ,6 ,6 ,5 ,5 ,7 2 q,4
3 2 1 1 q,,1 q1 ,7 - ,7 2 1 ,7 ,6 1 3 q,3 1 q,,6 ,7 2 1 q,7 ,7 ,6 0 6 q5 3 1 2 2 0 2 2 1 7 ,6 ,6 0 6
5 3 1 q1 2 2 0 q2. q2 1 q,7 ,6 ,6 0 0 3 ,6 1 3 1 ,6 0 3 1 ,6 ,7 - - 2 ,7 x ,5 0 2 ,7 ,5 1 ,7 ,1 2
3 ,6 ,6 0 6 5 3 1 q,1 2 2 0 2 2 1 q7 ,6 ,6 0 6 5 q3 q1 q,,1 2 2 0 2 ,,2 1 ,7 ,6 ,6 0 q,6 1 2 q3 x 1
5 7 6 5 5 4 4 3 2 2 x ,,4 q1' 7 6. x q,5 5 6 6 0 0 0 x
%END
