%刺客.txt
% 出处 https://www.qupu123.com/
title=刺客
tag=分类/通俗歌曲
usertag=分类/通俗歌曲
tagroute=
transcriber=jianpu2-auto
status=ocr
source=qupu123-305316
%--
2/4
subtitle=score
1 1. 2 4 x 1' x ,6 ,7 1 5 5 4 2 3 - 3 - ,6 ,7 ,1 5 5 4 3 3 7 6 6 - ,6 ,,7 1 5 5 4 2 3 3 ,6
,7 1 5 5 4 3 3 7 6 6 1 1 q6 ,6 - ,6 ,6 - 0 q6 ,6 ,5 ,5 ,5 ,5 - 0 1 1 q,6 x 1 1 1 1 2 1 ,7 ,6 ,6
,6 ,6. ,,5 q,7 ,7 ,7 7 ,,,7 1 ,7 ,6 ,5 ,5 ,5 1 2 1 1 ,6 ,6 1 1 1 1 1 2 2 2 x ,6 ,5 1 ,3 ,7 ,,3 ,6 x 1 1 1
1 2 1 ,7 ,6 ,6 ,6 ,6 ,5 ,7 7 ,7 7 7 7 7 1 ,7 ,6 ,5 ,5 ,5 - 1 2 1 ,1 1 ,,7 q,6 1 1. 1
%END
