%动物世界钢琴_2.txt
% 出处 https://www.jianpujia.com/
title=动物世界钢琴
tag=
usertag=
tagroute=
transcriber=jianpu2-auto
status=ocr
source=jianpujia-149543
%--
4/4
subtitle=score
1 - - qx - - 7 0 qx' 6 5 3 6 5 3 6. 1 7 5 1 7 5 1 2 3 6 5 3 6 5 3 1 - - - - - - - -
- - - - - - - - - - - - - 6. 5. 5. 6. 6. x 1 1 1 1 x 6 x 6 7. 5 6 2 2 7. 1 7 6 7 1 3 3
7 1 - 0 0 - - - 0 0 - - - - - 5. 6. 6. 6. x x - x 5. x 1 1 1 x 1 7 6 7 1 3 3 6 6 5 3
6 5 3 6 5 3 6 5 2 3. 1 0 0 0 0 - - - 0 0 0 0 - - - - - - 0 0 5. 4. 4. 5. 1. 1 1 1 1 1
x q2 3. 4 3 2 3 4 7 1 7 0 3 2 1 2 3 7 7 6 1 - - - - - - - 0 - - - - - - - 0 1. 2. 3.
2. 6. x 1 1 1 6 5 3 6 5 3 6 7 1 7 0 0 0 1 7 6 7 1 3 1 0 0 0 0 - - - - - - - 0 0 0
0 - - 5. 6. 7. 7. 6. x x x x x 2 6 x 3 7 1 7 6 7 1 3 3 6 6 5 3 6 5 3 6 5 3 6 5 3 1 -
- - 0 0 - - - - - - - 0 0 0 0 0 0 0 0 5. 5. 4. 4. 5. x 1 1 1 1 3 3 3 0 0 2 2 2 2 2 3
4 3 7 2 1 7 1. 1. 2. 3. 2. 1 1 1 1 x 3 6 x 1 0 ,6 3 ,5 ,6 3 ,5 ,6 0 ,6 1 3 ,6. ,4. ,5. ,6 3 ,6. x q4
1 x 6 5 6 5 2 3 5 2 1 ,6 6 5 4. 5. 3. 6. 4. 1 1 1 1 1 4. 5. 3. 6. 4. 1 1 1 1 1 x 4 6 x 6 5
2 3. 6 1 3 6 5 6 5 2 ,5. ,1. ,5. ,1. ,4. ,5. 3 5 2 1 6 6 6 6 3 2 1 ,7. 3. 6. 2. 7. 3. 3. 6. 2. 7. 3. x 1
1 1 1 x 5 6 x ,6 1 3 6 5 6 5 2 3 5 2 1 ,6 5. 1. 4. 5. 3. 6. 1 1 1 1 1 q5. q1. ,4. ,5. ,3. ,6. x 6 6
1 7 6 5. 5 0 6 5 3 6 5 3 q,4. q,5. ,1. q,5. q,1. q,4. ,4. ,5. ,1. q,5. q,1. ,4. x 6 6 x 6 5 2 1 7 1 7 5 6 5 3 2
2 3 2 1 1 - - - - - - - - - - - - - - 5. 3. 6. 4. 5. 1 x x 1 1 5. 3. 6. 4. 5. x 1 1 1 1 7
1 1 1 1 1 1 ,6. ,6. 0 ,7 0 7 7 7 7 7 0 ,7 6. 6. 6. 6. 5. 6. 6. 6. 6. 5'. 5. 1 1 1 1 1 1 1 1 1 1 1
1 1 1 1 1 1 1 1 1 0 7 7 7 7 7 0 ,7 0 7 7 7 7 7 1 3 7 6 7 7 7 7 7 5. 5. 5. 4. 4 4 5 5'.
,5. ,5. ,5. ,4. q4 q4 q5 1 1 1 1 1 1 1 1 1 1 3. 0 7 7 7 7 7 3. 0 7 7 7 7 7 3. 6. 6. 5. 5. 5. 6. 6. 5'.
5. 5'. 5. 5. x 1 1 1 1 x 6 1 1 1 1 1 0 7 7 7 7 7 6 3 1 7 6. 0 7 6 7 1 3 3 7 1 - - - -
- - - - - - 0 0 - - - - - 5. 4. 4. 5. 4. 4. 6. 5. 1 1 1 1 1 1 7 6 7 1 3 3 6 6 5 3 6 5 3
6 5 3 6 5 3 3 3 3 1 0 0 0 0 - - - 0 0 0 0 - - - - - - 0 0 - - - - 5. 4. 4. 5. 1. x x
x 1 1 x 6 x 0 0 2 2 2 2 2 3 4 3 7 2 1 7 1 5 1. 2. 3. 2. 6. 1 x x 1 x x 1 0 1 x 6 3 5
6 3 5 6. 5 4 5 4 5 6 5 6 5 6 ,4. ,5. ,6 3 ,6. ,6. x 1 0 6 x 7 1 2 1 2 4 3 4 3 4 6 5 6 5 6
5 2 1 2 1 2 1 6. x - - - - - - - - - - - - - - - - - - - - - - 6. 6. 6. 6. 6. x 1 1 1
1
%END
