%匆匆那年钢琴_2.txt
% 出处 https://www.jianpujia.com/
title=匆匆那年钢琴
tag=
usertag=
tagroute=
transcriber=jianpu2-auto
status=ocr
source=jianpujia-150477
todo=refine the filename
%--
4/4
subtitle=score
x 2. 2 2 3 3 3 4 3 3. x 2. 5 5 5 4 4 4 4 5 3. 1 x 7. 2 7 7 1 2 7 7 7 7 7 1 7. 7. 7 7 7
1 2 1 1 1 1 4 2 1. - - - - 0 0 0 0 0 0 - - - - - - 5 2 5 5 2 5 3 7 3 5 3 7 5 2 5
5 5 2 1 5 1 1 5 1 x - - - - - - - - - - - - x 5 7 6. 2'. 2 2 2 6 1 6 ,5 0 5 5 6 7 ,3'.
,7. 5 5 3 5 5 3 3 4 7 3 7 3 3 7 ,6 ,4 ,6 ,6 ,4 ,3 ,7 ,3 ,3 ,7 ,3 3 7 5 7 3 5 2 7 5 3 7 ,3. 3 3
5 7 3 7 6 1 3 ,1 ,7 3 3 ,1 ,7 3 3 ,1 3 5. 7. ,1 1 ,1 1 ,1 1 ,1 1 ,1 1 1 3. 5. 6 4 3 6 6 4 3 6
6 4 2 6 3 5 2 5 3 5 5 2 5 3 5 1 7 2 7 2 7 2 3 7 7 4 2 7 3 7 7 3 3 7 x 7 7 5 6 3
6 7 3 3 5 2 5 6 7 3 4 1 4 6 1 6 1 5 1 2 3 5 2 6 2 3 4 1 5 1 2 ,3 5 5 7 2 5 q,7 ,3 ,3
x 6 5 3 1 7 3 3 1 7 3 3 1 6 3 7. 2. 1 1 1 1 1 1 7 1 1 1 1 1 1. 1. 6. 4. 5 7 6 4 3 5 2
4 3 1 7 2 7 2 7 2 3 7 7 4 2 7 3 7 7 3 3 7 6 3 6 7 1 3 5 2 5 6 7 5 4 1 4 5 6 1 1
5 1 2 3 5 2 6 2 1 1 5 5 5 7 2 5 3 7 3 5 ,3 x 6 ,1 7 ,1 7 ,1 3 5. 6 5 6 5 6 1 3. 4 3 4
3 4 2 3 2 3 2 3 1 2 2 2 3 4 2 3' 7 3 3 1 7 1 7 1 7 5. 6 5 6 5 6 5 3. 6 6 6 6 6 6 5
5 5 5 5 5 7 7 7 7 7 7 3 3 3 6 5 4 1 2 1 5 6 3 6 7 3 3 5 2 5 6 7 3 4 1 4 6 1 6 1
5 1 2 3 5 2 6 2 3 4 1 5 1 2 ,3 5. 5 3 5 7 2 5 7 7 3 5 7 7 x 7 3 ,1 1 7 7 ,1 1 7 7 ,1
1 6 6 7. 7. 6 6 5 5 6 6 7 7 ,1 1 6 6 5. 5. 6. 4'. 5 7 6 4 3 5 2 4 3 1 7 2 7 2 7 2 3 7 7
4 2 7 7. 6 5 4 1 6 3 6 7 1 3 5 2 5 6 7 5 4 1 4 5 6 1 1 5 1 2 3 5 2 6 2 1 1 5 7 5
7 2 7 3 3 5
%END
