%北国之春钢琴.txt
% 出处 https://www.jianpujia.com/
title=北国之春钢琴
tag=邓丽君,分类/钢琴谱
usertag=邓丽君,分类/钢琴谱
tagroute=
transcriber=jianpu2-auto
status=ocr
source=jianpujia-149644
todo=refine the filename
artist=邓丽君
%--
4/4
subtitle=score
3 5 1 5 6 1 2 3 5 - - 3 2 1 2 3 2 3 5 2 3 - 6 - - 2 1 6 5 0 0 1 5 1 5 3 5 1 5 3
3 5 3 7 3 5 3 4 2 6 4 2 4 6 4 x - - - - - - - - - - - - x 5 5 1 1 5 6 1 5 6 - 5.
7 3 ,5 2 3 ,1 ,2 4 ,3 3 ,2 5 6 ,3 ,3 7 - ,2. 6. 5 ,2 ,2 4 ,3 5 ,2 4 3 ,1 ,6 1 5 3 1 6 3 6 1 6 1
5 2 5 3 5 2 5 6 5 1 5 3 5 1 5 4 6 2 6 4 6 2 6 x 0 0 0 0 - 0 - - 0 0 - 0 1 0 - 0
0 1 - 1 2 3 2 3 5 1 2 3 3 3 3 3 0 2 3 3 2 3 3' 2 1 6 5 3. 2 1 1 1 6 x 3 2 1 5 ,7 ,6
,6 1 5 1 2 3 - ,5 - - - ,4 - ,3 - 1 5 1 5 3 5 1 5 x 1 3 x 5 5 6 1 6 5 3 5. 6 1. 1 6 1
2 1 6 5 3 5. 5 6 5 1 2 3 5 5 1 6 5 3. 2 1 5 5 1 5 3 5 1 5 6 6 1 6 3 6 1 6 3 3 5 3
7 3 5 3 6 3 1 6 3 6 1 6 1 7 x 1 1 1 6 5 3 2 1 - 1. 4 4 2 1 ,6. 1 2 4 4 2 4 5 6 1 1
2 1 5 1 5 5 3 5 1 5 1 4 2 4 4 4 2 4 6 3 6 4 2 4 6 4 5 3 6 2 5 2 6 3 x 0 0 0 0 -
0 0 - 0 0 - - 0 - - 0
%END
