%十指相扣心相守.txt
% 出处 http://www.fysongs.cn/songku_show.asp?id=19190
title=十指相扣心相守
tag=
usertag=
tagroute=
transcriber=jianpu2-auto
status=ocr
source=fysongs-19190
%--
2/4
subtitle=score
q1 - - qx - - 1 1 3 x x 3 5 6 1 ,5. 3 ,5 ,6 1. 2 3 ,7. 2 ,7 ,6 ,5 - 6 1 6 5 ,6 1 3. 2 3 6 5. 6
5 3 2 1 3 3 5 5 1 1 1 6 1 3 2 2 2 0 6 1 1 3 1 6 5 - 5 - ,5 5 3 2 3 1 q6 ,5 - ,5 - 6
6 5 1 ,6 ,6 1 1 2. 2 - 3 5 2 3 5 - 3 5 5 ,7 ,6 - ,5 ,6 5 3 2 3 3 ,6 ,6 1. 1 - 6 5 6 3 2 3
1 - 2 2 3 5 2 2 3 3 ,6 ,6 1. 1 3 5 6. 1 6 1 6 3 3 5. 5 3 5 6. 5 1 6 5 3 2 - 2 - 3 2 3
3 5. 6 5 6 3 q2 q3 q2 1 - 2 2 3 5 2 3 3 ,6 ,6 1. 6 3 5. ,6 1. 1 3 5 6 1 2 3 7 1 7 5 5. 3 2
1 2 1 1 2 3 5 1 1 1 5 - 0 3. 0 3 2 1 2 1 6 2 2 7 1 5 0 5 5 6. 5. 5 0 6 6 5 1 2 6 q3
q2 q3 q1 6 1 1 2 1 3 3 1 6 1 2 q3 q2 q3 q1 6 1 1 0 3. 3 2 1 7 1 7 6 5. 4 7 1 7 6 4 5 4 ,6
1. 1 - 1 2 3 5 2 3 3 ,6 1 - 1 -
%END
