%千百度钢琴.txt
% 出处 https://www.jianpujia.com/
title=千百度钢琴
tag=许嵩,分类/钢琴谱
usertag=许嵩,分类/钢琴谱
tagroute=
transcriber=jianpu2-auto
status=ocr
source=jianpujia-380245
todo=refine the filename
%--
4/4
subtitle=score
0 0 0 7 1 5 5 4 3 3. 1 2 - 2 7 1 5 5 4 3 3. 7 0 0 0 0 4 1 4 6 1 - 4 2 5 7 7 - 3 7
3 5 7 - x - - - - - - 5 2 1 7 1 7 5 4 3 4 1 1. 5 5 5 4 - 3 - - - 6 3 6 1 1 - 2 2
4 6 6 - 4 1 4 5 5 - 1 1 3 5 5 - x - - - - - - - - 0 0 0 1 5 2 3 5 2 3 5 2 3 - 0
2 5 2 3 5 2 3 5 2 4 1 4 5 5 - 1 5. 1 1 - 7 5 7 2 2 - 6 3. 6 1 - x - - - - - - 1 3
3 - 0 5 6 5 1 6 5 1 1 6 3 5 - 5 5 3 2 2 3 5 3 6 2 5 2 5 7 7 - 4 - ,1 1 - 3 - ,5 7
- 2 2 4 6 6 - 2 - 0 2 5 2 3 5 2 3 5 2 3 - 0 2 5 2 3 5 2 3 5 2 5 2 5 7 7 - 1 5. 1
1 - 7 5 7 2 2 - 6 3. 6 1 - x 0 - - 0 - -
%END