%午夜骑士.txt
% 出处 https://www.qupu123.com/
title=午夜骑士
tag=分类/通俗歌曲
usertag=分类/通俗歌曲
tagroute=
transcriber=jianpu2-auto
status=ocr
source=qupu123-305187
%--
4/4
subtitle=score
x 6 0 6 0 ,6 ,6 0 0 0 0 ,,5 ,6 q,,7 q1 0 ,,7 q,6 q,,5 5 4 ,4 - - 0 0 0 5 6 0 q,6 ,,,6 0 1 ,7 ,6 0 ,6 1 1
0 6 0 ,,6 ,6 0 0 0 q0 q,,,5 q,,6 ,,,7 ,1 0 ,,,7 q,,,6 ,5 ,,5 0 ,,4 ,4 0 0 0 5 6 0 q,,6. ,6 1 ,7 ,,6 ,6 1 5 4 5 q4 - 0
5 6 7 1 7 6 5 5 4 4 - 0 0 3 3 x 6 6 6 6 6 7 ~ 7 7 1 1 1 1 2 1 7 7 5 ~ 5 5 0 0 0
0 7 5 5 5 5 6 6 6 7 7 7 7 7 1 7 1 7. 6 6 - 0 0 0 0 6 6 6 6 6 6 6 7 1' 1' 1' 2' 7 7 q5
~ q5 5 0 0 0 5 6 7 6 4 4 4 0 5 5 3 3 3 6 0 0 0 6 7
%END
