%又十年钢琴.txt
% 出处 https://www.jianpujia.com/
title=又十年钢琴
tag=分类/钢琴谱
usertag=分类/钢琴谱
tagroute=
transcriber=jianpu2-auto
status=ocr
source=jianpujia-382939
todo=refine the filename
%--
4/4
subtitle=score
x 3 3 x 4 3 4 4 3 2 2 - 0 2 1 2 5 2 2 1 2 2 2 5 4 3 3 3 4 3 - 1 - - - - - - - -
- - - - - - - 4 1 4 1 6 1 4 1 5 2 5 2 7 2 5 2 1 5 1 5 3 5 1 5 x - - - - - - - -
- - - - x 3 6 x 0 1 7 1 7 1 1 2 3 3 6 5 5 5 5 4 4 4 - 4 3 4 4 3 4 4 5 6 6 5 5 1
- - - - - - - - - - - - - - - - - - - 6 3 6 3 6 3 6 3 2 6 2 6 4 6 2 6 4 1 4 1 6
1 4 1 x - - - - - - - - - - - - x 3 x 5 - - - 0 1 7 1 7 1 1 7 6 6 5 6 6 6 6 5 5
5 3 2 7 7 5. 5 2 7 5 6 7 2 7 6 3 6 3 5 3 7 3 4 1 4 1 3 7 3 7 x 0 0 - 0 0 0 0 - 0
- - - x q4 2 x 0 1 7 1 7 1 1 7 6 6 5 6 1 1 1 2 2 1 2 3 2 3. 5 5 3 2 2 1 2 2 3 5 6
3 6 3 5 2 5 2 4 1 4 1 5 6 7 1 5 1 5 7 5 7 5 x 0 0 0 0 0 0 - 0 0 - - 2 1. 1 0 1 2
1 1 1 6 6 6. 6 5 1 1 1 3. 4 3 4 4 2 2 2 1 3. 1 6 3 6 3 5 3 5 3 4 1 4 1 3 1 5 1 2 6
2 6 5 2 5 2 3 3. 5 5 3 2 2 1 2 2 1. 1 0 1 2 1 1 1 6 6 6. 6 5 1 1 1 3 1 5 1 5 7 5 7
5 6 3 6 3 5 3 5 3 4 1 4 1 3 1 5 1 x - - - - - - - - - - - -
%END
