%又继续等.txt
% 出处 http://www.fysongs.cn/songku_show.asp?id=12287
title=又继续等
tag=
usertag=
tagroute=
confidence=0.882
conf_p10=0.537
transcriber=jianpu2-auto
status=ocr
source=fysongs-12287
%--
4/4
subtitle=score
3 2 1 1 1 1 ,7 ,6 ,6 ,7 ,5 1 1 2. ,5. 6 6 q7 q7 q7 1 ~ 1 ~ 1 ~ 1 ~ 1 2 2 3 ,5 0 7 5 5'. q1 6'. 1
,7' ,2' ,7 ,1 3' 2. 1 1' 2 3 1 3 1'. ,1 1' 1 2' 2 1 5 ,5. 1 5 5 ,5. 7' 5 q,6 5 ,5' ,5 0 0 0 q5' 5 5 5 q5 q5
6 4 5 5 5 ,5 5. 5. 6 5 3 5 5 5 6 5 6 q1. 5 5 5 1 5 5 1 0 1 5 5 5 5 4 6 5 ~ 5 5. 5 6 q5
~ 5 5 ~ 5 5 5 6 5 5 0 1 ,7 1 2 x 2 3 0 5 3. 3 2 3 0 0 6 3 1 3 q0 q0 q6 q6 q1 6. ,6 3 3 0
0 6 6 6 1 6 ,6 3 q1. q1 2 1 ,6 0 ,6 1 6 3 3. 0 0 2 ,x' 5 1'. ,7' 0 0 0 0 3 2' ,7 ,7 ,6 3 0 0 6 1
,6 6 3 1 2 ,6 1 6 6 0 6. 6 1 6 3 3 0 0 0 ,6 1' q1' ,7 ,,7 1. ,7 1 ,2
%END
