%反方向的钟钢琴_2.txt
% 出处 https://www.jianpujia.com/
title=反方向的钟钢琴
tag=
usertag=
tagroute=
transcriber=jianpu2-auto
status=ocr
source=jianpujia-249659
%--
4/4
subtitle=score
1 - - 1 4 q1 - - 7 x 1 6 5 3 2 2 3 2 3 6 1 2 3 3. 6 5 3 2 2 3 2 3 6 1 2 3 3 2 1 6
5 5 6 5 6 3 5 6 1 1. 0 2 1 6 5 5 6 5 6 3 5 6 1 1 5 0 4 1 5 5 2 5 6 3 5 - - 4 1 5
5 2 5 6 3 5 - - x - - - - - - 5 6 5 3 2 2 3 2 3 6 1 2 3 3. 6 5 3 2 2 3 2 3 6 1 2
3 3 2 1 6 5 5 6 5 6 3 5 6 1 1. 0 2 1 6 5 5 6 5 6 3 5 6 1 1 5 0 4 1 5 5 2 5 6 3 5
- - 4 1 5 5 2 5 6 3 5 - - x - - - - - - x x 0 0 0 0 0 0 0 0 0 0 0 0 0 0 0 0 3 1
2 ,3 ,2 ,3 2 ,3 ,2 6 7 1 1 1 7 1 1 0 0 4 0 0 5 0 0 6 0 6 0 0 0 6 0 0 5 0 0 6 0 6 0 4
1 5 5 2 5 6 3 5 - - 4 1 5 5 2 5 6 3 5 - - 1 - - - - - - x 1 3 x 3 2 3 3 0 3 3 2
3 3 0 3 3 2 3 3 0 3 3 2 3 0 3 3 2 3 0 3 3 3 2 3 0 3 3 2 3 0 3 1 2 3 6 0 3 3 3 3
2 3 3 3 2 1 2 1 1 1 2 1 1 0 0 6 0 0 7 0 0 6 0 6 0 0 0 6 0 0 7 0 0 6 0 6 0 4 1 5
5 2 5 6 3 5 - - 4 1 5 5 2 5 6 3 5 - 1 0 - - 0 - x 1 7 x 3 2 3 0 3 3 2 3 0 3 3 2
3 0 3 3 3 2 3 0 3 3 2 3 0 3 3 3 2 3 0 3 3 2 3 3 0 0 0 3 2 3 2 3 2 3 2 1 7 1 1 1
7 1 1 0 0 6 0 0 5 0 0 6 0 6 0 0 0 6 0 0 5 0 0 6 0 6 0 4 1 5 5 2 5 6 3 5 4 1 5 5
2 5 6 3 5 - - 0 - 0 - 0 x 2 1 x 0 6 6 7 1 2 7 1 6 7 5 6 6 3 0 5 6 7 1 2 7 1 7 1
5 6 6 3 6 4 4 6 4 x 3 3 1 3 4 3 1 3 1 1 7 1 3 1 7 1 2 3 1 1 2 7 7 1 6 6 7 5 ,6 1
,6 6 6 3 7 2 3 1 1 2 7 7 1 6 6 7 5 1 1 ,6 6 6 6 6 3 5 1 4 4 6 1 6 3 5 1 4 4 6 6 x
2 5 x 7 1 5 6 6 3 7 1 7 7 7 1 2 7 7 6 7 7 6 7 7 6 7 7 6 7 3 7 2 3 6 1 1 3 4 7 2
4 3 6 7 1 2 4 7 2 2 1 1 3 3 3 6 1 6 1 2 3 2 4 3 7 3 7 3 7 3 7 3 7 3 7 3 7 3 7 3
7 3 7 3 7 3 7 3 7 3 7 3 7 3 7 3 7 3 2 7 7 3 5 2 3 6 3 6 3 2 7 7 2 3 5. 5 2 3 1 1
0 0 0 0 6 5 3 2 2 3 1 1 2 3 3 5. 6 5 3 2 2 3 2 7 2 2 5 2 3 2 2 5 7 1 2 1 1 1 1 1
1 3 ,7 5 2 6 4 7 5 0 0 6 0 0 6 0 0 6 0 6 0 0 0 6 0 0 6 4 5 2 3 1 2 4 5 6 4 5 2 3
4 5 4 1 5 5 2 2 5 6 3 6 3 4 1 5 5 2 2 5 1 - - - - - - - 2 1 2 2 1 0 6 5 3 2 2 3
1 1 2 3 3 5 5 6 5 3 2 2 3 6 3 2 3 2 2 1 1 1 1 1 1 1 1 0 0 6 0 6 0 0 0 6 0 0 7 0
0 6 0 6 0 0 0 6 0 0 6 6 6 4 5 6 4 5 6 3 6 0 6 0 6 4 1 5 5 2 2 5 6 3 6 3 - 4 1 5
5 2 2 5 1 - - - - - - - - - - x 3 6 x 6 - 0 0 0 0 0 0 0 0 0 0 0 0 0 0 0 0 6 1 0
6 1 0 0 0 1 0 0 0 0 1 0 0 7 5 0 0 6 1 0 6 1 0 6 3 6 6 0 0 6 4 1 5 5 2 5 6 3 7 -
1 4 1 5 5 2 5 1 0 0 - 1 - 0 0 0 0 x 4 0 ,3 ,2 ,3 ,3 ,2 ,3 2 ,3 ,2 1 1 1 1 1 1 1 7 1 1 0
0 6 0 6 6 6 0 0 6 0 6 0 0 0 6 0 0 5 0 0 6 0 6 0 ,6 ,3 ,6 1 0 ,6 1 ,6 4 1 6 5 6 4 5 2
5 7 7 5 7 7 6 3 6 1 ,1 6 1 3 6 1 5 1 4 1 4 1 6 5 6 4 5 2 5 7 7 5 7 7 x q4 4 ,3 2 ,3
,2 ,3 2 ,3 ,2 1 7 1 1 1 7 1 1 0 0 6 0 0 5 0 0 6 0 6 0 0 0 6 0 0 5 0 0 6 0 6 0 6 3 6
1 1 6 1 3 6 1 4 1 4 1 6 5 6 4 5 2 5 7 7 5 7 7 6 3 6 1 ,1 6 1 3 6 1 5 1 4 1 4 1 6
5 6 4 5 2 5 7 7 5 7 7 q4 ,3 2 ,3 ,2 ,3 2 ,3 ,2 1 7 1 1 1 7 1 1 0 0 6 0 0 5 0 0 6 0 6 0
0 0 6 0 0 5 0 0 6 0 6 0 6 3 6 1 1 6 1 3 6 1 6 4 1 6 4 1 6 5 6 4 5 2 5 7 7 5 7 7
6 3 6 1 1 6 1 3 6 1 6 4 1 6 4 1 6 5 6 4 5 2 5 7 7 5 7 7 x 5 2 x 0 0 0 0 0 6 6 7
1 2 7 1 6 7 5 6 6 3 0 5 6 7 1 2 7 1 4 4 3 2 3 3 1 3 1 7 1 1 7 1 0 0 6 0 0 5 2 3
1 1 2 7 7 1 6 6 7 5 ,6 1 ,6 6 6 3 7 2 3 1 1 2 7 7 1 6 6 6 3 6 1 1 6 1 0 0 6 3 5 1
4 4 6 1 6 3 5 1 - - - - x 5 6 x 7 1 5 6 6 3 7 1 5 6 6 3 7 1 7 7 7 1 2 7 3 7 2 3
4 4 1 3 6 1 1 3 4 7 2 4 3 3 7 1 3 6 7 1 2 4 7 2 1 1 1 6 6 6 1 1 3 3 3 6 1 6 1 2
3 2 4 3 7 3 2 7 7 4 4 6 6 6 3 6 3 2 7 7 2 1 x 1
%END
