%只想一生跟你走钢琴.txt
% 出处 https://www.jianpujia.com/
title=只想一生跟你走钢琴
tag=
usertag=
tagroute=
transcriber=jianpu2-auto
status=ocr
source=jianpujia-253111
todo=refine the filename
%--
4/4
subtitle=score
1 - - 4 qx - - 6 6 1. qx x. x x 0 0 0 1 2 1 2 3. ,7 1 1 2 1 2 3 2 1 1 ,7 1 ,7 1 2 1 2 3
2 1 1 3 4 5 3 1 6 4 0 0 0 0 1 5 5 2 3 - 6 3 5 2 3 2 5 4 1 4 3 2 6 2 x - 0 0 0 -
0 - - 1 2 1 2 3 1 2 1 2 3 2 1 1 1 2 1 2 3 6 6 6 3 4 5 1 1 1 6 6 - 5 1 2 1 2 3 -
- 1 2 1 2 3 2 1 1 - 1 2 1 2 3 6 6 6 3 4 5 1 1 1 6 1 - - - - - - - - - - - - - -
0 5 x - - - - 0 0 0 0 0 0 0 0 0 0 0 0 - - 0 0 - - - - 0 0 x x 0 0 0 0 0 0 0 0 0
3 5 5 5 5 5 6 6 5 3 3. 2 1 1 - 5 5 5 6 5 6 ,3 ,3 ,3 ,6 ,6 ,6 0 ,5 0 6 0 5 0 0 ,2 ,2 ,2 0 ,3
,3 7 1 5 5 1 4 6 1 5 1 2 5 7 2 5 7 1 1 1 6 5 5 7 2 5 0 0 0 0 0 0 0 0 1 - - - - -
- - - - - - - - - 0 6 1 1 1 3 2. 2 1 2 6 5 5 0 0 0 3 5 5 5 5 5 6 6 5 3 3. 2 1 1 -
- - - - - - - - - - - - - - - 2 ,6 ,6 ,6 ,6 ,4 ,5 ,5 ,5 1 ,6 ,4 ,4 ,4 q,4 ,1 ,3 ,3 ,3 ,3 ,6 ,6 5 1 1
1 2 6 0 7 6 5 2 1 2 2 2 0 3 3 6 3 7 1 1 - - 0 - 0
%END
