%只要爱情专一_2.txt
% 出处 http://www.fysongs.cn/songku_show.asp?id=13210
title=只要爱情专一
tag=
usertag=
tagroute=
confidence=0.895
conf_p10=0.546
transcriber=jianpu2-auto
status=ocr
source=fysongs-13210
%--
2/4
subtitle=score
x 5 5 5 6 3 - 3 3 q,6 1 1 2 3 ,6. ,6 5 6 6 5 6 5 2 - 2 ,2 2 3 2 1. 1 ,,6. q,5 ,6 - ,6 - 6 5 ,6
1 6 1 2 1 6 ,1 ,1 2 3 3 2 3 5 6 6 6 6 6. 6. 6 6 ,,x 0 1 3 1 2 2 3 1 6' 1 6' ,6 q,6 q1 3 2 1
2 2 1 2 3 0 3 3 2 1 1 2 2 ,1 ,1 1 s1 ,6. ,6 1 1 1 ,7 1' 1 1' 1. 1. q,7 q,1' q,1' 6' q,6 7'. x' ,7 ,5 3 ,3 q,5
,5 1 ,6 ,1. ,,6 1 1 0 6 ,1' ,1 6 6. 6 5 5' ,5 ,5 1 q0 0 ,6 - 1' 0 5 1. 7 5 3. - 2 q,2 q2 q2 5 q2 q3 5 3
3 - q0 4 4 4 ,4 x q1 ,6 ,6 1 q,6 2 1 ,7 ,7 0 ,3 ,5 ,6 ,6 q0 q,6 2 2 1 5. 5 5 3 3' x' 7 5 6 x. x' 6 q3'
5 5 6 3 ,x - 3 - ,3 6 1 1 ,6 2 3 2 ,6. ,6 ,6 ,3 5 6 q1 q,,6 1 2 2 ,1 ,6 1 2 2 3 2 5 6
%END
