%叫吧百灵.txt
% 出处 http://www.fysongs.cn/songku_show.asp?id=47383
title=叫吧百灵
tag=
usertag=
tagroute=
confidence=0.980
conf_p10=0.981
transcriber=jianpu2-auto
status=ocr
source=fysongs-47383
%--
3/4
subtitle=score
1 - - 4 3 4 1 1 4 x 4 3 2 1 2 3 4. 5 3 2 2. 1 ,7. q6 ,6 - - ,7 1 2 1 4 ,7. 2 1 1 2 1 ,7. 1
,7. q6 ,6 - x 4 ,6 ,6 2 2 1 1 - - ,7 1 2 5 3. 2 2 2. 1 ,6 6 3 1 4 3 q4. q5 3 4 3 2 2 1 3 2 2
- - 4 3 2 x 1 1 4 q2 3. 4. 5 3 4 q3 2 2. 1 ,7. 6 ,6 - - ,7 1 2 1 1 4 ,7. 2 1 - 1 2 1 ,7. ,1 ,7.
6 ,6 ,2 x 5. 5 5 5 5 5 2 2 5. 5 5 5 5 5 2 2 x 5 5 5 1 1 0 1 1 2 7 1 0 - 0 1 0 0 1 -
- - 1 0 0 1 0 0 1 1 - - - 2 0 4 3 2 1 ,7. 1 ,7 ,6 ,7 1 2 1 1 0 x q6. 3 3 3 3 3 3 3 3 4
5 4 3 3 3 2. 2 ,1 2 3 3 2 2. 1 1 7 7 6 ,6 6. 3 3 6 6 3 ,6 x 0 6 3 3 3 3. 3 4 5 4 3 2 q2
3 q3 q2 q1 s1. 1 q1 1 7 6 0 6 7 1 q1 2. 5 3 q3 3 q2 2. 1 1 1 1 7 1 7. 6 6 6 6 1 x 0 6 7 1 1.
2. 5 3 3 3 3 2 2. 1 1 1 1 7 1 7. 6 6 6 6 x 0 0 - x 0 0 - - 1 - - - - - 1 - - - - -
- 1
%END
