%可不可以.txt
% 出处 http://www.jianpu.cn/
title=可不可以
tag=刘德华
usertag=刘德华
tagroute=
transcriber=jianpu2-auto
status=ocr
source=jianpucn-49690
%--
4/4
subtitle=score
3 2 1 2 5. 7 1 q1 q7 q,6 7 3 ,6. q,6 7 1 ,7 1 6 5 0 4 3 5 0 1 5' q1 2 2 2 0 1 7' 5 x' 3 ,3 0 0
x' 7' 1 1 7' 1 5 q2 - 3 q5 s1 2 2 - 0 q,1 q,,6 q5 3 3 0 q,5 ,6 q0 q6 q7 q1 q,7 1 6 5 - - x 3 q1 3 0 3
3 5 5 5 6. 3 2 1 0 s,6 ,1 0 2 2 2 ,5. 3 - 0 6 6 6 6 5 5 5 5 6 7. 1' - 0 1 2 4 q5 4 ,4 0 1
2 - 0 5 ,,3 3 3 2 3 0 ,5 3 ,3 2 1 1 q1 2 2 2 5. 3 q0 q5 3 3 2 3 0 3 3 5 5 5 6 3 3 3 2 1
0 2 3 2. 1 ,6 1 q3 q4 0 4 4 4 5 5 ,5. 1 1 1 6 6 6 5 5 5 5 4 3 0 1 4 6 1 6 5 6 5 4 3 -
x 1 0 q5 q1 2 2 - 0 q1 7 s5 q3 3 0 ,5 ,6 0 q6 q7 q1 q,7 1 6. 5 0 0 ,5 5' 3 3 x' 3 2 2 3 3 0 0 0
3 5' 5 3 1 5 3 5 6 3 3 1 3 3 3 2. 2 2 2 1 0 1 0 0 2 7'. 3 2 1' 2 1 2 2 0 5. q1' ,5
%END
