%合拍.txt
%合拍钢琴.txt
% 出处 https://www.jianpujia.com/
title=合拍
tag=许嵩,分类/钢琴谱
usertag=许嵩,分类/钢琴谱
tagroute=
transcriber=jianpu2-auto
status=ocr
source=jianpujia-383545
artist=许嵩
%--
4/4
subtitle=score
x 2 5 x 6 6 6 5 6 3 6 6 6 5 6 3 6 6 5 6 2 5 3 0 3 3 5 5 5 4 1 4 1 6 1 4 1 5 2 5
2 7 2 5 2 6 3 6 3 1 3 6 3 3 7 3 7 5 7 3 7 x - - - - - - - - - - - - - - - - x 6
3 2 2 - 0 6 6 6 1 6 3 6 5. 5 - 0 0 5 5 6 1 2 4 1 4 1 6 1 4 1 4 1 4 1 6 1 4 1 5 2
5 2 7 2 5 2 5 - 0 0 x 0 - - 0 - - 0 0 0 0 - - 3 3 3 1 3 3 2 2 2 2 1 7 1 5 2 2 7
2 2 1 1 1 1 2 3 1 4 1 4 1 6 1 4 1 5 2 5 2 7 2 5 2 3 7 3 7 5 7 3 7 6 3 6 3 1 3 6
3 x - - - - - - - - - - - - - - - - 6. 6 6 7 1 2 2 0 1 2 1 2 1 4 3 2 1 2 2 3 3 3
3 2 2 1 4 1 4 1 6 1 4 1 5 2 5 2 7 2 5 2 1 5 1 3 5 1 3 5 6 5 3 1 1 x 0 - - 0 - 0
0 0 0 0 - - 0 3 3 3 1 3 3 2 2 2 2 1 7 1 2 5 5 2 2 2 3 3 3 3 2 2 2 4 1 4 1 6 1 4
1 5 2 5 2 7 2 5 2 3 7 3 7 5 7 3 7 6 3 6 3 1 3 6 3 x - - - - - - - - - - - - - -
- - 2 1 1 6 6 7 1 2 2 - 0 1 7 1 7 6 6 - - 0 0 5 5 6 1 2 4 1 4 1 6 1 4 1 5 2 5 2
7 2 5 2 6 3 6 3 1 3 6 3 6 3 6 3 1 - x 0 - - 0 - - 0 - 0 - - - 1 0 - 3 3 3 1 3 3
2 2 2 2 1 7 1 5 2 2 7 2 2 1 1 1 1 2 3 1 4 1 4 1 6 1 4 1 5 2 5 2 7 2 5 2 3 7 3 7
5 7 3 7 6 3 6 3 1 3 6 3 x - - - - - - - - - - - - - - - -
%END
