%同一个世界，同一个梦想.txt
% 出处 https://www.qupu123.com/
title=同一个世界，同一个梦想
tag=
usertag=
tagroute=
transcriber=jianpu2-auto
status=ocr
source=qupu123-311033
%--
4/4
subtitle=score
1 ,1 ,5 ,1 2. 2 - - - 1 ,1 2 5. 5 5 2 3 4. 4 4 5 3 ,1 ,5 ,1 1 ,,1 2. 3 3 4 4 ,1 4 5 5 5 - 1 ,1
,5 ,1 2. 2 - 1 ,1 2 ,5. 5 5 2 3 4. 4 4 5 3. 3 ,5 ,1 2 3. ,6 ,5 ,5 ,6 4 3 3 2 3. 1 - - 1 4 4 4 4
,1 4 5 6 0 4. 4 ,1 5 6 1. ,,1 ,1 4 1. ,,1 4 6 5 5 5 - 4 4 4 ,1 4 5 6 6 q4 4 ,,1 ,,1 5 - 4 4 4 4
5 3 1 ,,1 0 5 2 2 2 4 4 4 4 5 3 2 3. 1 1 4 ~ 4 ~ 4 4 5 0 0 3 3 3 3 0 2 3 1 1 1 1
%END
