%听不到.txt
% 出处 http://www.jianpu.cn/
title=听不到
tag=
usertag=
tagroute=
transcriber=jianpu2-auto
status=ocr
source=jianpucn-35631
todo=add tags
%--
4/4
subtitle=score
1 - x x 3. x 1 0 7 1 0 7 ,1 1 5' ~ 5' 2. 1 0 7 1 0 ,7 1 1 3 ~ 3 7 0 6. ,1 ~ 1 4 ,1 ~ 1 0
3 ,1 0 0 0 0 ,5 0 1 0 7 1 0 ,7 1 1 5' ~ 5 2. 1 0 7 1 0 7 ,1 1 3' ~ 3' ,7 0 ,6. 1' 4 1 0 3 1
0 5 2 q0 q0 2 ,3 4 4' 5' 5' 5' 1 3 3 4 3 3 0 2 3 2' ~ 2' 0 1 ,7 1 ,7 1 2 3 ,5' ,6' 5 0 ,6 7 ,1 1
6 5 5 1 3 3 4 3 2' ~ 2' ,1' ~ 1' q2 1 2' ~ 2' ,5 ,5 3 3 4 3' ~ 3 0 2 3 2' ~ 2' 0 1 ,7 ,1 ,7 1 2
3 ,5 ,6 5 0 ,6 ,7 ,1 ,1 6 5 5 3 1 1 3 3 4 3 2 2 1 1 0 0 5 ,1 7 1 1' 0 0 0 0 0 0 0 0 2 2
2 2 1 2 2 5 2 3 0 2 1 0 2 ~ 2 2 1 5 2 1 0 2 2 2 2 ,1 2 2 ,5 2 3 3 3' 2 2 2 ~ 2 0 5
6 3' 3 5' 5' 5' 0 0 0 5 5 0 0 q1 q1 ,7 q2 1 0
%END