%吻别钢琴_2.txt
% 出处 https://www.jianpujia.com/
title=吻别钢琴
tag=分类/钢琴谱
usertag=分类/钢琴谱
tagroute=
transcriber=jianpu2-auto
status=ocr
source=jianpujia-251317
%--
4/4
subtitle=score
q1 - - q1 - - 7 5 x x' 1 1 1 1 2 3 3 3 5 6 1 1 2 3 1 1 0 1 1 1 1 2 3 1 1 0 6 1 6 2
2 2 2 3 6 2 2 - 1 - - - - - - - - - - - - - - - - - - x 5 5 5 6 6 6 6 6 6 6 5 3
3 3 3 3 3 3 3 3 4 4 1 1 1 1 6 1 1 1 6 1 1 1 2 2 5 7 x x 1. 1 1 x 5 x 0 1 1 2 3 3
5 5 5 6 1 1 2 3 3 3 - 0 1 1 3. 3 5 6 6 3 2 1 2 2 2 1 3 3 2 2 5 6 1 6 1 - - - - 0
0 - - - - - - - - - - - - - - - - - x 6 6 6 6 5 6 6 6 6 5 3 3 3 4 3 3 3 3 4 4 6
1 1 1 4 1 1 1 6 1 1 1 4 1 5 7 1 1 1 x x 1 1 2 3 2 3 5 6 1 6 1 1 1 2 3 2 2 5 6 1
6 1 1 2 3 2 3 5 6 1 6 1 1 1 2 6 5 5 3 5 1 - - 0 0 - - - - - - - - - 0 0 - - - -
- - x 5 5 5 6 5 5 5 5 6 5 3 3 3 3 4 3 3 3 3 4 1 1 1 1 6 1 5 7 1 1 1 1 6 1 5 7 x
1 1 1 x 1 3 x 5 5 5 6 1 1 6 6 5 3 2 2 2 3 2 1 3 3 5 3 5 5 5 5 6 1 1 6 6 0 3 3 2
2 6 5 5 5 6 1 6 x 5 6 6 5 5 6 6 5 3 3 4 4 3 3 4 4 1 1 6 1 2 2 5 7 1 1 6 1 4 1 5
7 1 1 1 1 1 6 5 6 1 3 3 0 3 3 2 2 2 2 1 3 3 2. 5 6 1 6 1 1 6 5 6 1 3 3 0 3 3 2 2
3 3 2 3 x 5 6 6 5 5 6 6 5 3 3 4 4 3 3 4 4 1 1 6 1 4 1 5 7 1 1 6 1 4 1 5 7 x 1 1
1 2. 1 1 - 5 6 1 2 3 3. 2 3 2 - - 5 6 1 2 3 3 3 3 3 3 x 5 5 5 5 5 5 5 5 5 5 5 5 3
3 3 3 3 3 4 4 4 3 3 3 1 1 1 1 1 1 1 1 5 7 7 7 1 1 1 1 x x x x 3 2 2 2 2 6 5 6 1
1 6 6 5 6 3 2 3 2 - 5 6 1 2. 3 3 5 3 2 1 x 6 5 6 6 6 5 5 5 5 5 5 4 4 3 3 3 4 4 4
3 3 3 4 1 5 7 6 1 1 1 5 7 7 7 1 1 1 1 1 x 1 x 2 x 0 3 - - - 2. 1 1 - - x 5 5 5 5
5 5 3 3 3 3 3 3 3 7 7 7 1 1 1 1 x 1 1 x
%END
