%告诉祖国.txt
% 出处 https://www.qupu123.com/
title=告诉祖国
tag=分类/美声
usertag=分类/美声
tagroute=
transcriber=jianpu2-auto
status=ocr
source=qupu123-333697
%--
4/4
subtitle=score
x 0 5 q1 5 6. 5 4 5 5 5 0 1 1' 5 4. 5 6 6 1 1 1. q2. q1 q1 1 3 2 1 6 1 1 6 1 2 2 0 1' q1' q1'
s7 q,1 2 1 7 q,6 1 1 5 1 5 1 ,5 x 3 q5 5 6 5 4 5 5 4 5 1 0 7 1 2 1. 0 ,6 1 3 2 6 6 3 3 2
1' 1' 7 1 q3 2. 0 3 5 5 6 5 6 6 3 2 1 0 7 1 3 ,6. 0 ,6 ,7 1 3 2 1 2 5 0 2 1 ,7 q,5 q,5 q,5 q,6 7
5 3 ~ 3 0 0 1 x 3 5 1 6. 6 4 5 1 0 6 q4 4 3 2. 1 q7 1 2 ~ 2 2 3 ,6 6 5 6 5 3 0 q2 q1 ,7
2 2 6 5. q0 1 5 4. q5 6 5 4 4 q3 q4 3 2 1 6 6. 6 4' 6 q1 q1 q7 1' 7 6 3' 4' 5 0 6 4 2 2 3 1 1
7. 1 7 6 7 1 2 2' 5. q,1 q3' 2. q1 q7 q1 3 5 - - - 0 4 6 6 4 3 4 3 2 3 ,6
%END
