%命途战士.txt
% 出处 https://www.qupu123.com/
title=命途战士
tag=分类/通俗歌曲
usertag=分类/通俗歌曲
tagroute=
transcriber=jianpu2-auto
status=ocr
source=qupu123-305185
%--
4/4
subtitle=score
x 0 4 4 3 3 0 0 0 4 4' 3 3 - - - 0 0 0 4 4 2 2 2 0 0 0 4 4 3 3 0 0 0 0 3 x 3 2 3
2 5 2 2 3 2 2 1 1 0 3 3 2 3 2 3 2 3 2 3 2 2 1 1 2 1 1 - 0 0 0 3 2 1 1 0 0 0 0 3
3 2 3 2 3 2 3 2 3 2 2 1'. 1' 1 1. 1 1. 0 0 0 3 x 3 3' 2 x 2 3 2 3 2 3 3 2 2 1. 1 x'. 1 1
1 0 0 3 2 1 1 1 0 0 1 1 q2 2 0 0 3 2 1 1 - 0 0 0 0 4 4 4 2 1 4 - 4 4 2 1 4 3 2 3
2 3 2 3 2 3 2 2 1 1 4 4 2 1 4 4 ~ 4 2 1 4 0 5 5 5 5 7 5 6 6 6 6 6 1 2.
%END
