%和平之歌.txt
% 出处 https://www.qupu123.com/
title=和平之歌
tag=分类/通俗歌曲
usertag=分类/通俗歌曲
tagroute=
transcriber=jianpu2-auto
status=ocr
source=qupu123-305319
%--
4/4
subtitle=score
1 7 - 6 - 5 - 4 - 3. - 2 2 3 4 5 5 5 5 1. 1 0 ,3 3 4 5 3 3. 2 3 2 2 1 1 1 - q7 q1 3 ,6
0 q5 5 ,2 4. 5 2 2 2 0 5 5 5 5 5 5 5 6 7 6 ,,6 5 3 3. 0 2 3 2 1 1. 6 ,5 ,5. 5 4 3 ,,6 3 1 1
q7 q6 ,,6 q,7 1 q6 6 2 ,2 - 0 3 4 5 2 2 2 1 1 1 7 1 3 ,6 - 0 q,5 q5 1 3. 4. 5 2 2 2 0 5 5 5 5
5 5. 5 6 7 6 6 5 3 0 2 2 1 1 5 ,5. 5 4 3 6 3 1 ,7 ,6 ,7 1 6 5 5 5 - - 0 ,,,4 4 ,,,4 4 5 6 6
6 7 6 6 5 5 q4 3 4 5 5 - ,4 q4 4 4 2 2 6 5 4 3 0 3 3 q,3 4 5 5 5 6 7 7. 6 6. 3 2 2 2 6
3 1 2 - 5 4 3 5 6 5 1 1 1 2 2 3. q1 q7 ,6 1 4. 5 2 - - 5 4 3 5 6 5 1 1 1 2 3 q1 7 ,6 1
4 6 5. 2' 2 3 2 1 - 6 6 4 5 x
%END
