%啊玫瑰色的海.txt
% 出处 http://www.jianpu.cn/
title=啊玫瑰色的海
tag=蒋大为
usertag=蒋大为
tagroute=
transcriber=jianpu2-auto
status=ocr
source=jianpucn-38633
%--
2/4
subtitle=score
1 x - x x x' x. x 5 3 6 3 5 3 6 3 5 3 7 3 5 2 6 2 4 3 2 3 - - 3 6 ,3 5 6 3 5 3 5 3
7 3 5 3 2 3 2 3 ,5 ,5 ,6 ,6 - ,6 x 6 ,,,6 6 6 1 ,6 3 2 ,7 2 3 ,7 ,3 ,5 ,6 x ,6 - 6 6 ,6 ,6 ,6 ,6 ,6
1 ,6 q2 3 3 q5. 6 5 3 2 3 - 5 5 6 6 3 6 6 5 3 2 q1 q6 1 2 2 - 3 3 5 6 5 2 3 3 2 1 3 q,7
q2 3 ,,7 ,3 ,5 ,6 x ,6 3 ,3 ,6 3 3 ,6 3 2 1 3 4. 2 5. ,6 4 2 4 2 4 5 6 - 7 6 5 6. 0 0 - 6 3 1
3 3 2 q4 3 2 1 7 3 5. ,6 ,6 ,6 q,5 ,6 1. 2. 5 3 4 3 1 2 2' - 2 3 5 3 7 6 6 2 1 ,7 ,7 ,6 1' 5 1
,6 ,6' 3. qx 1 5 3 1. 5 6 x 6 6 1 1'. x' ,,1 ,6' 6 x' x' 1 s1 1' q,,6' q6 1' ,,1 x 1
%END
