%啊，我的至爱.txt
% 出处 https://www.qupu123.com/
title=啊，我的至爱
tag=分类/通俗歌曲
usertag=分类/通俗歌曲
tagroute=
transcriber=jianpu2-auto
status=ocr
source=qupu123-311041
%--
2/4
subtitle=score
1 - - 1 0 x 0 0 3 ,3 q6 ,6 x ,7 1 1 ,1 7 7 q6 ,7 q,1 7 q,1 q4 3. q4 3 2 3 3 1 0 ,3 ,6 ,7 1 q7 6 7
,1 q7 ,1 4 x 3. 3 4 3 2 2 2 - 0 7 ,1 2 7 1 2 4 0 2 1 1. 1 2 ,x - 3 6 7 ,1 ,7 ,6 q3 6 7 ,,1 ,7
,6 0 ,6 3 3 3 2 3 2 ,1 q0 q7 7 q6 q7 ,5 ,6 - 0 ,3 ,6 ,6 ,1 ,1 q,1 ,7 q1 0 2 ,1 2 3 - 0 4 4 4 3 2 0
1 7 ,6 7 q,1 ,x 7 6 ,,1 1 ,3 - 0 3 6 7 1 ,1 2 2 2 1 ,7 ,6 0 7 5 0 - 1 6 7 6 3 3 ,7 ,6 4 - 3
6 1 6 2 ~ 2 ,7 5 0 3 - 0 3 4 5 5 0 4 3 4 4 0 1 2 ,1 7 6 5 6 ,7 4 3 2 2 1 7 ,,1 7 6 0
1 1 2 1 7 ,1 7 6 x 5 q6 ,3 0 ,6 2 4 2 1 1 1 7 3 ,,1 7 5 6 ,6 7 1 ,7 3 ,1 7 5 0 0 7 ,1 7 3
1 7 ,5 6 ,6 - 0 ,6 2 4 ,3 2 1 7 1 7 1 3 3. 2 1 ,7 ,5 ,6 0 ,6 - - ,6 0
%END
