%啊！北方瓷都_2.txt
% 出处 https://www.qupu123.com/
title=啊！北方瓷都
tag=分类/合唱
usertag=分类/合唱
tagroute=
transcriber=jianpu2-auto
status=ocr
source=qupu123-325075
%--
4/4
subtitle=score
x 3 7 6 1 3 2 2 7 6 5 3 1 6 7 6 5 3 5 6 6 1 3 2 7 6 5 3 x x 7 7 6 7 2 3 2 3. 2 2
1 2 3 5 5 3 5 6 0 3 5 6 3 2' 6 1' - 0 6 5 6 1'. 7 6 5 3 3 5 6 5 3 2 1 ,6 1 0 7 2 3 3
6 6 7 6 6 5. 3 ,6 1 1 6 5 5 2 3 - 3 3 3 5 ,7 ,7 ,6 1 2 3. 2 7 6 6 7 6 5 3 0 6 5 6 6 2
3 ,6 1 2 6. 4 3 q2 3 5 1 1 3 5 6 2 2 5 6 0 2 2 2 2' 2' 2' 2 2 5 6 0 2 2 2 6 0 2' 1 7 7
6 5 4 3 3 0 7 7 7 6 5 4 3 0 7 7 7 2' x - - 0 2 3'. 2 - 0 7 6 5 - 5 - 5 0 5 4 3 - 3
- 3 0
%END
