%喜帖街（吉他.txt
% 出处 https://www.qupu123.com/
title=喜帖街（吉他
tag=分类/吉他谱
usertag=分类/吉他谱
tagroute=
transcriber=jianpu2-auto
status=ocr
source=qupu123-218738
todo=refine the filename
%--
2/4
subtitle=score
1 - - 0 0 1 3 5 5 6 6 0 1' 1 1' 7 7 6 6 5 5 3 5 6 6 0 6 6 6 5 5 4 4 3 2 3 5 4 4 3
3 3 2 2 1 2 1 3 - 5 3 3 1 3 5 5 6 6 0 3' 3' 3' 2 2 1 7 6 6 7 6 5 5 0 2 2 2 1' 1 1' 1
6 6 5 5 6 5 q4 4 4 q1' 1' - 0 q5 5 q4. q3. 4 q,6 ,6 0 ,7 1' 1'. 7. 5 5 1. 7 5 7. 6. 3 3 7. 6 3 1. 7. 2
2 1. 7 5 3 - - - 3 2 - - 2 1. 7. 5 5 1. 7 5 7. 6. 3 q3 7. 6 3 1'. 7. 2' q2' 1'. 7 5 3' - - - 2' ,5
1 2 q2 3 3 q0 q,5 q4 q4 3 2 1 q0 2 q2. s2 2 3 ,6 - 0 0 3 q4. s4 4 q,5 q5 5 4 3 2 1 1 6. 1 2. 3 3 2.
0 0 5 5. 5. 4 4 4 3 2 3 0 6 6. 6. 5 5 5 4 3 2 0 2 3. 5. 1 2 3 3 2 2 1 2 2. 0 6 1 3 q2. q1.
,7 q1 1 - - 0 0 1 3 5 q5 6 6 q0 q1' q1' q1' q7 q7 q6 q6 q5 q5 q3 3
%END