%喜欢你（Beyond）.txt
%喜欢你钢琴.txt
% 出处 https://www.jianpujia.com/
title=喜欢你
tag=Beyond,分类/钢琴谱
usertag=Beyond,分类/钢琴谱
tagroute=
transcriber=jianpu2-auto
status=ocr
source=jianpujia-152246
artist=Beyond
%--
4/4
subtitle=score
x 1 2 x 7. 6 6 0 6 1 3 2 2 1 2 2 6 1 3 2 2 1 2 2 0 1 1 1 ,6 ,6 ,6 ,7 ,7 6 3 6 3 6 3 6
3 4 1 4 1 4 1 4 1 5 2 5 2 5 2 2 7 5 2 x - - - - - - - - - - - x 1 5 5 3 2 1 7 1
2 3 5 3 3 5 2 1 3 1 - 1 2 1 7 6 3 - 1 2 1 7 3 1 5 3 2 1 5 6 7 1 0 0 ,1 3 5 1 3 1
2 ,6 ,5 ,6 3 6 1 2 1 ,7 ,6 ,5 1 7 1 7 6 4 - 5 2 5 2 5 2 - 5 3 5 3' 2 1 3 1 - 1 2 1 7 ,6
,3 ,4 1 4 ,6 1 ,5 ,7 ,2 ,5 5 7 2 5 7 1 2 0 ,5 0 2 ,1 3 5 1 3 1 2 ,6 ,5 2 1 7 1 7 6 3 - 1 2
1 7 6 4 - 5 2 5 2 5 2 - 3 1 7 2 ,1 ,6 q,7 6 3 6 1 2 1 7 6 5 4 1 4 6 1 5 7 2 5 5 2 5
7 2 5 2 7 5 x - - - 0 0 0 - 0 0 0 0 - 0 0 0 x 4 3 3 3 2 2. 3 3 2 1 0 6 4 5 4 5 4
5 5 0 7. 3 5 4 3 0 5 0 5 5 3 - 0 0 4 4 4 4 5 5 5 1 1 1 7 6 6 6 6 5 ,1 ,1 ,1 ,1 ,2 ,2 ,2
,3 ,3 ,3 ,2 ,3 ,3 ,3 ,3 ,2 6 6 6 6 4 5 5 5 6 7 1 1 1 5 1 7 6 6 6 6 5 1 - - - - -
%END
