%喜迎春.txt
% 出处 https://www.qupu123.com/
title=喜迎春
tag=分类/民歌
usertag=分类/民歌
tagroute=
transcriber=jianpu2-auto
status=ocr
source=qupu123-335737
%--
2/4
subtitle=score
x ,5. ,6 ,1 2 3 6. 5 4 3 2 - ,7. - 2. 3 2 ,1 ,5 ,2 ,5 ,5 ,5 ,2 ,5 x 5 5 3 0 5 2 0 2 6 5 2 1 5 3
0 5 5 2 0 ,7. 1 2 3 - 3 1 2. 3 2 ,1 ,1 ,7 1 2 2. 4 - - 5 2. 6. 6 6 4 3 2 - 5 - 1' - 7. 1' 6
4 - 3. 2 5 - 6. 6 6 4 3 2 - 7. ,1 2. 3 2 ,1 ,5 - x ,6 1 2 x ,5. ,1 2 3 6. 4 3 2 5 - ,7. ,1 2 3
,2 ,1 q,5 ,2 ,5 x 3 0 2 0 2 6 5 2 3 0 5 5 2 0 ,7. 2 3 2. q3 q2 ,1 ,7 ,1 2 2. 4 5 2. 6. 6 6 5 4 3
q2 - - 1' - 7 6 5 6 4 - 3. 2 - 5 - 6. 6 6 5 4 3 2 1 - ,7. 2'. - 1' - 7 6 1' 6 5 4 - 3. 2 -
6. 6 6 1 2 6 1 - 5 -
%END
