%嘉陵江水静静流.txt
% 出处 http://www.fysongs.cn/songku_show.asp?id=50253
title=嘉陵江水静静流
tag=
usertag=
tagroute=
transcriber=jianpu2-auto
status=ocr
source=fysongs-50253
%--
6/8
subtitle=score
,5 ,4 ,5 1 ,7 3. 1 ,6 ,5. ,5 q,4 ,5 ,3 ,5 3. 2 4 3 ,5 ,7 1 2. 4 ,6 ,7 ,6 ,5 ,4 ,5 1 ,7 3 5. 3 ,6 6 6 ,6 ,5. q6
,5 3 0 4 ,6 2. 1 - ,7. ,6. ,6 0 5 5 - 1. 3 5 6 3 5. 4 3 ,6 6 6 2. 3 4 5 2 4. 3 2 3 0 1 1 q6 0
6 1'. 1'. 7 6 5 3. 2 1 7 1 2' 1' 7 0 6. q5 6 s7 1'. 7 6 5 7. 5 3 3 0 3. 2 2 2 2 2 5 2 4. 3. x ,,6.
,3. x 3 3 3 - - 6 3 5. 6 5 2 1 3. - x 6. ,3. x 6 6 6 1'. 7 6 3'. 7. 1' 5 6. x 3. 6 x 3 3 3 3 3
3 1. 7 6 5 2 3. 1. x 1. 1 1 3. 3. 3. q3. 3 3 5. 5. 5. 5. 5 5 5. 1. 1 1 2. 2 2 3. 3 3 3'. 2 2 ,6 ,5 ,7
,6 x ,5 ,4 ,5 1 ,7 ,6. ,6 ,6 1 2 3 5. 5. 5 0 5 6 5 3 2 3 q5 6. 6 0 5 6 1' 3 5. 3 2 3 ,6 1 2 ,5. ,5
0 ,3 ,5 ,6 q1 ,6 ,5 5. q3 0 3 5 3 2 q3 0 ,6 1 ,6 ,5 ,6. ,6 0 0 1 ,3 ,5 5. ,6 2 3. 3. 1. 1 x 2 3 5 6. 7.
1. 1' 0 x
%END
