%嘉陵江上_3.txt
% 出处 http://www.fysongs.cn/songku_show.asp?id=50252
title=嘉陵江上
tag=
usertag=
tagroute=
transcriber=jianpu2-auto
status=ocr
source=fysongs-50252
%--
3/4
subtitle=score
x 3 3 3 - - 2' 2' 3 7 2' 2 1 6 5 7 6 3 0 5 4 3 - 1 ,7 ,6 ,5 - - ,3 - - ,3 x 3 3 1 - - 7
6 5 q7 7 6 3 5 - - 4 - - 1 2 3 3 3 2 q3 4 4 - 3 3. 2 1 - ,7 ,6 - - ,6 ,6 ,6 ,7 1 2 3 3 4
- - 3 - 0 6 6 - 6 6 6 6 6 5 6 7 1 - - 7 - 3 3 3 6 6. 6 6 6 5 6 5 4 4 4 4 3 4 1 q2
4. 3 3. 2 1 2 3 6 1 7 6 1 ,7. ,6 q,6 q,6 - - ,6 - - 1 ,7 ,6 ,7 1 2 3 3 4 - - 3 - 0 3 3 3 2 3
6 1 7 7 - 5 6 - - 6 - - 0 0 0 6 6 - 6 6 6 5 6 4 3 2 - 4 3 3 2 3 4 5 6 7. 6 6 - 0
2 2 2 2 2 2 1. 7 6 - 0 1 1 1 6 6 0 1 1 1 1 2 3 4 5 6 6 0 0 1 1 1 1 1 0 6 6 7 1 3
2 1 7 6 7 1 - 0 3 3 3 3 3 3 6 6 0 6 7 3 1' 3 2'. 1' 7. 1 7. 6 6 - - 6
%END
