%四化花开幸福来_2.txt
% 出处 http://www.fysongs.cn/songku_show.asp?id=43532
title=四化花开幸福来
tag=
usertag=
tagroute=
transcriber=jianpu2-auto
status=ocr
source=fysongs-43532
%--
2/4
subtitle=score
x 5 6 4 1 1 6 x x 6 - 6 5 6 4 1 1 6. 6 - 5 - q5 6 5 q3 1 x 6 5 3 1 6 5 x 6 5. 5 - 1
6 1 6 4 5 6 5 3 2 1 ,5 0 6 5 3 0 2. 1 1 1 1 ,5 1 3 1 1 ,5 1 x ,5 1 3 6 5 3. 6 5 1 2. 1
1 x 1 2 3 6 5 1 2 1 x ,5 1 3 6 5 3. 6 5 1 2. q1 1 x q1 q2 q3 q1 q7 5 6 5 2. 2 2 2 5 2 3 2
2 2. 2 2 2 5 2 3 2 0 ,5 1 3 6 q5 x 3 - 3 6 6 5 0 1 2 2. 1 1 - 6 - 6 5 6 4 q1 x q4 q1 q1
6 x x 6 5 3 1 6 5 x 1 6 6. 6 - 5 - 5 6 6' 5 5' 3 3' 1 1' 6 5. 5 6. 6 6 4 1 6 1 6 4 5 6
5 3. 2 1 2 2 0 6. 6 6 4 1 q6 1 6 4 5 6 5 3 1 - 2 1 5 1 3 1 3 - 4 6. 1 1 6. 6 6 6 x 0
1 4 5 x x 0 0 1 4 6 2 1 4 - 6 5 0 1 2 2' 2. 1 1 1 6. 6 6 6 5 0 1 x 1 5 q1 5 3 5 3 q5
3 1 1 0 5 1 0 x - 1 x 1 2 2. 1 1 5 3 5 1 - 1 - 1 0 5 1 0
%END
