%回忆.txt
% 出处 https://www.qupu123.com/
title=回忆
tag=
usertag=
tagroute=
transcriber=jianpu2-auto
status=ocr
source=qupu123-396803
%--
4/4
subtitle=score
1. 1. 1 7 1 2 1 6 1. 1. 1 7 1 2 1. q5 6. 6. q6 q4 q5 q6 q5 4 3. 3. 3. 3 5 5. 2 3 4 5 6 7 q1 7 6 5.
5. 3 1 5. 5. 5 q,6 ,6 q1 5. 2 3 4 5 6 7 6 5 4 3. 3. 0 q0 5. 5. 5 ,6 ,6 1 2. 2. q2 q3 q4 q5 6. 1. 1. 0 q0
0 q0 5 q5 5 q5 4 q4 2. 2. q2 q3 q4 q5 6. 6. 6. 0 0 0 5 5 5 5 4 4 1. 1. 1. 1. q1 q7 q1 q2 q1 q6 1' 1. 1. q1
q7 q1 q2 q1. q5 3. 3. 0 0 1. 1. 1. 0 q0 2. 1. 6. 6. 6 4 5 6 5 4 3. 3. 3. 3 q5 5. q2 q3 q4 q5 q6 q7 q1 q7 q6 5.
5. 3 q1 1. 0 0 1. 1 7 6 5. 5. 5. 3 5 5. 2 3 4 5 6 q7 1 7 6 5. 5. 0 q0 5. 5. 5. ,6 q1 q6 1. 1. 1 2 ,7.
3. ,7. ,6. 5. 5 5. 5. ,6 q1 1. 1. 2 ,7. 7. ,7. 1 ,6. 6 0 5. 5. 6 q6 6 5. 5. 1 2 5. 5. 5. 4. 0 5. 5. 4 4 6 3. x
3. 1 2 3. 3. 3. 4.
%END
