%因为爱情钢琴_3.txt
% 出处 https://www.jianpujia.com/
title=因为爱情钢琴
tag=分类/钢琴谱
usertag=分类/钢琴谱
tagroute=
transcriber=jianpu2-auto
status=ocr
source=jianpujia-150537
todo=refine the filename
%--
4/4
subtitle=score
1 - - 4 qx - - x. 0 1 1 x. 1 1 0 ,5 ,6 1 1 ,6 1 2 3 2 2 - 1 ,6 3 2 ,6 3 2 - 1 ,6 ,6 - ,6 ,7
1 5 1 5 3 5 1 5 2 6 2 6 4 6 2 6 4 1 4 1 6 1 4 1 6 3 6 3 1 3 6 3 x - - - - - - -
- - - - - - - - - x 1 1 ,6 3 3 2 2 3 2 2 2 3 3 - - - 3 - - - 2 6 2 6 4 6 2 6 5 2
5 2 7 2 5 2 1 5 1 5 3 5 1 5 1 5 1 5 3 5 1 5 x - - - - - - - - - - - - - - - - x
x 0 5 6 1 1 6 1 2 3 2 2 - 1 6 3 2 6 3 2 - 1 6 ,6 - 6 7 1 5 1 5 3 5 1 5 2 6 2 6 4
6 2 6 4 1 4 1 6 1 4 1 6 3 6 3 1 3 6 3 x - - - - - - - - - - - - - - - - 1 1 ,6 3
3 2 2 1 ,6 1 3 5 5 2 2 2 - 2 - 2 3 2 6 2 6 4 6 2 6 4 1 4 1 6 1 4 1 5 2 5 2 7 2 5
2 5 2 5 2 7 2 5 2 x 0 0 0 - - - 0 0 0 - - 0 0 0 0 - x 1 7 x 5 3 3 3 5 5 3 2 5 5
- 6 7 1 1 1 7 1 7 7 5 3 3 - 5 3 1 5 ,1 ,5 ,3 5 1 5 5 2 5 2 ,7 ,2 ,5 2 6 3 6 3 1 3 6 3
3 ,7 ,3 7 5 7 3 7
%END
