%因为爱情钢琴_4.txt
% 出处 https://www.jianpujia.com/
title=因为爱情钢琴
tag=
usertag=
tagroute=
transcriber=jianpu2-auto
status=ocr
source=jianpujia-150529
%--
4/4
subtitle=score
1 1 1 1 1 1 1 0 0 ,5 ,5 ,5 0 0 ,5 ,5 ,4 0 ,4 ,5 5 ,4 ,5 0 ,4 ,5 ,7 - 1 5 2. 2. 2 6 2. 2. 4 1 1 -
- 5 2 2 - - x 0 - 0 0 x 5 x 0 ,5 ,6 ,5 1 ,6 ,5 2 ,5. 2 2 - ,5 ,6 ,5 2 ,6 3 2 ,5 ,6 1 1 ,6 3 3
,6 ,7 1 1 1 5 2 - - 2 6 2 5 5 2 0 4 1 4 - - 6 3 5 5 3 5 6 x 0 - 0 0 0 0 0 0 1 1 6
6 6 2. 6. 2 2 2 2 3 ,5 3 7 ,7 3 6 ,6 3 5 5 ,3. 2 6 2 4 4 2 4 5 5 2 4 5 5 2 4 5 1 1 1. 1.
1 1. 1 1 5 x 0 - 0 0 - 0 0 0 0 - 0 x 1 3 x 0 5 6 5 1 6 5 2 5. 2 2 - 5 6 5 2 6 3 2
5 6 1 1 ,6 3 3 6 7 1 1 1 5 2 - - 2 6 2 5 5 2 0 4 1 4 - - 6 3 5 5 3 5 6 3 3 1. 1 5
5 2. 1 1 6 6 6 2. 5. 6 6 5 3 1 1 5. 0 0 5 - 2 3 5 1 - - 0 - - - - - 2 6 2 4 4 2 4 5
,4 4 1 4 4 1 4 5 5 ,4 2 4 1 1 2 4 1 ,2 5 x - - - - - - - - - - - 3 3 1 1 1 7 1. 5 5
3 5 ,5 ,5 0 5 5 3 2 5 5 - 6 7 3 3 3 3 3. 7 7 7 ,7 3. 3 2 ,7 ,5 ,5 ,5 ,5 ,5 1 5 2 3 3 2 3 1
3 7 2 3 3 7 2 3 6 3 5 6 1 3 5 1 3 7 2 3 3 - x - - - - - - - - - - - - - - 1. 6 6
0 5 6 5 5. 1 1 0 6 1 5 ,4 ,6 5 4 6 1 7 ,7 - - 3 5 4 1 4 5 5 1 4 5 6 3 5 6 1 3 5 6 2
6 2 2 2. 5 2 4 1 7 2 4 5 x - - 0 - - - - - - 0 - - - - 3 3 1 1 1 7 1. 5 5 3 5 5 ,5
0 5 5 3 2 5 5 - 6 7 3 3 3 3 3. 7 7 7 7 3. 3 2 7 5 ,5 ,5 ,5 ,5 1 5 2 3 3 2 3 1 3 7 2 3
3 7 2 3 6 3 5 6 1 3 5 1 3 7 2 3 3 - x - - - - - - - - - - - - - - 5. 3 2 3 2 6 5
5 3 2 3 1. 6 6 0 5 6 5 5. 1 1 0 6 1 5 4 6 5 4 6 1 7 ,7 - ,5 4 5 4 1 4 5 5 1 4 5 6 3
5 6 1 3 5 6 2 6 2 2 2. 5 2 4 5 0 0 x 0 - 0 0 - 0 0 0 0 - 0 - 5 3 ,3. 1. 0 0 ,1 - - -
0 5 6 1 1 6 1 2 3. 2 2 - 1 6 1 5 2 5 5 5 2 4 ,1 - - - 1 5 2 3 3 5 2 6 2 4 6 - 3 2
6 3 2. 1 1 6 6 1 6 7 1 1 6 3 3 2. 3. 6. 2 2 2 2 3 7 5 - - - ,4 1 4 5 6 - ,6 3 5 5 3 5
,6 ,2 ,6 2 4 4 2 4 5 ,5 2 - - - ,1 ,1 - - -
%END
