%因为爱情.txt
% 出处 https://www.qupu123.com/
title=因为爱情
tag=
usertag=
tagroute=
transcriber=jianpu2-auto
status=ocr
source=qupu123-362739
todo=add tags
%--
4/4
subtitle=score
1 - - - x x'. x 0 5 6 1 1 6 1 2 3 2. 0 1 6 3 2 6 3 2 0 1 1 6. 0 6 7 1 1 6 3 3 2. 3 2
2 2 3 3 0 0 0 0 0 5 6 1 1 6 1 2 3 2. 0 1 6 3 2 6 3 2 0 1 1 6. 0 6 7 1 1 6 3 3 2. 1
6 1 3 5 5 2 2 0 0 2 3 5 5 3. 0 5 5 3 2 5 5 6 7 1 1 1 7 1 7 7 5. 3 3 5 3 5 6. 0 5 6
5 5 1 1 6 1 3 2 6 3 2 6 6. 5 5 2 3 5 5 3. 0 5 5 3 2 5 5 6 7 1 1 1 7 1 7 7 5. 3 3 5
3 5. 6 0 5 6. 5 5 1 1 6 1 3 2 6 3 2 6 3 2 2 q3 s2 s3 q3 q1 1 0 q0 q,7 q,7 1 q2 3 ,6 0 q0 q5 q5 q3
3 5 2 3 4 5 6 7 1 3 6 7 1 2 3 4 4 3 1 1 - - 6 5 0 5 6 1 1 6 1 2 3 2. 0 1 6 3 2 6
3 2 0 1 1 6. 0 6 7 1 1 6 3 3 2. 1 6 1 3 5 5 2 2 0 0 2 3 5 5 6. 0 5 6 5 5 1 1 6 1 3
2 6 3 2 6 6. 5 5 2 3 5 5 3. 0 5 5 3 2 5 5 6 7 1 1 1 7 1 7 7 5. 3 3 5 3 5. 6 0 5 6. 5
5 1 1 6 1 3 2 6 3 2 6 3 2 3 2 6 3 2 0 1 1 6. 0 6 7 1 1 6 3 3 2. 3 2 2 2 3 - - - -
- - - - - - 3
%END
