%圣诞结钢琴.txt
% 出处 https://www.jianpujia.com/
title=圣诞结钢琴
tag=分类/钢琴谱
usertag=分类/钢琴谱
tagroute=
transcriber=jianpu2-auto
status=ocr
source=jianpujia-150745
todo=refine the filename
%--
4/4
subtitle=score
6 0 6 1 5 4 3' 3 4 1 0 1 4 1 2 2 0 5 5 0 2 3 2 3' 3 2 0 0 1 0 7 3' 6 5 0 0 2 3 2 3'
3 4 0 0 1 0 6 0 0 4' 4' 4 3 5' x - - - - - - - - 6 0 6 ,6 5 4 3' 3 1 2 0 0 1 1 - - 0
0 5' 6 0 0 1 1 6 3 1 2 0 0 2 0 1 1' 2 3 5 3' 7 5 3 3' 2 2 0 0 1 0 5 3 5' x 5 ,4' ,1 ,1 ,4'
,5 ,5 ,6 ,3 ,1 ,5 ,3 ,1 ,3' ,5 ,3 ,3' ,1' ,3 ,3 ,5' 1 ,4' ,6 ,3 1 4 ,7 ,3 2' 5 ,3' ,5 ,3 3 ,6' ,1 ,1 ,3 ,6 3 3 x 5 3
6 4 3 1 0 6 3 1 5 6 3' 2 0 1 1' 2 3 0 7 5 0 1 1' 6 0 6 ,1 0 0 5 3 5' 6 0 0 1 4 1 6 1
2 5 0 2 0 1 3' 2 3 5 3' 7 5 3 3' 2 2 0 0 1 0 5 3 5' x - - - - - - - - x 5 7 6 4 3 1
0 1 5 3 1 5 3 3' 2 2 1 1' 2 1 5 0 0 1 2 6 0 0 2 1. 6 1 0 6 1 0 6 0 3 3' 6 1 3' 6 4'. 4
0 0 6 0 4 3' 6 ,6 4 4. 4 x 0 - - 0 0 0 - x 6 1 4. ,4 2 0 6 0 4 3' 6 ,6 4 4'. 4 3 3' 4 ,5 7
0 ,5 7 4 3' 4 2 0 0 7 0 7 3' 2 7 2 0 6 0 5 3' 5 2 7 3 4. 2 ,4 0 6 0 4 3' 6 ,6 4 4. 4 6 5
4'. 2 ,4 0 0 ,6 4 0 ,4 2 ,3' ,6 4 6 ,3 1'. 1. 6 ,4' ,1 3 4 ,5' ,2 7 0 ,5' ,2 7 0 4. ,4 6 ,3' 6 ,4 7 ,2 0 0
7 0 7 3' 2 ,6 7 2' 0 6 0 5 3' 5 2' 6 3' 6 0 0 2 2 - - 2 3 3' 2 x 0 - - 0 0 - - - -
%END
