%圣诞星钢琴_2.txt
% 出处 https://www.jianpujia.com/
title=圣诞星钢琴
tag=
usertag=
tagroute=
transcriber=jianpu2-auto
status=ocr
source=jianpujia-378086
%--
4/4
subtitle=score
q1 - - q1 4 q1 - - 1 3 q1'. 1 6 6 - - - 7 7 - - - ,1 1 - - 2 3 6 ,1 - ,1 1 1 4 1 2 6 0 0
3 7 2 7 0 0 6 3 5 1 0 0 5 2 6 5 1 5 3 2 x - - - - - - - - - - x 5 x x. 6 5 1 6 6
7 7 ,1 1 6 3 5 1 4 1 2 6 0 0 3 7 2 7 0 0 6 3 5 1 0 0 5 2 6 5 1 5 3 2 x 0 - - - 0
0 0 - - - x x 2 2 2 2 2 2 2. 1 2 2 2 2 3 - 2 2 2 2 2 1 6 1 2 2 2 2 3 - 4 1 2 6 0
0 3 7 2 7 0 0 6 3 5 1 0 0 5 2 6 5 1 5 3 2 x - - - - - - - - - - x - 2 2 2 2 2. 1
2 2 2 2 3 2 2 0 0 0 0 0 0 5 6 3 4 1 2 6 0 0 3 7 2 7 0 0 6 3 5 1 0 0 5 2 6 5 1 5
3 2 x - - - - - - - - - - 2 2 2 2 2. 2 1 2 2 2 2 2 3 - 2 2 2 2 2 1 6 1 2 2 2 2 3
- 4 1 2 6 0 0 3 7 2 7 0 0 6 3 5 1 0 0 5 2 6 5 1 5 3 2 x 1 0 0 - 0 0 0 0 - - - 2
2 2 2 2. 2 1 2 2 2 2 2 3 4 3 3 2 2 - - 6 5 3 5 3 6 6 6 4 1 2 6 0 0 3 7 2 7 0 0 6
3 5 1 0 0 5 2 5 1 5 1 x 0 - - 0 0 0 0 0 x 2 5 x 6 6 6 6 6 0 6 6 6 6 6 6 6 6 0 6
6 6 6 6 6 6 6 6 6 6 6 6 6 6 6 6 0 6 6 6 4 1 2 6 0 0 3 7 2 7 0 0 6 3 5 1 0 0 5 2
4 1 0 0 x 0 - - 0 0 0 0 - x 2 x 6 6 6 6 3 2 6 6 6 6 6 6 6 3 2 6 6 6 6 6 6 6 6 6
6 6 6 6 6 6 6 3 5 5 3 2 1 4 1 2 6 0 0 3 7 2 7 0 0 6 3 5 1 0 0 5 2 5 1 5 1 x 0 -
- 0 0 0 0 0 x 3 3 x x - 2 2 2 1 3 2 0 1 1 2 3 2 2 1 2 2 2 1 2 3 0 3 5 5 3 2 1 4
1 2 6 0 0 3 7 2 7 0 0 6 3 5 1 0 0 5 2 5 1 5 1 x 0 - - 0 0 0 0 0 x 3 7 x 2 2 2 1
3 2 0 1 1 2 3 2 2 1 2 3 4 3 - 0 3 5 5 3 2 1 1 4 1 2 6 0 0 3 7 2 7 0 0 6 3 5 1 0
0 5 2 5 1 5 1 q4 1 x - 2 2 2 1 3 2 0 1 1 2 3 2 2 1 2 2 2 1 2 3 0 3 5 5 3 2 1 4 1
2 6 0 0 3 7 2 7 0 0 6 3 5 1 0 0 5 2 5 1 5 1 x 0 - - 0 0 0 0 0 x 4 5 x 2 2 2 1 3
2 0 1 1 2 4 3 2 1 2 3 1 1 6 0 0 0 0 0 4 1 2 6 0 0 3 7 2 7 0 0 6 3 5 1 0 0 5 2 6
5 1 5 3 2 x 0 - - 0 0 0 0 - - - q4 ,6 3 ,7 6 ,1 ,4 1 3 5 1 - - - 7 - - - 1 - - 2 3 6
- 1 1 4 1 2 6 0 0 3 7 2 7 0 0 6 3 5 1 0 0 5 2 6 5 1 5 3 2 x - - - - - - - - - -
1' 1 - - - 2 7 - - - ,6 1 - - - 6 3 - 0 5 6 3' 4 1 2 6 0 0 3 7 2 7 0 0 6 3 5 1 0 0
5 2 6 5 1 5 3 2 x 0 - - - 0 0 0 0 0 - 1 6 7 1 1 - - - 4 - 0 0 3 - 0 0 6 - 0 0 0
0 0 0
%END
