%圣诞星钢琴.txt
% 出处 https://www.jianpujia.com/
title=圣诞星钢琴
tag=周杰伦,分类/钢琴谱,周杰伦 杨瑞代
usertag=周杰伦,分类/钢琴谱,周杰伦 杨瑞代
tagroute=
transcriber=jianpu2-auto
status=ocr
source=jianpujia-378086
todo=refine the filename
artist=周杰伦 杨瑞代
%--
4/4
subtitle=score
2 2 2 2 2. 2 1 2 2 2 2 2 3 4 3 3 2 2 - - 6 5 3 5 3 6 6 6 4 1 2 6 0 0 3 7 2 7 0 0
6 3 5 1 0 0 5 2 5 1 5 1 x 0 - - 0 0 0 0 0 x 2 5 x 6 6 6 6 6 0 6 6 6 6 6 6 6 6 0
6 6 6 6 6 6 6 6 6 6 6 6 6 6 6 6 6 0 6 6 6 4 1 2 6 0 0 3 7 2 7 0 0 6 3 5 1 0 0 5
2 4 1 0 0 x 0 - - 0 0 0 0 - x 2 x 6 6 6 6 3 2 6 6 6 6 6 6 6 3 2 6 6 6 6 6 6 6 6
6 6 6 6 6 6 6 6 3 5 5 3 2 1 4 1 2 6 0 0 3 7 2 7 0 0 6 3 5 1 0 0 5 2 5 1 5 1 x 0
- - 0 0 0 0 0 x 3 3 x x - 2 2 2 1 3 2 0 1 1 2 3 2 2 1 2 2 2 1 2 3 0 3 5 5 3 2 1
4 1 2 6 0 0 3 7 2 7 0 0 6 3 5 1 0 0 5 2 5 1 5 1 x 0 - - 0 0 0 0 0 x 3 7 x 2 2 2
1 3 2 0 1 1 2 3 2 2 1 2 3 4 3 - 0 3 5 5 3 2 1 1 4 1 2 6 0 0 3 7 2 7 0 0 6 3 5 1
0 0 5 2 5 1 5 1 q4 1 x - 2 2 2 1 3 2 0 1 1 2 3 2 2 1 2 2 2 1 2 3 0 3 5 5 3 2 1 4
1 2 6 0 0 3 7 2 7 0 0 6 3 5 1 0 0 5 2 5 1 5 1 x 0 - - 0 0 0 0 0
%END
