%在你心中已不在的我.txt
% 出处 http://www.jianpu.cn/
title=在你心中已不在的我
tag=潘美辰
usertag=潘美辰
tagroute=
transcriber=jianpu2-auto
status=ocr
source=jianpucn-68903
%--
4/4
subtitle=score
,1 1. ,1 ,1 ,1 2 ,1 2 ,1 2 2 2 - - - 0 6 1 1 ,1 ,1 ,1 1 ,1 q1 1' 2' ,5 0 5 2 2 3 3 3. 2 3 2 3 3
- 6 6 1. 1. 1 1 1 1 1 1 2 2 - - - x ,1 1. 1 ,1 ,1 2 2 5 3 2 3 0 ,1 ,1 1 ,1 ,1 1 ,1 ,1 ,1' ,1' ,1'
,1 ,1 2' ,5 - 0 5 3. 2 2 3 3 3'. 3'. 2 3' 3' 2 3 3 3' - - 1'. 1'. ,1 2 2 2 2' 1 - - - 5 5 3 3 3 2
3 3 2 ,1 1 1 - - 2 1. ,1 2 - - - 5 5 3 2 3 3 3 3 3 5 3 3 2 ,1 1 0 2 2 ,1 1 - 1
%END