%在这个世界相遇钢琴.txt
% 出处 https://www.jianpujia.com/
title=在这个世界相遇钢琴
tag=分类/钢琴谱,陈奕迅
usertag=分类/钢琴谱,陈奕迅
tagroute=
transcriber=jianpu2-auto
status=ocr
source=jianpujia-380113
todo=refine the filename
artist=陈奕迅
%--
4/4
subtitle=score
1 - - 4 qx - - 6 0 0 1 q1 x. x'. 1 1 0 x 5 0 0 0 0 0 0 0 0 1 2 3 2 1 2 3 5 7 - - - 1
5 2 3 3 5 2 1 1 5 2 3 3 5 2 1 1 5 2 3 3 5 2 3 3 7 2 5 5 7 2 5 x 5 x x 4. 3. 1 2 3
6 5 3 1 6 2 - - - 6. 3 5 4. 6. 2 2. 3 3 1 4 1 5 6 6 1 4 4 5 2 1 2 7 2 6 5 2 6 3 6 4
6 6 3 7 3 1 3 4 ,4' 7 5 1 1 2 3 5 5 2. 2 - 1 2 3 2 1 2 3 6 6 7. 7 - 1 4 1 5 1 6 1 5
2 5 2 5 - 1 5 2 3 3 5 2 3 3 7 2 5 5 7 2 5 x - - - - - - - - - - - - x 1 3 x x 4.
3. 1 2 3 6 5 3 1 6 2 - - - 6. 3 5 4. 6. 2 2. 3 3 ,4 1 5 6 6 1 4 ,4 ,5 2 1 2 7 2 6 ,5 ,2 ,6
3 ,6 4 6 ,6 ,3 ,7 ,3 1 3 4 ,4' 6 5 1 1 1 2 3 2 5. 0 0 ,5 - 0 3 5 6 3 - - 2 1 1 4 1 5 6 1
4 5 2 5 1 2 5 1 5 5 - - - 1 5 2 5 3 5 2 5 x - - - - - - - - - -
%END
