%城府钢琴.txt
% 出处 https://www.jianpujia.com/
title=城府钢琴
tag=许嵩,分类/钢琴谱
usertag=许嵩,分类/钢琴谱
tagroute=
transcriber=jianpu2-auto
status=ocr
source=jianpujia-380170
todo=refine the filename
%--
4/4
subtitle=score
5 6 7 7 2 4 3 3 2 2 3 4. 4 5 4 4 5 6 - 7 1 7 7 1 2 2 1 7 7 5 2 5 2 7 2 5 2 1 5 1
5 3 5 1 5 4 1 4 1 6 1 4 1 2 6 2 6 4 6 2 6 3 7 3 7 5 7 3 7 3 7 3 7 5 7 3 7 x 2 2
x 6 7 1 1 3 5 4 4 4 5 6 7 7 2 4 3 3 2 2 3 4. 4 5 4 4 5 6 - 6 3 6 3 1 3 6 3 2 6 2
6 4 6 2 6 5 2 5 2 7 2 5 2 1 5 1 5 3 5 1 5 4 1 4 1 6 1 4 1 2 6 2 6 4 6 2 6 7 1 7
7 1 7 7 1 7 7 3 ,3' 3 6 6 - - 6 6 6 1 1 1 1 1 2 2 2 1 2. 1 3 7 3 7 5 7 3 7 3 7 3 7
5 7 3 7 6 3 6 3 1 3 6 3 6 3 6 1 3 6 3 6 3 2 6 2 6 x 2 x 2 2 2 2 2 2 5 3 3 3 2 3
3. 5 6 6 6 6 1 1 3 3 2 1 2 2 3 4 3 7 7 3 4 3 3 4 4 3 3 x 5 2 5 2 1 5 1 5 4 1 4 1
2 6 2 6 3 7 3 7 3 7 3 7 x 0 0 0 - - - 0 0 0 0 - - x 3 1 x 6 6 6 1 1 1 1 1 2 2 2
1 2. 1 2 2 2 2 2 2 5 3 3 3 2 3 3. 5 6 6 6 6 1 1 3 3 2 1 2 2 1 6 3 6 3 2 6 2 6 5 2
5 2 1 5 1 5 4 1 4 1 2 6 2 6 x - - - - - - - - - - - - x 3 q4 x 3 4 3 3 4 3 6 3 6
7 1 7 6 7 1 1 3 5 4 4 4 5 6 7 7 2 4 3 3 2 2 3 ,3 ,7 ,3 ,7 ,3 ,7 ,3 ,7 6 3 6 3 1 3 6 3 2
6 2 6 4 6 2 6 5 2 5 2 7 2 5 2 1 5 1 5 3 5 1 5 x 3 7 x 4. 4 5 4 4 5 6 - 7 1 7 7 1
2 2 1 7 7 6 7 1 1 3 5 4 4 4 4 1 4 1 6 1 4 1 2 6 2 6 4 6 2 6 3 7 3 5 7 3 7 3 7 3
7 5 7 3 7 6 3 6 3 1 3 6 3 2 6 2 6 4 6 2 6
%END