%城府钢琴_2.txt
% 出处 https://www.jianpujia.com/
title=城府钢琴
tag=
usertag=
tagroute=
transcriber=jianpu2-auto
status=ocr
source=jianpujia-380170
%--
4/4
subtitle=score
1 - - 4 qx - - 7 0 x. x 1 q1 x. 1 1 1. 6 1 3 2 - 5 4 3 2 3 2 1 7 1 2 1 7 6 - 1 6 3 6
3 2 6 2 6 5 2 5 2 1 5 1 5 4 1 4 1 2 6 2 6 x - - - - - - - - - - - - 7 - 5. 5 3 1.
7 6 - - - 1 6 1 3 2. 1 x 3 7 3 7 3 7 3 7 6 3 6 1 3 - 6 3 6 3 2 6 2 6 x 0 0 0 0 -
- 0 0 - - 5 2 4 3. 2 1. 2 6 - 7 1 2 3 1 5 2 5 2 1 5 1 5 4 1 4 1 2 6 2 6 3 7 3 7 3
7 3 7 x - - - - - - - - - - - - x 1 0 x 6 6 6 1 1 1 1 1 2 2 2 1 2. 1 2 2 2 2 2 2
5 3 3 3 2 3 3. 5 6 6 6 6 1 1 3 3 2 1 2 2 1 6 3 6 3 2 6 2 6 5 2 5 2 1 5 1 5 4 1 4
1 2 6 2 6 x - - - - - - - - - - - - x 1 3 x 3 4 3 3 4 3 3 4 3 4 3 3 6 6 6 1 1 1
1 1 2 2 2 1 2. 1 5 5 5 5 5 5 5 6 5 6 5 3 3. 5 1 3 7 3 7 3 7 3 7 6 3 6 3 2 6 2 6 5
2 5 2 1 5 1 5 x 1 6 x 6 6 6 6 1 1 3 3 2 1 2 2 3 4 3 3 4 3 6 3 6 7 1 7 6 7 1 1 3
5 4 4 4 ,4 ,1 ,4 ,1 ,2 ,6 ,2 ,6 ,3 ,7 ,3 ,7 ,3 ,7 ,3 ,7 6 3 6 3 1 3 6 3 2 6 2 6 4 6 2 6 5 6 7 7
2 4 3 3 2 2 3 4. 4 5 4 4 5 6 - 7 1 7 7 1 2 2 1 7 7 5 2 5 2 7 2 5 2 1 5 1 5 3 5 1
5 4 1 4 1 6 1 4 1 2 6 2 6 4 6 2 6 3 7 3 7 5 7 3 7 3 7 3 7 5 7 3 7 x 2 2 x 6 7 1
1 3 5 4 4 4 5 6 7 7 2 4 3 3 2 2 3 4. 4 5 4 4 5 6 - 6 3 6 3 1 3 6 3 2 6 2 6 4 6 2
6 5 2 5 2 7 2 5 2 1 5 1 5 3 5 1 5 4 1 4 1 6 1 4 1 2 6 2 6 4 6 2 6 7 1 7 7 1 7 7
1 7 7 3 ,3' 3 6 6 - - 6 6 6 1 1 1 1 1 2 2 2 1 2. 1 3 7 3 7 5 7 3 7 3 7 3 7 5 7 3 7
6 3 6 3 1 3 6 3 6 3 6 1 3 6 3 6 3 2 6 2 6 x 2 x 2 2 2 2 2 2 5 3 3 3 2 3 3. 5 6 6
6 6 1 1 3 3 2 1 2 2 3 4 3 7 7 3 4 3 3 4 4 3 3 x 5 2 5 2 1 5 1 5 4 1 4 1 2 6 2 6
3 7 3 7 3 7 3 7 x 0 0 0 - - - 0 0 0 0 - - x 3 1 x 6 6 6 1 1 1 1 1 2 2 2 1 2. 1 2
2 2 2 2 2 5 3 3 3 2 3 3. 5 6 6 6 6 1 1 3 3 2 1 2 2 1 6 3 6 3 2 6 2 6 5 2 5 2 1 5
1 5 4 1 4 1 2 6 2 6 x - - - - - - - - - - - - x 3 q4 x 3 4 3 3 4 3 6 3 6 7 1 7 6
7 1 1 3 5 4 4 4 5 6 7 7 2 4 3 3 2 2 3 ,3 ,7 ,3 ,7 ,3 ,7 ,3 ,7 6 3 6 3 1 3 6 3 2 6 2 6 4
6 2 6 5 2 5 2 7 2 5 2 1 5 1 5 3 5 1 5 x 3 7 x 4. 4 5 4 4 5 6 - 7 1 7 7 1 2 2 1 7
7 6 7 1 1 3 5 4 4 4 4 1 4 1 6 1 4 1 2 6 2 6 4 6 2 6 3 7 3 5 7 3 7 3 7 3 7 5 7 3
7 6 3 6 3 1 3 6 3 2 6 2 6 4 6 2 6 x 4 0 x 5 6 7 7 2 4 3 3 2 2 3 4. 4 5 4 4 5 6 -
7 1 7 7 1 7 7 1 7 7 3 5 2 5 2 7 2 5 2 1 5 1 5 3 5 1 5 4 1 4 1 6 1 4 1 2 6 2 6 4
6 2 6 3 7 3 7 5 7 3 7 3 7 3 7 5 7 3 7 x q4 3 x 3 6 6 - - 0 6 6 6 5 6 5 3 2 2 5 3
3 2 1 1 1 3 2 1 6 3 6 3 1 3 6 3 6 3 6 1 3 4 1 4 1 4 1 4 1 1 5 1 5 1 5 1 5 x 4 6
x 2 3 6 6 2 2 1 2 3 6 2 2 3 5. 5 6 7 - 6 7 1 1 3 5 4 4 4 ,2 ,6 ,2 ,6 ,2 ,6 ,2 ,6 ,3 ,7 ,3 ,7
,3 ,7 ,3 ,5 6 3 6 3 1 3 6 3 2 6 2 6 4 6 2 6 5 6 7 7 2 4 3 3 2 2 3 4. 4 5 4 4 5 6 - 7
1 7 7 1 2 2 1 7 7 5 2 5 2 7 2 5 2 1 5 1 5 3 5 1 5 4 1 4 1 6 1 4 1 2 6 2 6 4 6 2
6 3 7 3 5 7 3 7 3 7 3 7 5 7 3 7 x 5 2 x 6 7 1 1 3 5 4 4 4 5 6 7 7 2 4 3 3 2 2 3
4. 4 5 4 4 5 6 - 6 3 6 3 1 3 6 3 2 6 2 6 4 6 2 6 5 2 5 2 7 2 5 2 1 5 1 5 3 5 1 5
4 1 4 1 6 1 4 1 2 6 2 6 4 6 2 6 x 1 7 1 7 7 1 7 7 1 7 7 7 7 6 6 - - x 6 x x 3 3
7 3 7 5 7 3 7 3 7 3 7 5 7 3 7 6 3 6 3 1 3 6 3 6 1 - x 0 0 0 0 - - - - 0 0 - - 1
%END
