%城市之光.txt
% 出处 https://www.qupu123.com/
title=城市之光
tag=李健
usertag=李健
tagroute=
transcriber=jianpu2-auto
status=ocr
source=qupu123-340807
%--
3/4
subtitle=score
q2 q3 q4 3 3 3 3 2 1 4 - - 5 5 5 5 4 5 3 - - 3 3 3 3 2 1 5 - - 6 6 6 5 5 5 6 5 - -
3 3 3 3 2 1 4 - - 5 5 4 4 4 4 5 3 - - 1 3 3 3 3 3 2 1 5 - - ,6 1 1 ,7 1 1 2 1 - -
x 1 7 x 3 1 - - 3 6 6 6 5 5 3 3 3 3 3 3 4 3 1 2 ,6 - - 2 1 x 3 3 6 6 1 2 3 4 3 3
3 3 3 3 3 4 3 2 3 - - 2 5 3 1 - - 3 3 3 3 2 1 4 - - 5 5 5 5 4 4 5 3 - - 2 3 3 3
3 2 1 5 - - ,6 1 1 1 ,7 1 1 2 1 - - 3 3 3 1 - - 3 6 6 6 5 5 3 3 3 3 3 3 4 3 1 ,6 -
- 3 7 3 3 6 6 1 2 3 4 3 3 3 3 3 3 3 4 3 2 3 - - x 4 1 5 6 7 1 1 2 3 6 - - 7 5 6
7 5 2 3 3 - -
%END