%夏至未至钢琴_2.txt
% 出处 https://www.jianpujia.com/
title=夏至未至钢琴
tag=
usertag=
tagroute=
transcriber=jianpu2-auto
status=ocr
source=jianpujia-149986
%--
4/4
subtitle=score
1 - - 4 qx - - 7 q1 - 5 1 2 1 5 1 2 1 5 1 2 1 7 1 1 1 5 1 2 1 5 1 2 1 5 1 2 1 7 1
1 1 1 1 1 1 1 4 - 4 - 5 - 5 - x 5 x 5 1 2 1 5 1 2 1 5 1 2 1 7 1 1 1 2 2 5 2 1 3
5 3 3 3 5 3 4 3 2 1 1 1 1 1 1 4 4 - 5 5 - x x 5 1 2 1 5 1 2 1 5 1 2 1 7 1 1 1 5
1 2 1 5 1 2 1 5 1 2 1 7 1 1 1 1 1 1 1 1 4 4 5 5 5 1 2 1 5 1 2 1 5 1 2 1 7 1 1 1
2 2 5 2 1 3 5 3 2 - 1 1 1 1 1 4 - 4 - 5 - 5 - 2 - 6 7 1 5 1 4 3 4 6 5 - 4 - 3 -
2 - x 2 1 x 5 0 6 7 1 5 1 1 7 1 3 1 - 4 - 3 - 2 - x 2 0 0 6 7 1 5 0 0 4 4. 2 5 -
4 - 5 - 3 - x qx 2 3. 0 3 3 3 6 6 1 1. 7 6 6 - 2 - 2 - 5 - x 3 3 x 5 0 6 7 1 5 1 4
3 4 6 5 - 4 3 2 5 0 6 7 1 5 1 1 7 1 3 ,1 - ,4 - ,3 - ,2 - 3 2. 0 6 7 2 5. 0 4 4. 5 5 -
4 - 5 - 3 - x 4 5 x 3 - 3 3 3 6 6 1 1. 7 1 6 - 2 - 2 - 5 - 2 5 3 2 3 3 3 3 2 2 3
3 3 2 2 3 5 5 3 ,5 - 1 5 1 5 1 5 1 5 7 5 7 5 2 3 5 5 1 7 1 1 1 7 7 1 2 1 7 3 3 3
3 7 5 7 5 6 3 6 3 6 3 6 3 5 2 5 2 1 - - - - - - - - 3 5. 6 7 1 1 2. 7 1 2 5 2 5 2
4 1 4 1 4 1 4 1 3 7 3 7 2 3. 4 3 2 1 1 6 1 2 - 6 3 6 3 2 6 2 6 2 6 2 6 5 2 5 2 x
0 - - 0 0 - 0 - 0 5 3 2 3 3 3 3 2 2 3 3 3 3 2 3 5 3 ,5 ,2 ,1 ,5 1 ,5 ,1 ,5 1 ,5 ,7 ,5 ,7 ,5
2 3 5 5 1 7 1 1 1 1 7 1 6. 5 5 7 1 5 7 5 7 5 6 3 6 3 6 3 6 3 5 2 5 2 x - - - - 0
- - - 5 7 1 6 0 6 7 1 2 7 5 1 5 2 5 2 4 1 4 1 4 1 4 1 3 7 3 7 x 0 - - 0 0 - 0 -
1. 2 3 4 1 1 1 2 1 - 6 3 6 3 2 6 2 6 5 2 5 2 1 5 1 5 x - - - 0 0 - - 0 x 1 x 1 x
5 3 - 3 4 5 6 7 1 2 3 4 ,1 ,1 - ,5 - ,6 - ,7 - 3. 3 2 1 6 7 1 2 7 1 5 4 6 - 4 - 5 - 1
- x 1
%END
