%多余的流星.txt
% 出处 http://www.fysongs.cn/songku_show.asp?id=42301
title=多余的流星
tag=
usertag=
tagroute=
transcriber=jianpu2-auto
status=ocr
source=fysongs-42301
%--
4/4
subtitle=score
3. 3 3 3 3 - q1. 1 1 1 1 - 4. q4 q4 q4 4 - q2. q2 q2 q2 2 - 2 3 2 3 2 3 3 5 ,5 7 1 7 1 7 1 1
- 3 4 3 4 3 4 4 6 ,6 2 3 3 q2 3 3 ,5. 1. 5 7 1 1 7 1 7 1 1 - 4 3 4 4 3 4 4 ,6. ,6 ,5 1 1
2 1 2 1 2 2 - 2 3 2 3 2 3 3 5 5 7 1 7 1 7 1 1 - 3 2 2 2 2 1 2 2 - 2. 3 3 2 3 3 1
0 5 5 5 1 1 1 1 6 2 1 1. 1 3 4 3 4 3 4 4 6 6 5 3 2 2 2 0 7 1 7 1 1 - 1 1 - - - -
- - - - - - - - - 1 1 4 3 4 4. 4 4 6. 0 5 3 2 2 2 0 0 7 1 1 - - - 1 x 3 - - 2 3 -
- 5 3 - - 1 2 - - 5 3 - - - 3 - - 5 3 - - 1 2 - - - 2 3 2 3 2 3 3 0 1 7 1 7 1 1
,6. ,6 - 4 3 4 4 - 0 1 1 3 2 2 2 - ,5 2. 3 3 3 3 0 q1 7 1 7 1 1 ,6. ,6 0 5 4 4 - - 0 q1 5
5 - - - 2 3 3 2 3 3 3. 3 ,7 1. q,7 ,6 ,6 ,6 4. 4 4 4 6 6 ,5. 0 3 2 2 2 - - 2. 3 3 3 3 0 1 7
1. 7 1 ,6. ,6 0 5 4 4 - - 0 ,5 1. 7 7 - 7 1 1 - - - 0 0 0 0
%END
