%夜歌_2.txt
% 出处 http://www.fysongs.cn/songku_show.asp?id=42242
title=夜歌
tag=
usertag=
tagroute=
transcriber=jianpu2-auto
status=ocr
source=fysongs-42242
%--
2/4
subtitle=score
x 3 3 q4 q3 3 5. 4 3 4 3 1 ,5 ,5 ,6 ,5 ,5 0 q,5 q,3 5 5 - 3 q4 q3 1 q2 1 q,7 ,7 - q,5 q3 q3 q4 q3 5. 4 3
4 3 1 ,5 q,5 q,6 q,3 q,5 ,5 q0 q,6 q,7. s1 1 q5 5 0 ,5 5 4 1 - 1 - 1 - 1 ,7 ,7 - ,7 - ,7 - 5 1 2 3 2 2
1. 1 6 4 4 4 3 3 2. 3 4 5 5 5 6 1 0 - - - - - - - - - - - - 3 2 1. 1 1 1 1 6 ,6 ,5. 0
0 0 0 ,5 1 2 q3 2 2 1. 1 q6 4. 4. 4 3 2. 3 4 5 5 5 6 3 q2 1 1 1 1 1 6 ,5 ,5. 0 0 0 0 1 1 1
1 1 6 5 4. 4 4 4 4 2 4 5 6. 1 1 1 1 2 6 5 4. 4 4 4 4 2 5 6 5 5 5 - 0 0 ,5 1 2 3 2 2
1. 1 ,6 4 4 4 3 3 2. 2 3 4 5 5 6 3 2 1. 1 1 1 1 6 q1. - 2 3 2 2 0 1 q1 q1 1 1 6 ,5 2 5 5
- 6 7 1 2 1 - 1 - - 5 - - 2 - 2 q3 q6 1 - 1. q7 q1 2 - 2 - x. 2 3 q2 2 2 - 0 1 1 1 1 q1
q6 ,5 ,5 0
%END
