%夜雾.txt
% 出处 https://www.jianpujia.com/
title=夜雾
tag=邓丽君
usertag=邓丽君
tagroute=
transcriber=jianpu2-auto
status=ocr
source=jianpujia-74020
%--
4/4
subtitle=score
q1 - - q1 - - 1 0 x 0 3 3 4 3 1 2 3 - - 3 5 4 4 - - 2 3 4 3 - 3 3 2 3 4 - 4 3 2 3
2 1 - 1 7 6 7 - - 7 3 5 7 1 6 - - 0 3 3 4 3 1 2 3 - - - 0 5 5 5 2 3 4 3 - - - 0
2 7 2 4. 0 3 3 1 6 - 0 6 7 1 7 6 7 7 - 6 7 1 1. 1 3 4 - - 2 2 7. 7 7. 6. 5 7 7 6. 0 6
5 4 - 0 4 5 6 6 3 3 - 0 2 3 2 2 7 6 7 - - - 7 0 2 1 7 1 7 6 0 0 2 1 7 7 1. 4 0 6
7. 1 1 7 7 7 2 7 1. 1 7 6 5 7 7 1 7 7 6 - - 7 6 - - 3 3 1 2 1 3 - - - 0 5 5 5 4. 2
2 4 3 - - - 0 2 2 1 2 4 4 3 3 1 6 - 0 6 7 1. 7 6 7 - - 6 7 7 6 - - 2 3 4 - 4 3 2
3 2 1 - 1 7 6 7 - - 7 3 3 5 7 1 6 - 6 - - -
%END
