%大宅门电视剧《大宅门》主题曲.txt
% 出处 http://www.fysongs.cn/songku_show.asp?id=43348
title=大宅门电视剧《大宅门》主题曲
tag=
usertag=
tagroute=
transcriber=jianpu2-auto
status=ocr
source=fysongs-43348
%--
4/4
subtitle=score
1 - - - 5 4 1' x x q1. s1 s1 q1 q6' q1 q1 q6' q1 q1 q1 s1' q1. s6 s5 s6 s1 - - q5 q5 s2. s3 q5 s6 1 - - - 2 7
6 2 1 1 6 5 6 1 3 - 5 5. 2. 3 5 6 1 - 2'. 3' 5 5. 6 1' 2' 2. 7 6. 5 6 1 3 0 5 6 6 5 - - -
5 5 5 5 3 6 5 6 1 1 6 5 3 6 5 6 5 5 5 5 3 6 5 6 1 1 6 5 3 6 5 6 5 5 5 5 3 6 5 6
1 1' 6 5 3 6 5 6 5 5 5 5 3 6 5 6 1 1 6 5 3 6 5 6 5 x 3 2 1 3 2 1 1 6 2. 2 2 2 0 6
3 2 2 - 0 3 2 1 3 2 1 1 6 2 2 2 0 3 3 6 5 - 0 3 1 1 6 5 3 1 1 1 0 1' 1 6 1 3 5 1
6 5. ~ 5 1. 3 3. 5 2 1 q6 1 0 q7 q6 q5 q6 1 5 5 5 5 3 6 5 6 1 1 6 5 3 6 5 6 5 5 5 5 3 6
5 6 1 1 6 5 3 6 5 6 5 5 5 5 3 6 5 6 1 1 6 5 3 6 5 6 5 5 5 5 3 6 5 6 1 1 6 5 3 6
5 6 1 - - - s1 q1'. s6 s5 s6 s1 3 - q5 q5 s2. s3 s5 s6 1 - q2. s3 s5 s3 q5 q6 s1 s2 q,x s7 6 5. 6 1' 7 6 5 5
- - - 6. 5 6 1 3 0 5 6 - - - - - 5 0 0 0
%END
