%大家都年轻.txt
% 出处 http://www.fysongs.cn/songku_show.asp?id=48132
title=大家都年轻
tag=
usertag=
tagroute=
confidence=0.957
conf_p10=0.841
transcriber=jianpu2-auto
status=ocr
source=fysongs-48132
%--
4/4
subtitle=score
x 2 q6 q2 q3 q2 q7 ,6 - x ,5 ,6 - q2 q1 q2 3 q2 q3 q1 2 ,7 ,6 - 0 2 q6 2 - 3 - 3 2. ,7 ,6 - 0 0 4 1
2 3 1 2 1 4 2 6 2 - - 3 4 5 ,6 0 0 0 0 4 1 2 5 2 6 1 4 3 - 2 3 2 3 2 3 4 2 q2 q6 ,,1
2 3 4 6 2. q,7 ,6 - 0 0 4 5 ,6. x 1 2 3 1 2 1 4 2 5 ,6 q1 2 4 3 ,6 0 0 4 1 ,5. ,5 2 ,6 4 5 3
- 2 3 2 3 2 3 4 2 ,5 ,6 ,,x 2 3 4 6 2. q,7 ,6 - 0 0 4 5 ,6. x 1 2 3 1 2 1 4 1 q,5 q,6 x q1 2 q0
q1 1 4 ,6 0 0 0 4 2 ,5 ,6 2'. ,6 1 4 3. 2 3 2 3 2 3 4 2 3 3 6 0 q1 4 6 2. ,7 ,6 - 0 0 1 4 ,6.
x 1 2 3 1 2 4 1 2 q6 5 2 1 4 ,6 0 0 0 4 2 ,6 ,6 ,5 ,6 1 4 3. q2 q3 2 3 q2 3 4 2 2 3 1 ,6 q2
4 3 q2 q3 q2 q7 ,6 0 4 1 2 3 ,7 ,6 1 6 4 3 2. ,7 ,6 - 0 4 5 ,6 ,7 - - ,7 ,6 - - x ,5 ,6 - 0 x q4
q3. 4 q3 q2 q3 2 3 x 1 q2 3 2 ,7 ,6 - 0
%END
