%大海_7.txt
% 出处 http://www.fysongs.cn/songku_show.asp?id=39623
title=大海
tag=
usertag=
tagroute=
transcriber=jianpu2-auto
status=ocr
source=fysongs-39623
%--
4/4
subtitle=score
1 - - - x. 1' x x' 1 1 5 1 3 4 3 1 2 3. 1 2 1 1 5 1 3 4 3 2 1 - - - - - - - - - 3. 1
2 - 1 - - - 1 - - 5 6 1 1 1 1 6 5 - - - - - 1 1 2 1 6 1 2 2 2 2 1 6 2 2 3 2 3 5
6 6 5 6 5 3 2 3 2 1 ,6 ,5 ,6 1 1 1 1 ,6 1 - - 5 6 1 1 1 1 6 5 1 1 2 1 6 1 2 2 2 2 1
6 2 2 3 2 3 5 6 6 5 6 5 3 - - - - - - - - - q2 q3 q2 q1 ,6 q,5 q,6 q1 1 q1 1 q2 q1 1 - - q3 q5
6 6 6 6 1 6 5 5 6 5 3 2 1 1 1 1 2 3 - - 3 2 1 1 1 1 1 6 5 5 6 5 3 5 6. 1 1 6 5 5
- - 3 5 6 6 6 6 1 6 5 5 6 5 3 2 1 1 1 1 5 3 - - 3 2 1 1 1 1 2 3 5 5 3 5 3 5 6 -
- - 0 0 6 3 2 1 1 - - - 0 0 0 5 6. 1 - - 3 5 6 6 6 6 1 6 - - - - - - - - 5 5 6 5
3 2 1 1 1 1 2 3 - - 3 2 1 1 1 1 1 6 5 5 6 5 3 5 6. 1 1 6 5 5 - - 3 5 6 6 6 6 1 6
5 5 6 5 3 2 1 1 1 1 5 3 - - 3 2 1 1 1 1 2 3 5 5 3 5 3 5 6 - - - 6 - - 0 6 3 2 3
2 1 1 1 - - - - - - - - -
%END
