%大笑江湖_2.txt
% 出处 http://www.fysongs.cn/songku_show.asp?id=42251
title=大笑江湖
tag=
usertag=
tagroute=
transcriber=jianpu2-auto
status=ocr
source=fysongs-42251
%--
2/4
subtitle=score
x 0 5 6 1 6 1 6 1 3 2 5 3 5 3 5 2 1 2 q1 2 1 6 2 5 3 - 3 2 1 1 6 1 6 1 3 2 5 3 5
3 5 2 1 2' 1 2 1 6 0 2 1 - 1 - x x x x x x x. x 6 1. 6 1 6 2 3 2 2 5. 3 5 3 6 5 6 1.
6 1 6 2 3 2 0 5 3 3 2 5 2 q3 q0 5 q6 6 6 q1 2 q3 2 q2 q3 3 q3 3 q3 7 q3 q7 6 q1 6 q1 6 1 6 2
2 3 2. 5 3 3 3 2 2 5 3 3 6. 1 2 0 1 2 3 3 2 2 3 6 0 6. 1 2 2 1 2 3 3 2 5 2 3 0 6. 2
3 2 1 2 3 3 2 q2 q3 6 - 6. 3 2 1 0 2 1 - 1 - 5. 3 5 5 3 5 5 6 6 2. 1 2 2 1 - - 6 q6 s1
6 2. q1 2 2 1 2 q2 q3 2 2 2 3 2 2 6 5 2 5. q3 5 3 5 5 6 6 2. 1 2 2 1 - - 6 6 1 1 2. 1 2
2 1 q2 2 3 2 5 5 5 6 2 1 6 1 1 x 5. 6 5 6 1 6 1. 6 5 1 6 5 3 2 3 3 6 5 3 2 1 2 2 5
3 2 1 6 1 1 - 1 - 1 - 1 - - 1 1 - 1 2 3 5 0 5 5 5 5 0 q6. q2 1 6 1 1 5. 3 5 5 3 5 5
6 6 2. 1 2 2 1 - - 6 6 q1 6 2. 1 2 2 q1 - - - - - - - - - - - 2. 1 2 2 1 - - 6 6 1 1
2. 1 2 2 1 2 2 3 2 5 5 5 6 2 1 6 1 1 x 1 6 5 6 5 6 1 2 2 1 6 5 6 1 2 3 5 5 5 6 0
0
%END
