%大风吹_2.txt
% 出处 http://www.fysongs.cn/songku_show.asp?id=25522
title=大风吹
tag=
usertag=
tagroute=
confidence=0.938
conf_p10=0.715
transcriber=jianpu2-auto
status=ocr
source=fysongs-25522
%--
4/4
subtitle=score
0 q1 ,7 1. q,6 q1 q2 x 2 0 0 0 q1 q1 q,7 1. ,6 q1 q2 7 2 0 0 0 q1 q,7 1. q2 3 2 1 x 0 q2 q1 3 2 1 ,6 0
0 0 0 0 0 1 ,7 1. ,6 q1 2 7 2 0 0 0 1 1 ,7 1. ,6 1 2 ,1 2. 0 0 0 1 ,7 1. 2 3 2 q1 3 0 ,6 q1 2
3 3 2 1 ,6 0 0 0 0 3. 2 2 - 0 ,5 ,6 1 2 1 ,6 2. x 1 1 - 0 0 q3 2 q1 q,6 q1 3. 2 ~ 2 - 0 0 q3
4 3 2 q1 3 - - 0 0 0 0 3 - 2 - q1 ,6 ,6 0 ,6 1 2 2 1 2 3 2 q1 ~ 1 0 1 q2 3 - 4 - 6 3 2
1 0 0 3 5. 4 4 4 5 3 q2 q3 4 1 3 - 2 - 1 ,6. 0 0 0 0 0 0 0 0 0 0 - 2 - 1 ,6. 0 0 0 0 0
0 0 0 0 0 0 0 0 0 0 1 ,7 1. ,6 q1 2 x 2 0 0 0 1 1 ,7 1. ,6 q1 q2 7 2 0 0 0 1 ,7 1. q2 q3 2 q1
3' ~ 3 q1 q2 3 3 q2 1 ,6 6 - - - 0 6 7 7 6 5 6 - - - 0 7 1' q7 5 6 - - - 0 6 7 7 6 5 3.
1 5 - 6. q5 5 - 3 ,3' - 2 - 1 ,6 0 0
%END
