%天使在唱歌.txt
% 出处 http://www.fysongs.cn/songku_show.asp?id=20552
title=天使在唱歌
tag=
usertag=
tagroute=
confidence=0.978
conf_p10=0.980
transcriber=jianpu2-auto
status=ocr
source=fysongs-20552
%--
2/4
subtitle=score
1 - - x' 1 x' x 0 4 4 5 4 3 5 0 2 2 3 2 1 3 0 1 1 q5 5 5 6 4 4 3 4 4 5 3 4 3 4 3 2
,1 ,1 7 2 1 0 6 6 3 3 0 6 6 3 3 2 3' 3' 0 6 6 3 3 3 3 ,1 3' 2' 2 2 0 3' 2 3' 0 6 6 3 3 5
4 3 2' 1' 1 5' 4' 4 3 2 1 2 3 3' 2' - 0 0 0 ,1 1 2 2 1 1 2 2 1 5 5 0 ,1 ,1 5' 4' 4 3 2 ,1 ,1
6 6' 5' 0 4 4 5 4 3 5 0 2 2 3 2 ,1 3 0 ,1 ,1 5 5 6 4 3 4 5 3 4 3' 4 3' 2 0 4 4 5 4 3 5
0 2 2 3 2 ,1 3' 3' 2 ,1 0 5 1' 2' 2' 3 4 3 2' ,1 1 7 2' 1' x x x - x x 0 6 6 6 6 3 0 ,6 6 3
3 2 3' 3' 0 6 6 3 3 3 3 1 3' 2' 2' 1' 5' 3' 3' 2' 0 6 6 3 3 - 5 4 3 1' 1' ,1 5' 4' 4 3 2' 1' 1 1
1 6' 3' 3 5' 5' 3' 2 1' - 0 0 0 0 0 0 0 0 0 ,1 ,1 5 0 0 1 1 2 3 2 2 1 6 6 5 0 0 1 1 5 6
6 5 4 3 5 5 5 0 1' 2 3 2' 0 0 5 5 6 5' 5' 0 0 5' 5 5' 0 0 5 5 1 5 3' 4 3 2 3 2
%END
