%天各一方钢琴.txt
% 出处 https://www.jianpujia.com/
title=天各一方钢琴
tag=
usertag=
tagroute=
transcriber=jianpu2-auto
status=ocr
source=jianpujia-245519
todo=refine the filename
%--
4/4
subtitle=score
2 7 2 2 7. 7 5. 5 6 2 1 3. ,3 1 ,5 3 1 1 - 1 ,6 4 1 ,2. 2. 3 4 ,7 5 ,7 5 ,6. 4. ,6 4 3 7 6 7 7
3 7 5 1 3 1 2 3 4 1 4 1 6 2 6 2 6 3 7 3 2 3 1 1 5 1 2 3 4 6 4 4 6 6 2 4 2 2 4 3
5. 5 3 3 2 3 x 0 0 - - 0 0 - - - 2 5 1 1 1. 1 2 3 4 5 5 4 4 3 3 1 2 3 3 6 6 6 6. 6
2 3 4 5 5 4 4 3 3 1 2 3 3 x 2 2 2 2 1 3 1 4 1 4 2 6 5 7 2 6 5 7 6 5 4 6 1 6 4 6
4 4 1 3 6 2 4 5 5 2 4 5 5 6 5 4 4 6 3 x - 0 0 0 0 2 4 4 ,3 3 ,3 3 ,2 2 2 2 7 7 ,1 1
,2 2 ,1 1 7 7 ,3 6 1 1 2 3 6 ,3 1 1 7 6 6 1 3 6 1 3 6 1 3 6 1 3 1 4 x 2 3 3 3 3 2 1
1 6 6 4 3 7 7 3 5 6 1 6 6 1 3 6 3 1 6 2 6 6 4 6 4 3 5. 5 5 1 5. 5 6 6 6 6 6 3 6 3
1 6 1 - - - - - 3 3 ,5 ,3 ,5 ,3 ,3 ,2 2 5. ,5 ,5 ,4. ,3 6 2 4 3 6 1 - 6 1 6 1 6 1 6 1 6 4 -
7 2 7 2 4 7. 2. 3 2 6 1 - - - 5 2 5 6 6 3 1 6 1 2 6 2 4 2 6 4 2 7 2 4 5 7 5 4 2 3
6 1 3 6 1 3 6 3 7 0 ,6 ,4 4 ,6 ,3 3 ,3 ,6 3 ,2 ,6 2 ,2 ,6 2 ,6 ,1 1 ,6 ,4 2 - ,6' ,4 2 ,1 1 7 7 6
6 4. 7 ,4 2 ,1' - 7 ,4 2 ,1' 6 6 5 5 7 7 3 7 5 3 - - - ,2 2 ,6 ,4 6 1 6 1 ,6 2 1 1 4 2 q,6 q6
q,7 q7 ,1 1 ,2 ,2 - ,2 2 ,1 1 ,2 2 4. ,4 4 ,7 ,7 - ,7 ,7 ,3 ,2 1 7
%END
