%天涯_11.txt
% 出处 http://www.fysongs.cn/songku_show.asp?id=42493
title=天涯
tag=
usertag=
tagroute=
transcriber=jianpu2-auto
status=ocr
source=fysongs-42493
%--
4/4
subtitle=score
0 1 1 1 ,7 1 ,7 ,6 0 1 1 q1 ,7 1 ,7 ,6 0 1 1 1 ,7 ,6 ,5 ,6 6 - 0 0 0 1 1 1 7 1 7 6 0 1 1 1
1 7 1 7 6 0 1 1 3 2 1 ,6 5 6 ,6 - 0 1 2 3 6 3 2 1 3 3 - - 1 ,7 ,6 q,6 q,6 q,5 ,6 q,2 ,3 ,3 - -
1 2 3 6 3 2 1 3 3 - - 1 ,7 ,6 ,6 ,5 ,6 ,7 ,6 ,6 - - - 0 0 0 0 ,6 - - 3 5 6 1 7 6 q5 6 6 -
- 6 5 3. ,6 ,6 2 3 5 3 3 - - 3 5 2 2 q1 2 q3 q2 2 1 6 ,6 3 q5 6 6 6 5 6 q2 3 3 - - 3 q5 6
1 q7 q6 5 q6 6 - - 6 q5 3 ,6 ,6 2 q3 q5 q3 3 - - q3 q5 2 q2 1 2 3 2 2 q1 6 ,6 3 5 6 1 2 1 q7 q6'
6 - - - 0 0 0 3 5. 6 - - q1 2 3 6 3 2 q1 q3 3 - - 1 ,7 ,6 ,6 q,6 ,5 ,6 ,2 ,3 ,3 - - 1 2 3 6 3
2 1 3 3 - - 1 7 6 6 5 6 7 6 6 - - -
%END
