%天生喜欢你.txt
% 出处 http://www.jianpu.cn/
title=天生喜欢你
tag=
usertag=
tagroute=
transcriber=jianpu2-auto
status=ocr
source=jianpucn-52532
todo=add tags
%--
4/4
subtitle=score
0 x 1 - 3 x 1 1 x 0 ,,6 q1 2 3 2 1 ,1 2 1 3 5 3 2'. x 1 1 - 6 5 6 6 1' 6 5 6 5 2 1 1 4
3 x 0 ,5 ,6. 1 2 1 1 3 3 - 3 2 2 0 ,5 ,6 1 2 1 1 6 6 6 5 1 - - - 5 6 5 1 6 6 0 1 2 1'
5 4 4 0 6 7 6 7 6 6 3 6 5 3 5 6 3 2 1 2 2 1 - 0 0 0 3 4 3 7 7 ~ 7 3 2 1 ,,,1 ,,6 2 ~
2 1 ~ 1 0 3 4. q3' 3 1 q7 7 q1' ,,,7 ,x x. ,,7 1' 3 2 1 1'. 0 2 3 2 6 6 6 6 5 5 ,7 3 ,,3 4 3 2 0 2
,3 2 6 6 6 7 6 5 5 3 6 6 7 6 5 0 q,5 s6 q,5 2 1 1 2 ,3 - 3 2 2 0 s,5 q,,6 q5 2 1. 1 6 ,6. 6 5 5
0 5 6 5 6 ~ 6 0 q,1 2 1 5 4 ~ 4 3 5 ~ 5 6 3 ,2 ,2 2 1 3 5 5 ,6 q3 2 2 2. 1 - - q0 q,5 3 q2
q1 q,6 q3 2 2 3 1 - - -
%END
