%天荒爱未老.txt
% 出处 http://www.fysongs.cn/songku_show.asp?id=23472
title=天荒爱未老
tag=
usertag=
tagroute=
confidence=0.957
conf_p10=0.850
transcriber=jianpu2-auto
status=ocr
source=fysongs-23472
%--
4/4
subtitle=score
0 q1 7 1 3 3 3 4 4 - 0 1 7 q1 ,,7 7 7 6 6 - 7 5 5 1 3 2 0 1 6 6 7 7 1 3 2 1 7 ,6 7 q1
- - 0 0 0 0 0 0 q1 7 q1 3 4 - - 0 0 0 1 1 1 7 q1 3 3 3 4 4 - 0 0 1 q1 7 1 7 7 7 6 6
6 6 6 6 7 5 5 0 0 3 3 3 2 - 0 0 4 3 2 1 ,7 q1 - - 0 0 0 0 0 0 q1 7 q1 3 4 - - 0 0 0
q1 q1 1 7 1 3 3 4 4 - 0 q1 q1 7 1 7 7 7 6 6 - 0 0 6 6 6 6 7 5 5 0 3 3 3 2 - 0 0 4 3
2 1 7 q1 q1 - - 0 0 0 7 0 0 0 0 0 6 6 6 - 7 7 7 7 - 6 5 5 5 5 - 6 3 3 7 2 q1 - 0 0
0 0 6 6 6 6 6 6 6 7 7 7 7 - 6 6 5' 5 5 - - 0 6 7 6 5 - 0 0 6 6 6 - 7 7 7 7 6 - 5.
5 - 5 6 3 2 q1 - 0 0 0 0 2 2 3 3 4 4 3 2 q1 3' 3' 3' 2 2' 2' - - 0 0 0 0 0 1
%END
