%天路编号-053.txt
% 出处 http://www.jianpu.cn/
title=天路编号-053
tag=韩红
usertag=韩红
tagroute=
transcriber=jianpu2-auto
status=ocr
source=jianpucn-473423
%--
4/4
subtitle=score
0 5 6 3 2 2 3 1 2 3 2 2 3 2 3 1. 6 5 6 7 6 7 5 3 3 5 6 3 2 2 3 1 2 3 2 2 3 2 3. 5
6 2 1 6 5 1 6 ,6 1 ,6 2 3 1 6 ,6 3 3 5 6 7 5 3 3 6. 6 6 7 6 5 3 2 3 5 3 3 3 5 6. 7 5
7 6 3 6 6 3 2 2 1. 2 3 5 2 3 1 1 2 2 3 2 1 5 1 ,6 1' 0 1 3 6 2. 3 2 1 ,5 1 ,6 4 2 6 5
5 7 1 2 3 5 1 4 6. 6 6 5 6 1 1 2 ,,2' 3 ,,3' 1 ,1' x 0 x x x x 0 5 x 0 x 2 2 1 6. 6 1 ~ 1
~ 1 2 1 6 2 5 6 6 5 3 3 5 6 1 2 1 6 5 6 1 6 5 3 2 1. 2 3 5 6 2 1 6 5 1 6 0 5 - 4
2 6 5 6 7 1 2 3 5 6. 6 6 5 6 1 1 2 3 1 2 2 1 6 1 1 1 2 1 6 2 3 5 6 5 3 3 5 6 1 2
1 6. ~ 6 5 6 1 6 5 3 2 1 1 2 3 5 6 2 1 6 5 1 6 1 1 2 3 5 6 2. 2. 3 2 1 5 1 1 6 6
%END