%天高地厚_3.txt
% 出处 http://www.fysongs.cn/songku_show.asp?id=42745
title=天高地厚
tag=
usertag=
tagroute=
transcriber=jianpu2-auto
status=ocr
source=fysongs-42745
%--
4/4
subtitle=score
x 0 5 5 1 7 1. 5 5 1 7 1 2 1 1. 2 3 4. 5 4 3 1 3 4 3 2 - - - 1 - - - 1 - 0 3 3 ,3 4
3 ,3 - 0 3 4 ,5 5 6 ,6 ,5. 0 6 7 1 0 3 1 ,7 ,6 ,5 ,6 ,6 - 0 5 5 ,4 ,3 ,4 ,5 ,5 5 5 0 1 2 3 2 2
1 6 ,6 ,5 0 1 2 3 2 2 1 1. 6 ,6 1 2 - - 0 3 4 ,3 4 3 ,3 - 0 3 4 ,5 5 6 ,6 ,6 ,5 0 6 7 1 0
7 q1 q,7 ,6 ,5 ,6 ,6 - - 0 5 5 ,4 ,3 ,4 ,5 ,5 5 5 0 q1 ,2 3 2 2 1 6 6 7 6 5 0 1 2 3 2 2 1 1. 6
,6 6 5 6 6 7 6 5 5 - 0 6 1 1 7 7 6 5 2 2 3. 4 5 5 - 0 5 6 6 3 6 5 2 3 2 2 4 3. 4 6
6 7 6 5 3 2 1 1 - 0 q0 6 6 7 1 1 7 6 5 3 2 5 1 1 - 0 5 4 3 4 3 2 2 2 q1 q7 1 - - -
x ,7 1 5 5 1 7 ,7 0 5 7 ,7 q1 q5 5 1 q5 ,5 0 1 5 ,6 ,5 ,4 ,3 ,3. 4 3 ,2 0 5 4 1 - - - 0 0 0 0
0 4 4 4 4 5 6 6 5 5 4 5 4 2 2 0 4 4 4 4 5 6 6. 5 5 6 7 6 5 0 4 5 6 6 5 4 3 5 5 5
- 0 0 6 6 6 6 7 1 1 - 7 - 1 - - - 0 5 4 3 4 3 2 q2 2 0 ,7 1 1 - 0 0
%END
