%天高地厚_2.txt
% 出处 http://www.fysongs.cn/songku_show.asp?id=42415
title=天高地厚
tag=
usertag=
tagroute=
transcriber=jianpu2-auto
status=ocr
source=fysongs-42415
%--
4/4
subtitle=score
x 0 5 5 1 7 1. 5 5 1 7 1 q2 q1 1. 2 3 4. q5 4 3 1 3 4 3 2 - - - 1 - - - 1 - - 0 3 3 ,3
q4 3 ~ ,3' - 0 3 4 ,5 5 6 ,6 ,5. 0 6 7 1 0 3 1 ,7 ,6 ,5 ,6 ,6 - - 0 5 5 ,4 ,3 ,4 ,5 6 ,5 5 5 0 1
2 3 2 2 1 6 ,6 ,5 0 1 2 3 2 2 1 1. 6 ,6 1 2 - - 0 3 4 ,3 4 3 ,3 - 0 3 4 ,5 5 6 ,6 7 ,6 ,5
0 6 7 1 0 7 1 ,7 ,6 ,5 q,6 ,6 - - q0 5 5 ,4 ,3 ,4 ,5 ,5 q5 q5 0 q1 q2 3 2 2 1 6 6 7 6 5 0 1 2 3
2 2 1 1. 6 ,6 6 5 6 6 7 6 q5 5 - 0 6 1 1 7 7 6 5 2 2 3. 4 5 5 - 0 5 6 6 3 q6 q5 q2 q3 2
2 q4 3. 4 6 6 7 6 5 3 2 q1 1 - 0 0 6 6 7 1 1 7 6 5 3 2 5 q1 1 - q0 q5 4 3 4 3 2 2 2 q1
7 1 - - - x ,7 q1 5 5 1 7 ,7 0 5 7 ,7 1 5 5 1 5 ,5 0 1 5 ,6 ,5 ,4 ,3 ,3. 4 3 ,2 0 5 4 1 - -
- 0 0 0 0 0 4 4 4 4 5 6 q6 q5 q5 4 5 4 2 2 0 4 4 q4 q4 5 6 6. q5 5 6 q7 6 5 0 4 5 6 6 5
4 3 5 5 5 - 0 0 6 6 q6 6 7 1 1 - 7 - 1 - - - 0 5 4 3 4 3 2 2 2 0 ,7 1 - 1 - 0 0
%END
