%天黑黑钢琴_2.txt
% 出处 https://www.jianpujia.com/
title=天黑黑钢琴
tag=
usertag=
tagroute=
transcriber=jianpu2-auto
status=ocr
source=jianpujia-149626
%--
4/4
subtitle=score
1 - - 4 2' qx - - 7 5 x 0 1 q1 x. 1 q1 0 3 2 3 3 6 1 2 3 3 1 6 1 2 3 2 5 6 - 3 3 3 3
2 2 2 2 2 2 3 3 6 1 3 1 6 1 5 1 4 6 6 6 3 7 7 7 6 1 3 1 x 6 x x 5 3 5 1 5 6 6 6
1 2 3 2 2 2 1. 6 2 5 ,7 ,7 ,7 ,7 1 1 1 1 2 2 2 2 2 3 5 5 5 3 5 3 6 4 6 6 6 2 6 6 6 4
6 2 6 7 5 7 6 - 6 - 6 5 6 5 2 3 ,7 ,7 ,7 3 3 ,6 ,6 ,6 ,5 ,7 3 5 5 5 6 1 1 3 6 3 1 7 6 3
3 3 6 3 3 5 x - - - - - - - - - - 3 - 5 6 5 2 3 5 6 5 2 3 - 3 - qx 7 7 7 1 7 7 7
7 7 7 7 7 ,5 ,5 ,3 ,5 ,1 ,5 ,2 ,5 ,3 ,5 ,2 ,5 ,3 ,5 ,5 ,5 ,3 ,5 ,7 ,5 x 2 1 x x - 1 6 1 1 5 6 6 6 1
2 3 2 2 2 1. 6 2 5 1 1 1 1 1 1 1 1 2 2 2 2 2 ,3 ,6 ,6 ,6 ,3 ,5 ,3 ,6 ,4 ,6 ,6 ,6 ,2 ,6 ,6 ,6 ,4 ,6
,2 ,6 x 2 6 x 7 5 7 6 - 6 - 2 3 3 3 1 2 3 2 ,7 ,7 ,7 3 3 3 3 3 ,7 ,7 ,7 1 ,7 ,3 ,5 ,5 ,5 ,6 1
1 1 ,6 1 ,3 1 ,3 ,5 ,5 ,5 ,3 ,6 ,3 ,5 3 3 2 6 6 1 2 2 1 3 3 2 1. 6 2 5 6 6 6 6 ,7 ,7 2 2 2 ,7
2 2 ,7 1 1 1 1 ,5 ,5 ,2 ,6 ,4 ,6 ,2 ,6 ,3 ,5 ,2 ,6 ,4 ,6 ,2 ,5 ,6 ,6 ,6 ,6 x 6 6 6 3 6 3 3 3 1 2 3 4
5 6 6 6 6 5. 3 6 1 6 1 1 1 ,3 ,3 ,3 3 3 3 3 3 3 3 3 3 6 6 6 6 0 5 1 1 1 5 1 1 1 6 1
1 1 x - - - - - - - 4 1 6 - 6 3 3 3 3 2. 1 3 5 3 5 5 3. 5 3 3 3 1 1 1 2 2 2 ,7 ,7 ,7
,7 ,7 ,7 6 1 1 1 4 6 6 6 2 6 6 6 3 5 5 5 3 5 5 5 x 4 6 x 6 - 6 6 1 2 2 1 3 3 2 1. 6
2 5 6 6 6 6 3 3 2 2 ,7 2 2 ,7 1 1 1 1 6 1 3 1 4 6 2 6 3 5 2 6 4 6 2 5 6 6 6 6 5 1
6 6 6 6 3 3 3 0 ,6 1 6 ,3 ,3 6 ,6 ,3 0
%END
