%天鹅之旅.txt
% 出处 http://www.jianpu.cn/
title=天鹅之旅
tag=许巍
usertag=许巍
tagroute=
transcriber=jianpu2-auto
status=ocr
source=jianpucn-61026
%--
4/4
subtitle=score
0 0 0 0 0 0 0 0 0 0 0 0 0 0 0 0 0 0 0 0 0 0 0 0 0 0 0 0 0 0 0 0 0 5 ,5 5 ,5 ,5 5 0
,5 5 5 ,6 ,7 ,6 ,6 ,6 0 0 0 0 0 0 0 ,5 ,5 ,5 ,5 ,5 ,5 ,5 0 ,5 ,5 ,5 ,6 ,7 ,6 ,6 ,6 0 0 0 0 0 0 0 1 1
,1 ,7 ,1 2 0 1 1 ,1 ,7 1 2 3 1 ,7 ,6 ,6 ~ ,6 0 0 0 0 0 1 1 1 ,7 1 2 2 0 1 1 1 ,7 1 2 q2 q3 0
1 ,7 ,6' ,6 0 0 0 0 0 ,5 q,5 ,5 ,5 ,5 ,5 ,5 0 5 ,5 ,5 ,6 ,7 ,6 ,6 ,6 ,6 0 0 0 0 0 0 0 ,5 ,5 ,5 ,5 ,5 ,5 ,5
0 ,5 ,5 ,5 ,5 ,6 ,7 q7 q2 2 s1 q7 ,6 - 0 0 0 0 0 0 ,5 ,5 ,3 ,5 ,7 ,1 ,6 ,6 0 0 0 ,5 ,5 ,5 ,5 ,6 ,7 q7 2 2'
1 7 ,6' - 0 0 ,5 ,5 ,5 ,5 ,6 ,7 q7 2 1 1 ~ 1 - 0 0 0 0 0 0 0 0 0 0 0 0 0 0 0 0 0 0 0 0 0
0 0 0 0 0 0 0 0 0 0 0 0 0 0 0 x 0 ,5 ,5 ,5 ,5 ,6 ,7 ,7 ,6 ,6 ,6 0 0 0 ,5 ,5 ,5 ,5 ,6 ,7 q7 2 2 ,1
q7 ,6 0 ,5 ,5 ,5 ,5 ,6 ,7 q7 2 1 1 1 ,7 ,6 ,5 5 0 0
%END