%天黑黑钢琴.txt
% 出处 https://www.jianpujia.com/
title=天黑黑钢琴
tag=邓丽君,分类/钢琴谱
usertag=邓丽君,分类/钢琴谱
tagroute=
transcriber=jianpu2-auto
status=ocr
source=jianpujia-149626
todo=refine the filename
%--
4/4
subtitle=score
3 3 2 6 6 1 2 2 1 3 3 2 1. 6 2 5 6 6 6 6 ,7 ,7 2 2 2 ,7 2 2 ,7 1 1 1 1 ,5 ,5 ,2 ,6 ,4 ,6 ,2
,6 ,3 ,5 ,2 ,6 ,4 ,6 ,2 ,5 ,6 ,6 ,6 ,6 x 6 6 6 3 6 3 3 3 1 2 3 4 5 6 6 6 6 5. 3 6 1 6 1 1 1 ,3
,3 ,3 3 3 3 3 3 3 3 3 3 6 6 6 6 0 5 1 1 1 5 1 1 1 6 1 1 1 x - - - - - - - 4 1 6 -
6 3 3 3 3 2. 1 3 5 3 5 5 3. 5 3 3 3 1 1 1 2 2 2 ,7 ,7 ,7 ,7 ,7 ,7 6 1 1 1 4 6 6 6 2 6 6
6 3 5 5 5 3 5 5 5 x 4 6 x 6 - 6 6 1 2 2 1 3 3 2 1. 6 2 5 6 6 6 6 3 3 2 2 ,7 2 2 ,7
1 1 1 1 6 1 3 1 4 6 2 6 3 5 2 6 4 6 2 5 6 6 6 6 5 1 6 6 6 6 3 3 3 0 ,6 1 6 ,3 ,3 6
,6 ,3 0
%END
