%失忆蝴蝶钢琴_2.txt
% 出处 https://www.jianpujia.com/
title=失忆蝴蝶钢琴
tag=
usertag=
tagroute=
transcriber=jianpu2-auto
status=ocr
source=jianpujia-150740
%--
4/4
subtitle=score
1 - - 4 q3 qx - - 6 0 1 q1 x. qx'. 1 q1 0 0 0 0 6 7 3 7 3 3 - 0 6 2 3 2 3 3 - 0 0 0 0 0
0 0 0 0 0 ,6 ,7 3 2 3 3 - 0 6 7 3 7 3 3 - 5 6 2 3 2 3 3 - 0 0 0 0 ,6 2 3 2 3 3 - 0
,6 ,7 3 2 3 3 - 0 ,5 - - x 1 1 x 6 7 1 5 3 6 7 1 5 3 ,5 6 ,7 5 2 2 - - ,6 7 1 5 3 1 1
1 1 1 6 7 1 3 1 7 6 7 1 3 7 1 5 6 7 2 6 5 - - 6 7 1 3 1 7 x 0 0 - 0 0 0 0 0 0 0
0 x 1 6 x 6 7 1 5 3 5 6 7 5 2 2 - 6 7 1 5. 3 ,7 - 5 6 x 7 1 1 1 1 6 7 1 3 7 1 5 6
7 2 6 5 - - 4 1 5 6 1 5 2 5 6 7 x - - - - - - - - - x 2 1 x 1 3 1 3 1 ,7 5. 2 1 -
3 3 4 3 2 1 ,7. ,6 ,7 - - ,3 ,7 ,5 ,6 ,7 ,6 ,3 ,6 ,7 1 ,4 ,1 ,4 ,6 1 ,6 ,2 ,4 - 0 ,3 ,7 ,2 ,3 ,5 ,7 0 0 3
3 3 3 2 3 5 ,7 3 ,3 - 0 ,6 ,7 1 5 3 ,6 ,7 1 5 3 1 1 1 1 1 ,3 - - 3 ,7. ,3 0 ,2 - q6 7 1 3 1
7 q6 7 1 3 7 1 x 3 1 x 5 6 7 5 2 2 - - 6 7 1 5 3 6 7 1 5 3 5 6 7 5 2 qx 7 6 6 1 1
1 1 5 6 7 2 ,5 ,5 - - q6 7 1 3 1 7 q6 7 1 3 7 1 5 6 7 2 ,5 x 3 6 x 5. 2 1 2 - ,6 ,7 1 1.
3 ,7 - ,5 ,6 ,7 5. 2 ,6 - 1 2 1 1 1 1 5 4 1 5 6 4 1 5 2 1 7 5 3 7 1 7 5 3 6 3 1 7 5 3
x - - - - - - - - - - - 3. 1 6 5 1 5 1 6. 1 1. 5 5 4 5 3 ,7 - - ,7 - 0 4. 6 6 2 7 1 2
1 4 1 4 5 6 1 2 6 2 4 3 1 5 5 5 1 2 2 2 3 5 4 4 1 5 4 6 x 0 0 - - 0 0 0 - - - 0
0 x 4 6 x 3 5. 1 1 6 2 6 3. 5 5 6 - 5 3 4 5 6 6 - 0 6 4 4 6 4 1 3 7 3 5 3 7 6 3 1
5 3 1 4 1 4 5 6 1 4 1 6 4 1 x 0 - 0 0 0 0 0 - - - - - 0 x 5 1 2 5 6 1 7 5 - - 6.
6 6 3 6 2 6 5. 3. 5 5 2 ,1 ,3 5 2 5 6 7 1 5 7 7 5 5 2 4 1 5 4 6 4 4 6 4 1 3 7 3 5 3
7 x 0 0 - 0 0 0 0 - - - 0 0 0 x 1 1 3 1 1 1 1 1 6 - 5 3 4 5 6 6 1. 6 3 - - 3 - 0
q,4 q,5 ,6 ,5 ,3 ,5 ,3 ,1 ,6 ,4 ,1 ,1 ,4 ,1 ,6 ,2 ,7 ,5 ,7 ,2 ,5 ,1 ,3 ,5 ,5 4 ,5 1 1 - ,7 x 6 1 x 6 2 3 6 2
3 6 2 3 6 3 7 1 5 7 1 5 7 - 0 6 2 3 6 2 3 qx 3 6 - 2 3 6 7 1 7 1 5 2 5 7. 5 - 5 6
6 3 6 x - - 0 0 - 0 6 6 6 2 3 6 3 7 1 5 7 1 5 7 5 6 6 7 7 ,1. 1. ,3 3 ,1 1 ,2 2 7 7 5
5 6 6 6 7 1 5. 5 7 1 5 5 2 5 4 3 5 3 1 3 3 5 7 2 x - - - - - - - - - x 7 1 1 5 x.
x 2 6 - 4 3 5 6 4 5 7 2 1. 1 2 3 4 2 3 2. 2 3 4 5 3 4 4 2 2 ,1 1 qx 2 3 ,2 4 6 4 2 1
3 5 1 5 3 ,6 2 4 6 2 ,7 3 5 7 3 ,7 2 2 4 4 7 x 7 6 ,1 7 2 1 7 3 ,6 ,7 1 5 3 ,6 ,7 1 5 3
,5 ,6 ,7 5 2 ,7 - - x 3 5. ,7 ,5 ,3 - ,7 ,6 ,7 ,1 ,3 ,1 ,7 ,6 ,7 ,1 ,3 ,7 ,1 ,5 ,6 ,7 ,2 ,6 ,7 ,5 - ,5 1 1 2
5. 1 ,6 ,7 1 5 3 ,6 ,7 1 5 3 ,5 ,6 ,7 5 2 ,7 - ,6 ,7 1 1. 3 6 7 1 3 1 7 6 7 1 3 7 1 5 6 7 2
6 5 5 2 7 4 1 5 6 1 x - - - - - - - - - - - 2 x 1 5 5 6 ,7 - 5 6 ,5 5. 2 ,6 - 1 2 3
1 1 4 5 3 qx 6 5 2 5 6 7 3 7 5 6 7 6 3 6 7 4 4 1 4 6 1 2 4 4 6 6 1 x - - - - - -
- - - - - x 5 7 1 2 6. 3 6 5. ,7 - - 2 3 4 4. 6 6 4 2 4 3. 5 5 2 1 3 ,5 7 5 5 2 5 6 7
1 2' 3 3 4' 6 3 ,4 1 5 4 6 ,4 4 6 4 1 3 7 3 5 3 7 x 6 1 4 1 5 2 6 - 5 3 2 5 6 4 - 0
6 2 0 0 7 - - ,1 5 6 3 1 5 3 1 4 1 4 5 6 1 4 1 6 4 1 5 2 5 6 7 1 5 2 7 5 5 2 x -
- - - - - - - - - - - - - 1 0 1 6. 3 5. 1 4 4. 6 6 6 2 6 3. 5 5 3 - 5 3 2 5 6 x 4 x
x 1 4 1 5 4 6 4 4 6 4 1 3 7 3 5 3 7 6 5 3 5 3 1 4 1 4 1 6 1 - - - - - - - - - -
- - 1 0 6 6 3 1. 6 3 1 - - 3 1 1 1 2 2 3 3 - - 3 3 - 3 2 3' 1 x 5 ,7' ,5 ,7 ,2 ,5 ,1 3 5
,5 4 ,5 ,1 - ,2 6 7 1 3 1 7 5 7 1 3 1 7
%END
