%失恋_3.txt
% 出处 https://www.jianpujia.com/
title=失恋
tag=
usertag=
tagroute=
confidence=0.953
conf_p10=0.802
transcriber=jianpu2-auto
status=ocr
source=jianpujia-421459
%--
4/4
subtitle=score
x 4 4 5 5 3 5 4 4 3 7 3 3 3 3 3 2 2 2. 2 1 3 4 2 2 3 3 4 5 5 5 4 4 3 ,7 1 7 3 3 3
q,6 0 0 6 5 0 0 2 1 2 3 6 0 5 5 5 3 5 3 3 2 1 ,6 ,6 ,6 ,,3 2 2 3 2 2 ,2 6 3 5 0 3 3 ,2 ,1
2 3 3 3 0 3 3 6 0 5 3 ,2 1 q,2 3 6 3 5 5 3 5 3 3 2 1 1 q6 ,x s,6 3 2 2 1 q6 ,5 1 0 3 4 5
6 6 5 6 6 5 6 q1' 1 5 6 5 5 5 5 5 5 3 5 6 6 5 4 3 4 5 6 0 6 5 6 1'. 0 5 0 6 5 5 6 7
7 2' 6 3 5 0 0 3 3 2 1 2 ,,6 0 0 6 5 0 5 0 0 2 1 3 6 3 6 3 5 3 2 1 ,6 ,6 ,6 q,,,3 2 2 1 6
,5 1 0 3 4 5 5 5 5 5 4 4 0 1 5 5 5 5 5 5 5 5 5 5 5 5 5 5 5 3 0 3 2 2 3 3 4 5 5 3
5 4 3 1 7 1 7 6 6 0 2 2 3 2 1 6 5 1 4 4 1' 4 1 4 4 1 q4 4 1 4 0 5 5 1 5 1 0 5 1 5
q1 5 4 1 q4 1 4 1 4 4 1 4 1 4 1 4 0 2' 2' ,,2' 2' 0 0 2' 2' 2' 0 ,,2' 2' 3' 4 6 3 1 6 6 3 x x. 2
1 ,5 1 q6 q3 2 2 1 6 ,5 1 0 0 0
%END
