%失败者的飞翔.txt
% 出处 http://www.fysongs.cn/songku_show.asp?id=42891
title=失败者的飞翔
tag=
usertag=
tagroute=
transcriber=jianpu2-auto
status=ocr
source=fysongs-42891
%--
4/4
subtitle=score
0 0 0 0 0 0 0 0 0 0 0 0 0 0 0 0 5 3 2 2 2 2 0 5 3 2 2 2 0 6 3 2 1 1 1 1 1 6 6 0
0 6 6 7 7 1 1 1 0 1 1 7 7 7 6 6 6 6 5 5 0 0 0 0 0 0 0 5 3 2 2 2 2 q0 q5 3 2 2 2 2
0 6 3 2 1 1 1 1 1 6 6 0 0 6 7 7 1 1 1 1 0 1 1 1 1 1 1 7 7 1 1 - 0 0 0 0 0 0 5 3
2 2 2 2 0 5 3 2 2 2 2 3 3 3 3 2 1 1 1 1 1 6 6 0 0 q6 q7 7 1 1 1 1 q0 q1 1 7 7 7 6 6
6 5 5 0 0 0 0 0 0 0 5 3 2 2 2 2 2 2 5 3 2 2 2 2 3 0 6 3 2 1 1 1 1 1 6 6 0 0 6 6
7 7 1 1 1 0 1 1 1 1 1 1 7 q7 q1 1 - x 0 0 0 0 0 0 0 3 - - - 2 - 4 - - - 3 q0 q5 3 -
- - 2 4 - 3 - q0 q5. 0 0 0 6 6 7 7 1 1 1 1 7 1 1 1 1 7 7 1 1 - 0 0 0 0 0 6 6 7 7 1
1 1 1 1 1 1 7 1 7 1 1 - - -
%END
