%奈何_2.txt
% 出处 http://www.jianpu.cn/
title=奈何
tag=
usertag=
tagroute=
transcriber=jianpu2-auto
status=ocr
source=jianpucn-69915
%--
4/4
subtitle=score
q5 6 3 5. 3 q5 q6 q3 5 ,6. 3 2 3 ,2 q,3 5 6 5 3 2 1 1 5 ,6 6 3 ,3 5. 3 5 5 6 3 3 5 ,6. 3 2 2 3
q2 2 3 ,6 3 2 2 3 2 2 3 ,5 5. 0 6 3 5. 3 q,5 5 6 3 3 5 ,6 3 q,,2 2 3 2 2 q,3 0 ,6 3 q,2 2 q,3 ,5 ,6
1 1' 1' 6 1' 1' 6 7 6 7 7 5 3 1. 1 6 1' 1 6 7 6 7 7 5 3 0 6. 5 ,1 6. 5 ,x 6 5 ,6. 3 2 3 2 3
5 5 q5 0 5'. ,x 6 3 ,x 5. 3 5 5 3 3 5 ,6. 3 2 2 3 2 2 3 ,6. 3 2 2 3 2 2 3 ,5 5'. ,x 6 3 ,1 5. ,1
3 5 5 6 3 5 ,6. 3 2 2 3 2 2 3 ,6. 3 2 2 3 ,x ,5 ,6 q1 1 5' 1 6 0 3 5 3 5 3 5 ,6 q3 2 3 2 3
,6. 3 2 3 2 3 ,5 5 6 3 5 3 5 6 5 ,6 3 2 3 2 3 ,6 2 3 ,5 ,6 1 1 2 3 2 3 6 3 2 1 1 1' - 1'
1'
%END
