%她在睡梦中_歌曲类.txt
% 出处 http://www.jianpu.cn/
title=她在睡梦中 歌曲类
tag=朴树
usertag=朴树
tagroute=
transcriber=jianpu2-auto
status=ocr
source=jianpucn-64301
%--
4/4
subtitle=score
1 x x x x 0 0 0 5 1 1 2 2 ~ 2 2 ~ 2 3 3 3 2' 2' 1 1 1 2 3 3 ,3 3 3 2 x 0 x 0 0 0 1
1 2 2 2 5 5 3 3 3 2 2 1 1' 6 0 1 1 2 0 x 0 0 0 0 0 0 1 2 3 3 3 3 6 2 1 1 2 3 3 0
0 1 3 1 2 x 0 0 1 0 ,1 1 1 2 2 6 x 1 x 1. 1 1 2 x 0 0 1 1 2 0 - - 3 2 2 2 1' 0 1 0
0 6 5 1 1 2 2 1 2 3 2 ~ 2 1 ~ 1 2 ~ 2 1 ~ 1 3 2 1 2 1 3 0 6 2 6 3 6 2 6 3 3 3 5
2 2 1 1 6 ,6 0 1 0 3 2 2 1 3 1 3 1 1 2. 2 x 1 2 2 ~ 2 3 5 6 5 6 1 2 0 2 3 4 2 0 1
x 0 x 0 x 0 2 ~ 2 3 6 2 1 0 0 0 3 ~ 3 5 2 5 3 3 5 2 5 3 3 5 2 1 ,6 x
%END
