%好好钢琴.txt
% 出处 https://www.jianpujia.com/
title=好好钢琴
tag=五月天,分类/钢琴谱
usertag=五月天,分类/钢琴谱
tagroute=
transcriber=jianpu2-auto
status=ocr
source=jianpujia-150317
todo=refine the filename
artist=五月天
%--
4/4
subtitle=score
5 3 2 1 5 3 2 3 5 3 2 1 5 3 2 3 5 3 2 1 5 3 2 3 2 1 7 6 7 5 1 5 2 4 3 1 5 3 1 5
3 1 5 3 1 3 5 3 5 5 3 5 5 3 5 5 3 6 3 6 5 6 1 5 6 1 5 6 1 5 5 1 5 5 7 1 2 x - -
- - - - - - - - - - - - - - - - - - - - - - - - - 3 5 1 3 2 3 2. 1 2 3 3 1 5 5 0
4 6 1 4 3 2 4 4 1. 1 6 1 1 3 2 2 2 2 3 4 1 5 1 5 1 5 1 5 7 5 7 5 7 5 7 5 6 3 6 3
6 3 6 3 5 2 5 2 5 2 5 2 4 1 4 1 4 1 4 1 3 7 3 7 3 7 3 7 2 6 2 6 2 6 2 6 5 2 5 2
5 2 5 2 5 5 5 ~ 5 1' ~ 1 6 6 ~ 6 3. 4 3 6 ~ 6 6 6 6 7 1 1 1 1 6 1 1 2 2 3 4 6 1 3
3 2 3 7 3 7 3 7 3 7 6 3 6 3 6 3 6 3 4 1 4 1 4 1 4 1 1 5 1 5 1 5 1 5 6 3 6 3 6 3
6 3 4 1 4 1 4 1 4 1 2 6 2 6 2 6 2 6 5 2 5 2 5 2 5 2 3 5 1 3 2 3 2 1 2 3 3 1 5 0
4 6 1 1 4 3 2 4 4 1. 1 6 1 1 3 2 2 2 2 3 4 1 5 1 5 1 5 1 5 7 5 7 5 7 5 7 5 6 3 6
3 6 3 6 3 5 2 5 2 5 2 5 2 4 1 4 1 4 1 4 1 3 7 3 7 3 7 3 7 2 6 2 6 2 6 2 6 5 2 5
2 5 2 5 2 5 5 5 5 2 1 1 6 6 6 3. 4 3 4 6 6 6 6 6 7 1 1 6 6 7 1. 1 1 6 3 2 - 0 5 1
2 3 7 3 7 3 7 3 7 6 3 6 3 6 3 6 3 4 1 4 1 4 1 4 1 1 5 1 5 1 5 1 5 6 3 6 3 6 3 6
3 4 1 4 1 4 1 4 1 2 6 2 6 2 6 2 6 5 2 5 2 5 2 5 2 x 0 0 0 0 0 0 0 0 - - 0 0 - -
- - 0 0 0 0 0 0 0 0 - - 0 0 - - - -
%END
