%如今的你去了哪里.txt
% 出处 http://www.fysongs.cn/songku_show.asp?id=20017
title=如今的你去了哪里
tag=
usertag=
tagroute=
transcriber=jianpu2-auto
status=ocr
source=fysongs-20017
%--
2/4
subtitle=score
q1 - - qx - - 3 - - x' x x x x x 1. 1 5 6 1 - 1 6 1 6 1 - 1 6 1 - 1 6 1 - 1 5 7 5 3
6 6 5 6 5 3. 3 q6 1 2 3 2 - 2 1 2 3 5. 3 7 6 7 5 3 5 6' - - - 6' x x ,6 ,6 ,6 6 1 1 ,6 ,5
,6 - ,6 - 1 1 1 1 ,6 6 5 6 5 2 3 - 3 - 3 3 6 6 5 3 - 3 q6 1 2 3 2 - 2 2 2 2 3 ,5 5 5
2 ,7 ,6 - ,6 - ,6 ,6 ,5 ,6 1 2 2 3 ,5 6 7 ,6 - 1. 1 1 ,6 1 1 ,6 6 5 3 5 3 2 3 - 3 3 6 6 6 5
3 - 3 q6 1 2 3 2 - 2 2 2 3 5 - 5 5 5 3 5 6 - 6 - 6. 3 3 6. 1 7 7 6 5 6 7 6 - 1. 1 1
6 6 5 6 5 5 5 6 5 2 3 - 3 3 6 6 6 5 3 3 q6 1 2 3 2 - 2 2 2 2 3 5. 5 5 3 5 3 5 6 -
6 - 6. 6 6 3 3 7 6 7 5 5 3 5 6 - 1. 1 1 6 6 5 5 5 5 6 5 3 - 3 - 3 3 6 6 5 3 6 6 1
2 3 2 - 2 2 2 3 5 5 3 7 6 7 5 3 5 6 - 6 - 6. 3 6. 1 7 6 5 6 7 6 - 6 1 1 6 6. 5 7 6
5. 6 3 - 6 - 6 - 2 2 2 3 5 5 3 7 6 7 5 3 5 1 - 1 - 3 6 6 5 6 5 3. 3 q,6 1 2 3 2 - 2
1 2 3 5. 3 7 6 7 5 3 5 6 - 6 -
%END
