%如果我们不曾相遇钢琴.txt
% 出处 https://www.jianpujia.com/
title=如果我们不曾相遇钢琴
tag=五月天,分类/钢琴谱
usertag=五月天,分类/钢琴谱
tagroute=
transcriber=jianpu2-auto
status=ocr
source=jianpujia-380048
todo=refine the filename
artist=五月天
%--
4/4
subtitle=score
3. 3 3 3. 3 5. 5 5 5. 5 3 2 1 3 5 3. ,5. ,4 3 3 ,4 3. ,3. ,5 3 5 3 4. 1. 7 7 1 2. 5. 7 5 7 5 6 5.
,7. 2 2 7 3. 1. 1 7 1 1 3 6 5 2 5 ,7 3 1. 1 1 1. 2 1 1. 7 7 1 2. 7 7 6 5. 2 2 7 1. 1 7 6 3
2 5 1 - - - - - - - 0 - - 0 0 - 0 - - x 4 4 5 5 3 5 6 6 4 4 5 1 x 1 1 q1 1 0 1 1
1 0 1. q4 6 1 6 q5 7 2 7 q3 7 3 7 q6 1 3 1 q4 6 1 6 q5 7 2 7 ,6 1 - 6 1 6 3 7 1. 7 7 1 2.
7 7 6 5. 3 3 5 1 1 - 5. 1. 7 7 1 2. 5. 5 5 ,4 2 1 2 ,7 ,6 ,7 6 6 1 3 0 0 4 - 5 - 3 - 6 -
4 1 4 1 5 2 5 2 x - - - - - - 3. 3 3 3. 3 2 3 ,5. ,1'. ,4 ,1 ,4 1 ,3. ,1'. ,5 1 1 1 4. 1. 7 7 1 2.
5. 7 5 7 5 6 5. ,7. 2 2 7 3. 1. 1 7 1 1 3 6 2 5 5 ,7 1 1 1. 1 1 1. 2 1 1. 7 7 1 2. 7 7 6 5.
2 2 7 1. 1 7 6 3 2 5 1 - - - - - - - - - - - - - - - - qx 4 4 5 5 3 5 6 6 4 4 5 1
x 1 1 1 5 0 5 5 5 0 1. q4 6 1 6 q5 7 2 7 q3 7 3 7 q6 1 3 1 q4 6 1 6 q5 7 2 7 3 3 6 2 6
3 ,6 1 - - 1 7 6 5 3 7 6 5 ,6 1 - - - 1 2 ,6 1 q,6 ,6 ,1 ,3 ,6 - ,4 - ,5 - ,6 - - -
%END
