%如月.txt
% 出处 https://www.qupu123.com/
title=如月
tag=分类/通俗歌曲
usertag=分类/通俗歌曲
tagroute=
transcriber=jianpu2-auto
status=ocr
source=qupu123-311036
%--
4/4
subtitle=score
6. 0 7 5 3. 6 6 4 3 2 1 2 2. 6 2 2. 2 ,,1 2 3 3 5 3. 6. 6 7 5 3. 3 6 6 4 3 2 3. 1 2 2. 6 2
2. 2 ,,1 2 3 x 5 7. 7 0 7 6 5 6 - 6 - ,6 3 2 3 - 3 3 2 2 - ,6 2 ,1 2 2. 3 2 ,6 ,1 ,6 ,6 - 6
6 2 3 3 - 3 ,6 3 2 2. 1 2 3 3 ,7 ,7 0 ,5 6 - 6. 3 6. 6 7 5 3. 6 6 x 4 3 2 3. ,1 2. ,6 2. ~ 2
,1 2 3 3 x 5 6. 6 7 5 3 3 6 x 4. 3 2 3 ,6 q1 ,1 2 3 2 2 ,,1 2 3 ,7 0 7 6 6 0 - ,6 - ,1 q1 2
3 2 2 1 2 3 ,7 7 0 7 6 5 0 - 0 5 6 - 6 - 6 - 6 0
%END
