%如愿钢琴.txt
% 出处 https://www.jianpujia.com/
title=如愿钢琴
tag=分类/钢琴谱
usertag=分类/钢琴谱
tagroute=
transcriber=jianpu2-auto
status=ocr
source=jianpujia-249839
todo=refine the filename
%--
4/4
subtitle=score
q1 - - 4 qx - - 6 4 x. 0 0 0 1. 6 3 1 2 3 4 4. 2 1 2 2 7 3 - 0 1 3 2 1 2 2. 1 0 0 0 0
6 1 3 1 2 4 1 4 5 2 4 2 3 7 3 7 4 1 3 1 2 6 2 6 x - - 0 0 0 0 - - 0 - - 0 x 5 x
2 1 2 2 ,7 3 3 ,7 3 1 2 3 4 4. 5 3. 2 3 3 0 1 3 6 6 6 6 6 7 2 4 3 7 3 7 6 1 3 1 2 4
1 4 5 2 4 2 1 5 3 7 4 1 3 1 4 1 3 1 x - - - - - - - - - - - - - - - x x 6 5 6 6
7 7 7 3 6 7 1 3 3 1 7 3 5 5 6 1 1 6 5 3 3 4 5 6 7 7 1 1 1. 1 q7 7 4 7 3 7 5 7 6 3
6 3 3 7 3 7 4 1 4 1 3 1 3 1 2 6 2 6 q6 6 3 6 x 1 3 x 2 1 2 2 6 7 7 7 3 6 7 1 3 3
1 7 3 5 5 6 1 1 6 5 4 3 3 3 7 7 4 7 3 7 5 7 6 3 6 3 3 7 3 7 4 1 4 1 3 1 3 1 x -
- - - - - - - - - - - 4 5 6 7 7 1 1 1. 1 7 1 2 2 7 6 - 2 6 2 6 6 6 3 6 3 3 5 3 6
3 6 x 0 0 - - 0 0 0 1
%END
