%妇女自由歌.txt
% 出处 http://www.fysongs.cn/songku_show.asp?id=47716
title=妇女自由歌
tag=
usertag=
tagroute=
transcriber=jianpu2-auto
status=ocr
source=fysongs-47716
%--
4/4
subtitle=score
1 1 4 2 4 x x 7 q2 q3 2 x q4. q6 q5 q4 q3 q2 q3 q2 5 7. 3 2 1 7 6 5 6 1 ,5 x 3. 6 5 3 2. 3 5. 6
5 2 1. 7 6 3. 6 5 5 7 2 1 ,7 ,6 2. 3 2 ,6 ,5 - ,7 2 3 2 3. 6 5 3 5 2 3 2 ,5 ,7. 3 2 1 ,7 6 6
5 6 1 ,5 - x ,7 ,6 ,5 6 1 ,5 - 3. 6 5 3 5 2 3 5. 6 5 2 1 ,7 ,6 3. 6 5 ,7 2 1 ,7 ,6 2. 3 2 ,6 ,5
- 2. 3 2. 2 3. 6 5 3 5 2 3 2 ,5 7. 3 2 1 ,7 ,6 5 6 1 ,5 - ,7 ,6 ,5 6 1 ,5 - x 5 x 4 3 6 3 q2
5 2 3 5 1 ,7 ,6 5 ,7 2 3 2 1 ,7 ,6 ,5 ,6 2 1 ,5 - x 5 ,7 2 3 2 1 ,7 ,6 ,5 ,6 2 1 ,5 - x. 3 5 2
3 5 2 5 2 1 ,7 ,6 ,5 3. 5 2 3 5. 6 5 6 3 2 3 2 ,6 ,5 - 1 ,6 ,5 2 2 3 5 2 1 ,7 ,6 ,5 3. 5 2 3
5. 6 5 x 4 3 2 3 2 ,5 1. 2 ,7 ,6 ,5 - x 5. 5 2 1 ,7 ,6 ,5 x 3. 5 2 3 5. 6 5 x 4 3 2 3 2 ,5 1.
2 ,7 ,6 ,5 - x 3. 5 2 3 5. 6 5 x 4 3 2 3 2 ,5 1. 2 ,7 ,6 ,5 - x. 6 1' 5 6 1' 5 1'. 2 1' 7 2'. 7 6
5 0 1 7 6 2 3 5 6 5 3 2 1 ,5 2'. 2' 7 6 5 2 5 5 2 5 x 4 5 6 5 5 2 5 x 4 5 6 5 2. 3 5
3 5 6 5 2. 2 7 6 5 2 5 5 5 1 7 1 5 1 3 2 1 ,5 2. 2 7 6 5 2 5 5 q5 q1 q7 q1 q2 q1' q7 q6 1' -
1' 0
%END
