%孤独的心.txt
% 出处 https://www.qupu123.com/
title=孤独的心
tag=分类/通俗歌曲
usertag=分类/通俗歌曲
tagroute=
transcriber=jianpu2-auto
status=ocr
source=qupu123-311030
%--
4/4
subtitle=score
q1 qx 7 4 2 4 x' x' 1 x 1' 6 6 6 6. 3 0 6 5 5 5 6 6 6 6 1 5 0 ,1 5 5 3 3 2 2 2 2. 0 5 3
2 2 2 - 3 3 2 3 2 2 0 5 6 5 2 2 1 1 ~ 1 0 ,5 3 3 2 1 - 2 2 1. 2 3 0 ,5 2 2 2. ,1 2 2
5 6 3 - 3 - 2 2 1 2 3 2 2 2 ,1 0 - 5 5 ,6 0 ,1 ,1 ,6 ,1 ,1 3 2 2. 2. 2 ,1 1 - 1. 1 6 6 6 6
6. 3 6 6 5 5 5 - 6 6 6 5 0 5 3 0 2 3 1 5 5 3 3 - 2 2 2 2 2. 0 5 3 2 2 ~ 2 3 2 2 2
0 5 6 5 2 2 1 1 1. 1. 2 2 2 1 1 1 - 1 3 3 2 3 2 2 0 5 6 5 2 2 1 1 1 - 3 3 2 3 2 2
0 0 ,5 ,6 ,5 2 2. 2 1 1 - 1 - 1 1 - 1 0
%END
