%孤独的人是可耻的_2.txt
% 出处 http://www.fysongs.cn/songku_show.asp?id=42463
title=孤独的人是可耻的
tag=
usertag=
tagroute=
transcriber=jianpu2-auto
status=ocr
source=fysongs-42463
%--
4/4
subtitle=score
0 1 0 1 1 6 5 0 1 0 1 1 6 5 0 4 0 1 4 5 6 0 4 0 1 4 5 6 5 3 2 3 3 - 3 - 0 6 5 5
3 5 3 0 6 5 5 6 5 3 x 0 6 5 6 5 3 5 5 5 5 5 3 4 3 0 6 5 5. 6 5 3 5 3 2 1 ,6 ,6 0 0
0 ,5 0 5. 5 6 3. 0 0 0 0 0 0 ,5 ,6 5 3 3 3 0 0 0 0 3 2 3 2. 2 2 0 2 1 2 0 2 2 1 6 5 5
3 5 3 3 - 0 0 0 3 2 3 2. 2 2 2 3 2. 0 2 2 2 1 ,6 2 1 1 1 - 0 0 0 0 0 0 ,5 ,6 5 5 5 3
3. 0 0 0 3 2 3 2. 2 2 1 2 2 3 2 2 2 1 6 1 ,6 6 5 3 5 3. 0 0 0 3 2 3 2. 2 2 3 3 2 2 1
3 2. 2 1 ,6 2 1 q1 1 - 0 0 3 ,5 ,6 1 1 0 0 1 6 6 6 6 6 6. 6 5 3 6 0 0 3 6 1 6 1 6 6 1
6 1 6 6 1 1 6 5 3 2 1 ,6 ,6 - 0 0 3 ,5 ,6 1. 1 0 0 1 6 6 6 6 6 6. 6 5 1 6 0 0 3 6 1 5
1 1 q6 q1 q6 q5 5 q2 2 q1 q6 q5 6. 6 ,6 -
%END
