%安和桥.txt
% 出处 https://www.qupu123.com/
title=安和桥
tag=分类/记谱
usertag=分类/记谱
tagroute=
transcriber=jianpu2-auto
status=ocr
source=qupu123-252660
%--
4/4
subtitle=score
6. 1 1 6 6 6 1 6. 1 1 6 6 6 1 6. 1 1 6 6 6 1 6. 1 1 6 6 6 1 0 3 6 3 3 1 3 2 3 2 1 6
6 6 0 0 5 5 - - - - - - - - - - - - - 6 5 6 6 5 0 2 2 5 5 5 3 - 0 0 3 3 3 1 3 2.
3 3 2 1 q1 q6. ,6 0 0 q2 q2 3 q2 q1 2 1 0 2 q1 q1 q2 1. 1 0 0 q5 q5 1 0 1 1 2 6 0 6 6 3 7 7 6
6 5 6 6 5 6 5 1 1. 1 1 2 2' 2 3. 5 3. 3 0 0 5 5 1 1 6 6 2 2 6 6 6 3 7 7 6 5 5 6 0 6
5 q6 q5 q1 s6 s6 0 q2 s2 s1 1 - 0 0 q0 s3 s3 q3 s3 s3 q3 q2 q3 q2 1 6 6 6 0 0 5 6 6 5 6 6 6 5 0 5
5 6 3 3 0 0 3 3 3 3 3 3 2 3 2 1 1 6 1 6 6 0 0 1 1 - - - - - - - - - - -
%END