%客家凉帽.txt
% 出处 https://www.qupu123.com/
title=客家凉帽
tag=分类/通俗歌曲
usertag=分类/通俗歌曲
tagroute=
transcriber=jianpu2-auto
status=ocr
source=qupu123-305549
%--
4/4
subtitle=score
qx - 6 6 1. ,x 6 - 6' 1' 1' 6' 6 6' 3 2 5' 3' 3. 0 3. 5 6 1 2 1 2' 5 6 - 6 5 6 1 6 3 3 6 5 6
1 6 2 3 5 3 2 3 - 1 ,6' 2' 3' 5 5 6' 6 1 2 2 3. 5 2 3' 2 - 3' 3 3 6 5 6 q1 6 3 3 5 1 6 2
1 ,6 ,5 ,6 2 3 5 ,5 ,6 2 5' 2 3 1' ,6' - - 5 6 1 1 3 6 6 6 1 6 5 6 6 5 6 6 - - 3 6 5 5 6
1 6 1 ,6 2 5 3 3 - 1 2 2 2 2 3 5 6 6 5 6 6 - - 3 6 6 5 6 1 6 1 2 2 2'. 5 3' 6 5 6 1
6 - - 1 2 2 5. 2 1 ,6 - - 6 6 6 - 6 1 6 6 3 - 2 1 2 5 3 1 2 2 2. 7 1 6 - - - 6 - -
-
%END
