%容易受伤的女人钢琴.txt
% 出处 https://www.jianpujia.com/
title=容易受伤的女人钢琴
tag=分类/钢琴谱
usertag=分类/钢琴谱
tagroute=
transcriber=jianpu2-auto
status=ocr
source=jianpujia-250144
todo=refine the filename
%--
4/4
subtitle=score
1 - - q1 4 q1 - - 1 3 0 x. 0 0 0 5 6 1 1 1 2 3 - - 3 5 6 6 7 6 5 5 7 7 3 3 0 0 0 0
1 - 1 - 3 - 3 - 6 - 6 - 1 1 x x 5 3 - 3 2 - 2 1 6 5 5 6 - 1 7 - 6 5 7 7 6 6 3 3
7 7 3 - 3 - 2 - 2 - 6 - 6 - 3 - 3 - x 1 x 1 6 - 1 2 3 5 3 2 1 2 3 6 3 2 1 2 3 7
7 5 ,6 ,3 - ,3 ,6 - ,1 ,5 1 ,5 ,6 ,3 ,6 ,3 ,3 ,7 3 ,7 1 3 6 - 6 5 6 5 6 5 3 2 3 5 3 3 2 - 1 2
,6 ,3 ,6 ,3 ,4 ,1 ,4 ,1 ,1 ,5 1 ,5 ,6 ,3 ,6 ,3 3 - 1 2 3 5 3 2 1 2 3 6 3 2 1 2 3 7 7 5 ,3 ,7 3 ,7
,1 ,5 1 ,5 ,6 ,3 ,6 ,3 ,3 ,7 3 ,7
%END
