%寂寞沙洲冷.txt
% 出处 https://www.qupu123.com/
title=寂寞沙洲冷
tag=分类/通俗歌曲
usertag=分类/通俗歌曲
tagroute=
transcriber=jianpu2-auto
status=ocr
source=qupu123-382747
%--
4/4
subtitle=score
0 1 1 1 2 1 6 1 5 2 3 2 1 6 1 1 1 5 4 1 5 1 1 2 3 3 2 2 2 2 3 5 5 3 5 6 1 1 5 5
3 5 6 1 1 6 1 1 3 2 2 0 0 3 3 3 3 2 3 5 5 5 5 5 5 3 3 3 3 1 1 1 6 6 6 7 1 7 6 6
5 3 2 3 5 5 2 1 1 1 6 6 1. 1 5 4 6 1 1 3 2 0 3 6 5 5 3 3 2 3 5 6 5 3 5 0 3 1 1 1
1 6 5 3 3 0 1 1 1 1 6 2 1 5 5 5 5 3 6 5. 2 1 2 1 2 1 2 2 0 3 6 5 5 3 3 2 3 5 6 5
3 5 0 3 3 1' 1' 1' 1' 2 1' 6 3 5 0 3 3 1' 1' 1' 1' 2 1' 6 1' 6 5 3 5 3 2 3 5 3 2 1 6 1 1 4
1 1 1 2 6 5 0 0 1 1 1 2 2 1 2 3 5 3 2 1 6 1 1 0 3 6 1 7 6 5. 3 6 5 6 3 3 1. 6 1 2
1 7 6 5 5 6 1 1 3 2 1 2 3 3 3 6 7 1 1. 7 5 2 5 3 2 1 6 1 1 2 6 1 1 7 6 5 5 5 3 3
2 2. 3 3 5 5 5 3 3 2 3 5 3 2 1 6 1 1 0 3 3 1 1 1 1 2 1 6 1 6 5 3 5 3 2 3 5 3 2 1
6 1 1 1 6 5 3 2 3 6 5 5 5 6 1 1 6 1 3 2 1 3 3 1 6 5 3 2 3 6 5 5 5 6 1 1. 6 3. 2 3
2 1 6 6 6 7 1 2 5 3 3 6 6 6 1 1. 6 3 2 1 3 3 6 6 6 3 3 2 3 6 1' ~ 1 1 1
%END