%富士山下钢琴.txt
% 出处 https://www.jianpujia.com/
title=富士山下钢琴
tag=分类/钢琴谱
usertag=分类/钢琴谱
tagroute=
transcriber=jianpu2-auto
status=ocr
source=jianpujia-245438
todo=refine the filename
%--
4/4
subtitle=score
1 3 3 1 7 7 6 7. 6 ~ 6 5 6 5 5 6 5 5 5 6 5 6 6 6 6 5 6 1 1 5 3 3 3 3. 3 3 3 3 3 3
2 3 3 3 3 3 3 3 3 4 4 4 2 2 2 ,5 ,5 1 1 1 ,7 ,7 1. 1 1 1 1 1 1 ,6 ,7 ,7 ,7 ,7 7 ,7 ,7 ,7 1 1
1 ,7 ,7 ,7 1 1 7 7 6 3 3 3 4 1 5 2 1 5 1 5 q7' 5 q7' 5 q6 3 6 3 q6 3 6 q6 q3 q7 3 5 7 3 ,3 4'.
q4 1 4 4 q5 2 5 q5 5 5 3. 3 5 3 3 6 1 1 1 1 6 1 3 1. 1 2 3 1 2 1 1 1 2 1 2 3 2 1 1 1
6 6 6 4 4 4 1 ,5. 5 1 ,7 3 ,6 ,6 ,6 ,6 ,6 ,6 ,6 ,6 ,6 ,6 ,6 ,6 6 1 ,6 1 2 4 4 2 2 2 1 7 6 3 2 2
4 6 2 1 5 1 5 3 5 q7' q7 q6 3 6 3 1 3 ,6 q6 q2 q6 2 q6 2 q6 q2 2 4'. q4 2 4 2 q4 2 4 4 6. 2. 5 2
5 2 5 1 7 5 3 1 7 3 6 3 5 3 6 3 5 3 3 2 3 ,7 5 ,7 6 3 5 3 5 3 5 6 5 6 4 6 4 6 4 6
2 5 2 6 2 ,7. ,7 7 1 1 ,7 1 ,7 ,6 ,5 ,6 ,5 ,3 ,2 ,3 ,5 ,6 ,5 5 ,5 ,6 ,5 ,6 ,6 ,6 ,6 ,6 ,6 q,5 q,5' ,2 ,5 ,2 q,5 q,5'
,2 q,5 q,5' ,5 5' ,5 5' ,6 ,6 ,3 ,6 ,3 ,3 ,1 ,1 ,3 ,3 ,6 ,3 ,3 ,3 q,7 ,3 ,3 ,5 ,3 7 ,3 ,3 ,3 ,4' ,4 ,1 ,4 ,3 ,4' ,4 ,5 ,5 ,5
,3 ,5' ,5 5 1 ,3. 1. 3 1 1 7 2 3 7 3 6 6 1 2 6 6 1 6 1 6 1 6 2 3 6 6 2 3 2 1 1 - 1 - ,1
,1 ,5 ,1 ,1 ,5 ,3 ,5 ,7 ,7' ,3 ,3 q,6 q,6' ,3 ,6 ,3 ,3 ,1 ,3 q,6 q,6' ,3 q,4 ,2 ,4 ,6 ,1 ,4 ,6 1 6 2 - 5 0 1 6 1 6 5
5 6 5 3 2 3 2 1 6 1 2 1 - - - 3 0 0 6 3 ,6 1 - - - ,7 ,5 ,3 - - - ,1 ,1 2 3 5 1 3 5
%END
