%将军令（五月天）.txt
%将军令钢琴.txt
% 出处 https://www.jianpujia.com/
title=将军令
tag=五月天,分类/钢琴谱
usertag=五月天,分类/钢琴谱
tagroute=
transcriber=jianpu2-auto
status=ocr
source=jianpujia-150237
artist=五月天
%--
4/4
subtitle=score
0 6 2. 1 2 1 2 1 6 6 7 1 3 0 3 2. 1 2 1 2 3 6 0 5 2. 1 2 1 2 1 3 3 3 3 3 3 3 5 5 3
3 4 4 5 5 3 3 7 3 3 3 7 3 6 6 7 7 1 1 6 6 4 4 1 4 4 4 1 4 5 5 2 5 5 5 2 5 x - -
- - - - - - - - - - - - - - q4 x x. qx x. qx. 0 6 2. 1 2 1 6 6 6 7 7 5 5 3 3 2 2 3 3 3
3 2 2 3 3 2 2 3 3 2 2 3 3 3 3 3 3 3 3 2 2 2 2 1 2 2 2 2 1 1 1 1 x 1 1 7 ,7 0 3 3
5 5 3 3 3 3 3 3 3 3 3 3 3 3 3 3 3. 2. 2. 1. 1 7 3 3 7 3 3 3 7 3 7 3 7 3 7 3 7 3 3 3
3 3 3 3 3 4 3. 2' 2. 2. 1' 1. 1 q7 0 0 x 5 3 6 1 6 5 7 3 2 3. 5. 4 3 2 6 1 6 1 3 5 6. 1. 6
5 7 5 3 2. 3 5 - 0 3 5 qx 4 4 4 4 3 3 6 6 4 4 5 5 3 3 3 3 q4 4 1 4 q4 4 1 4 q3 3 7 3
q6 6 3 6 q4 4 1 4 q5 5 2 5 q3 3 7 3 q3 3 7 3 1 6 2 6 6 7 3 5. 1. 2 3 4 1 6. 2 3 5 1 6. 3
5 6 6 0 6 1 qx 4 4 5 5 3 3 6 6 4 4 5 5 6 6 6 6 6 6 6 6 6 1 1 4 4 1 4 5 5 2 5 3 3
7 3 6 6 3 6 4 4 1 4 5 5 2 5 6 6 6 6 6 6 6 6 6 x 0 - - 0 - 0 0 0 0 - 0 - 0 - - 0
- - x 6 1 x 6 6 5. 2 3 4 3 6. 1 7 6 7 1 7 1 2 7 2 3. 1 7 1 7 1 3 1' 6 1 - - - - - -
- - - - - - - - - - qx 4 4 5 5 3 3 6 6 4 4 5 5 2 2 3 3 1 1 1 1 q4 4 1 4 q5 5 2 5 q3
3 7 3 q6 6 3 6 q4 4 1 4 q5 5 2 5 q2 2 6 2 q3 3 7 3 x 6 5 x x x x 1 6. 5 6 7. 6 7 2. 1. 7
1. 7. 6 7. 6. 5 6 3 6 3 2 5 2 3 3 2 1 7 7 5 6 0 0 0 3 3 sx 4 4 5 5 3 3 6 6 4 4 5 5 6
6 6 2 2 3 3 4 4 5 5 1 1 1 1 1 q,4 ,4 ,1 ,4 q,5 ,5 ,2 ,5 q,3 ,3 ,7 ,3 q,6 ,6 ,3 ,6 q,4 ,4 ,1 ,4 ,2 ,5 q,6 6 q,6
2 ,2 3 ,3 4 ,4 5 5
%END
