%小丑钢琴.txt
% 出处 https://www.jianpujia.com/
title=小丑钢琴
tag=毛不易,分类/钢琴谱
usertag=毛不易,分类/钢琴谱
tagroute=
transcriber=jianpu2-auto
status=ocr
source=jianpujia-387907
todo=refine the filename
%--
4/4
subtitle=score
1 - - 1 4 qx - - 6 6 x. x. 0 0 0 0 5 6 3 2 2 2 1 6 6 0 5 6 3 2 2 2 1 5 5 0 3 2 3 1
1 1 0 0 0 0 4 - - - 3 - - - x x 2 1 6 6. 5 3 2 2 2 2 1 3 3 0 0 0 5 6 3 2 2 2 1 6
6 0 5 6 3 1 6 5 ,2 - ,2 - 1 5 1 5 2 ,5 4 1 4 - 1 4 2 2 2 1 5 5 0 3 2 3 2 1 6 6. 5 2
2 2 2 1 1 1 1 0 0 0 5 1 3 7 3 - 7 5 2 6 2 5 2 ,5 1 5 1 2 3 - x 1 0 x 2 1 2 2 1 2
3 5 5 6 5 3 2 2 1 2 3 2 1 6 5. 0 3 5 6 5 6 6 1 7 5 5 3 2 1 3 1 1 5 3 5 2 7 5 6 3
6 3 1 6 3 4 1 6 1 5 1 5 x 1 3 x 3 2 2 1 6 3 2 0 1 2 3 2 3 3 5 5 2 2 2 3 2 3 1 3
3 3 1 7 5 5 0 1 6 6 2 6 2 6 5 2 7 1 5 3 5 2 7 6 3 1 6 5 2 7 5 x 0 - 0 0 0 0 0 -
-
%END