%小城故事（邓丽君）.txt
%小城故事钢琴.txt
% 出处 https://www.jianpujia.com/
title=小城故事
tag=邓丽君,分类/钢琴谱
usertag=邓丽君,分类/钢琴谱
tagroute=
transcriber=jianpu2-auto
status=ocr
source=jianpujia-148668
artist=邓丽君
%--
4/4
subtitle=score
2. 3 5 6 1 6 6 1 6 5 5 5 2 3 2 1 - - - 2 6 2 6 1 5 1 5 6 3 6 3 1 3 6 3 5 2 5 2 7
2 5 3 1 5 1 2 3 5 1 2 x - - - - - - - - - - - - - - - - x 5 x 3. 5 6 5 6 1 6 5 5
- - 5. 6 3 2 3 5 2 - - - 1 5 1 5 3 5 1 5 1 5 1 5 2 5 3 5 6 3 6 3 1 3 6 3 5 2 5 2
6 2 7 2 x 1 - - - - - - - - - - - - - - - - 2. 3 5 6 1 6 6 1 6 5 5 5 2 3 2 1 - -
- 5 2 5 2 1 5 1 5 6 3 6 3 1 3 6 3 5 2 5 2 7 2 5 2 1 5 1 5 2 5 3 5 x - - - - - -
- - - - - - - - - - 1 x 1 3 x 1 - - - 1 6 1 2 3 - 2 3 6 1 6 5. 6 1 2 3 5 3 1 6 1
1 1 5 1 3 6 5 3 2 6 3 6 1 3 6 1 3 2 6 2 6 5 2 5 7 6 3 6 1 3 1 6 3 x 1 7 ,6 ,7 ,1 5
- 5 - 1 2 3 3 6 5 5 6 3 5 3 2 - 7 5 6 3 2 5 2 5 2 4 4 5 5 6 3 6 1 3 1 6 3 3 7 3
7 2 6 2 6 5 2 5 7 2 7 5 2 x 0 - 0 - 0 - - - 0 - - - 0 - - -
%END
