%小扁担_三尺三.txt
% 出处 http://www.jianpu.cn/
title=小扁担 三尺三
tag=宋祖英
usertag=宋祖英
tagroute=
transcriber=jianpu2-auto
status=ocr
source=jianpucn-439529
artist=宋祖英
%--
2/4
subtitle=score
q1 - - - - 1 1 3 2 1' d1 x x. x x x ,x. 1' ,,,x ,,x' 5 6 5 2 3 5 5 5 6 5 2 1 5 2 5 5. 6 5 6 5
1 5 2 4 5 - 5 - 6 5 6 6 5 6 1 7 6 5 5. 6 5 3 1 5 1 - 1. 2 1 2 1 2 1 5 7 1 - 1. 6 6
1 3 5 6 - 6. 6 5 3 5 2 - 2. 2 3 2 1 2 7' 1 7' 1 7' 1 7' 1 1. 6 5 3 2 1 5 1 1. 2 1 2 1 5
1 - - - - - - - - 1 2 1 1 0 7 6 6 0 1 5 5 0 3 2 3 2 3 1 1 6 1 - 1 - 2 3 2 3 2 1
6 1 2 3 1 5 1 0 3 5 6 6 1 7 6 3 5 6 1 5 3 5 6 1 5 3 2 3 5 5 5 5 3 2 3 1 2 3 2 1
5 5 1 - - - - - - - - - - - - - - - 1 -
%END
