%小白兔白又白.txt
%未命名-jianpujia-255717.txt
% 出处 https://www.jianpujia.com/
title=小白兔白又白
tag=分类/钢琴谱,分类/儿歌,儿歌
usertag=分类/钢琴谱,分类/儿歌,儿歌
tagroute=
transcriber=jianpu2-auto
status=ocr
source=jianpujia-255717
%--
4/4
subtitle=score
q1 - - q1 q1 - - 5 6 q1. q1 x. x. q1 5 5 5 6 1 5 3 3 3 5 6 3 2 2 2 3 6 5 3 2 1 - 1 5 1 3
5 1 5 3 1 5 1 3 5 1 5 3 1 5 1 3 5 1 5 3 1 5 1 3 6 5 3 1 x 0 0 - - - - 0 0 0 0 -
- 0 0 - - 5 6 1 3 2 1 3. 5 1 5 6 6 5 1 5 1 3 5 1 5 3 1 5 1 3 5 1 5 3 1 5 1 3 5 1
5 3 1 5 1 3 5 1 5 3 x 1 - - - - - - - - - - - - - - - - 6 5 6 1 5 6 5 6 3 2 3 5
3 2 3 2 1 1 5 1 3 5 1 5 3 1 5 1 3 5 1 5 3 1 5 1 3 5 1 5 3 1 5 1 3 6 5 3 1 5 5 5
5 6 5 3 3 3 3 3 1 2 2 2 2 3 2 6 3 1 5 1 3 5 1 5 3 1 5 1 3 5 1 5 3 1 5 1 3 5 1 5
3 ,6 5 6 3 2 1 3 5 5 5 5 1 5 6 6 6 6 6 3 2 2 2 5 3 2 3 1 - x 1 5 1 3 5 1 5 3 1 5
1 3 5 1 5 3 1 5 1 3 5 1 5 3 1 3 5 5 6 1 3 x 0 0 - - - - 0 0 0 0 - - 0 0 0 0 1
%END
