%小酒窝钢琴.txt
% 出处 https://www.jianpujia.com/
title=小酒窝钢琴
tag=林俊杰,分类/钢琴谱
usertag=林俊杰,分类/钢琴谱
tagroute=
transcriber=jianpu2-auto
status=ocr
source=jianpujia-383628
todo=refine the filename
%--
4/4
subtitle=score
x 2 1 x 3 1 1 5 5 5 3 2 3 2 7 5 5 6 7 1 6 6 3 3. 1 1 5 1 2 3 5 1 5 7 5 6 7 2 7 5
2 6 3 6 7 1 7 6 3 x - - - - - - - - - - - - 2 4 6 7 1 2 3 4 3 4 3 2 1. 7 1 7 2 5
- 4 5 6 7 1 2 7 2 1 7 6. 5 3 7 3 5 7 5 3 4 1 4 1 5 2 5 2 3 7 3 7 6 3 6 1 x 0 0 0
0 0 0 - 0 - - - x 2 7 x 5 4 4 1 1 3 3 1 2 - 0 5 1 2 3 1 1 5 5 5 3 4 1 4 5 6 1 4
5 5 4 6 1 7 5 2 7 1 5 1 2 3 5 1 5 x 0 0 0 - 0 0 0 - 0 - 0 0 x 3 0 x 2 3 2 7 5 5
6 7 1 6 6 3 3 3 1 7 1 7 2 5 - 7 5 6 7 2 7 5 2 6 3 6 7 1 7 6 3 3 7 3 5 7 5 3 x -
- - - - - - - - - - 3 3 6 7 1 2 3 4 3 4 3 2 1 2 1 2 1 7 4 5 6 7 1 2 7 2 1 7 6 -
6 4 6 6 5 4 4 1 4 1 5 2 5 2 3 7 3 7 6 3 6 1 4 1 4 1 5 2 5 7 3 6 5 3 1 - - - 2 1
2 6 1 7 7 1 ,1 1 2 3 2 3 2 3 2 ,1 ,5 1 2 ,1' ~ ,1' ~ ,1 ,5 ,6' 2 ,4 - ,7 ,5' ,4 - ,1 ,5 3 4 6 5
%END
