%尘大师钢琴_2.txt
% 出处 https://www.jianpujia.com/
title=尘大师钢琴
tag=
usertag=
tagroute=
transcriber=jianpu2-auto
status=ocr
source=jianpujia-384841
%--
4/4
subtitle=score
1 - - 4 qx - - 6 x. q1. 6 1 6 1 6 1 6 1 6 1 6 1 6 1 6 1 6 1 6 1 6 1 6 1 6 1 6 1 6 1
6 1 6 1 6 1 6 1 6 1 6 1 6 1 6 1 6 1 1 - - - - - - - - - - - - - - - - - - - - -
- - - 1 1 3. 3 3 3. 1 3. 3 3 3. 1 3. 3 3 3. 4 1. 1 1 1. 4 1. 1 1 1. 4 1. 1 1 1. 1 - - - - -
- - - 0 6 1 6 1 6 1 6 1 6 1 6 1 0 6 1 6 1 6 1 6 1 6 1 6 1 6 1 6 1 6 1 6 1 6 1 6
1 6 1 6 1 6 1 6 1 1 - - - - - - - - - - - - - - - - - - - - - - ,1 ,3. ,3 ,3 ,3 q,4 ,1. ,3
,3 ,3 ,3. ,3 ,3 ,3 4 1. 1 1 1 0 4 4. 1 1 1 4 4 4 1. 1 1 1 4 1 - - - 0 0 0 - - 0 0 0 - 7 5
7 5 7 5 7 5 7 5 7 5 7 5 7 5 7 5 7 5 7 5 7 5 7 5 7 5 7 5 7 5 6 1 6 1 6 1 6 1 6 1
6 1 6 1 6 1 1 0 0 0 0 0 0 0 0 0 0 0 0 0 0 - - 0 0 - - - - - - q,1 ,3. ,5 ,5 ,5 ,5. ,5 q,5 ,5
q,4 ,1. ,3 ,3 ,3 1 7. 3 3 3 7 1 1 3. 3 3 3 1 4 4. 1 1 1 4 1 - - - - - 0 0 - - 0 0 0 - x 1
0 x 6 1 6 1 6 1 6 1 6 1 6 1 6 1 6 1 7 5 7 5 7 5 7 5 7 5 7 5 7 5 7 5 7 5 7 5 7 5
7 5 7 5 7 5 7 5 7 5 1 - - - - - - - - - - - - - - - - - - - - - - - - 4 4 1. 1 1
1 4 1 7. 3 3 3 7 1 1 3. 3 3 3 1 x 1 3 x 5 6 6 6 6 5 6 3 3 0 5 6 6 6 6 5 6 3 3 0 3
5 5 5 5 3 5 2 2 0 0 - - - 0 - - - - - - - 0 0 - - - - - - - 0 0 - - - - q,4 ,1. ,3 ,3
,3 ,3. ,3 ,3 ,3 q,1 ,3. ,5 ,5 ,5 4 4. 1 1 1 4 4 4 1. 1 1 1 4 1 7. 3 3 3 7 1 1 0 - - - 0 - - - -
- - - 0 x 1 6 x 3 5 5 5 5 3 5 2 2 2 7. 5 6 6 6 6 5 6 3 3 0 5 6 6 6 6 5 6 3 3 0 0
- - 0 - - - - - - - 0 - - - - - - - - - - - - 0 - - - - 3. 1 1 3. 3 3 3 1 4 4. 1 1
1 4 4 4 1. 1 1 1 4 1 0 0 - - - 0 - - 0 0 - - - 0 x 1 x 6 7 7 7 5 5 - 6 7 7 7 5 5.
6 0 6 3 6 2 2 6 6 6 5 6 0 - - - 0 - - - 0 - - - - 0 - - 0 0 q,1 ,3. ,5 ,5 ,5 ,5. ,5 ,5 ,5 q,4
,1. ,3 ,3 ,3 1 7. 3 3 3 7 1 1 3. 3 3 3 1 4 4. 1 1 1 4 1 - - - - - 0 0 - - 0 0 0 - x 2 2
x 0 6 3 6 2 2 6 6 6 5 6 0 6 3 6 2 2 6 6 6 5 6 0 5 6 5 6 6 1 2 2 3 6 - - - - 0 -
0 - - 0 0 - - 0 - 0 - - 0 0 0 0 - - - - - - ,3. ,3 ,3 ,3 q,2 ,2. ,2 ,2 ,2 ,3. ,3 ,3 4 4 1. 1 1 1
4 2 1. 1 1 1 6 3 3 7. 7 7 3 3 3 1 0 0 - - - 0 - - 0 0 - - 0 - x 2 5 x 6 - 6 1 6 6
5 3 3 - 6 1 6 6 5 2 2 - 6 1 6 6 5 1 4 4 1 4 4 4 1 4 1 1 1 5 5 5 1 5 5 5 2 5 5 5
2 5 x 0 0 - 0 0 0 0 - 0 - 0 - x 2 x 1. 7 q7 1 1 2 3 3 5 6 6 - 6 1 6 6 5 3 3 0 3 6
1 1 6 5 5 3 2 q6 6 3 6 q6 6 q5 5 q4 4 1 4 4 4 1 4 q1 1 1 5 5 5 1 5 x 3 1 x 3 2. 7 7 7
5 5 0 6 1 3. 6 6 2 2 5. 6 6 3 5 6 6 2 1 - - - - - - - - - - - - - - - ,4 ,5 ,5 ,4 ,3 ,3
,3 3 3 7 3 3 3 7 3 4 4 4 4 5 5 5 5 4 4 1 4 1 4 1 4 x - - - - - - - - - - - - x 3
4 3 3 q3. 3 3 3 3 3 5 6 3 3 2 0 3 5 6 6 2 1 3 5 6 3 3 2 3 3 3 2 4 4 4 4 4 4 1 4 4
1 4 1 4 1 4 2 6 2 6 2 6 2 6 2 6 2 6 2 6 2 6 x 3 7 x 0 3 5 6 2 1 6 3 5 6 2 2 1 6
3 6 1 6 3 - - 0 6 5 5 5 5 5 5 5 6 1 1 1 1 1 1 1 5 7 2 7 2 7 2 7 5 7 2 7 2 7 2 5
6 3 6 3 6 3 6 3 x 0 0 0 0 0 0 0 - 0 - - - q4 0 ,6 ,6 ,6 ,6 ,6 ,6 ,6 ,6 3 5 6 q3. 3 6 2 1 6
3 6 3 6 3 6 3 6 3 6 3 6 3 6 3 6 5 4 3 2 1 7 6 5 4 3 2 1 7 6 0 3 5 6 3 2 1 1 - -
- - - - - - - - - 6 6 6 4 3 3 3 1 1 1 q6 6 3 6 3 6 6 q6 q4 4 1 4 1 4 1 4 3 5 6 3 3
2 3 5 6. 6 2 1 3 5 6 3 3 2 3 5 6 3 3 6 0 3 5 6 3 2 1 3 5 6 3 3 6 3 3 3 2 4 4 4 4
4 4 4 4 1 4 1 4 1 4 2 6 2 6 2 6 2 6 2 6 2 6 2 6 2 6 1 - - - - - - - - - - - - x
q4 5 3 5 6 2 1 2 2 6 0 3 5 6 2 1 6 3 5 6 2 2 1 6 3 6 1 3 - - - 5 5 5 5 5 5 6 1 1
1 5 7 2 7 2 7 2 7 5 7 2 7 2 7 2 5 6 3 6 3 6 3 6 3 x - - - - - - - - - - - - x q4
x 0 7 3 2 0 2 6 3 0 0 6 1 2 2 1 2 2 3 6 0 0 6 1 2 2 1 2 2 3 6 1 - - - - 1 - - -
- - - - - - - - - - - - - 5 7 7 2 2 1 1 1 1 1 5 2 5 2 5 2 5 2 2 2 2 2 2 2 2 x 5
1 x 0 0 6 1 2 2 1 2 2 3 2 0 1 0 2 0 3 0 2 0 1 0 2 0 3 0 6 6 - 6 1 6 6 5 3 2 3 3
3 3 4 4 4 4 4 1 1 1 1 2 2 2 2 0 3 0 3 0 3 0 3 0 3 3 3 3 3 3 4 4 4 1 4 1 4 1 4 1
1 - - - - - - - - - - - -
%END
