%就为打胜仗.txt
% 出处 https://www.qupu123.com/
title=就为打胜仗
tag=分类/合唱
usertag=分类/合唱
tagroute=
transcriber=jianpu2-auto
status=ocr
source=qupu123-325597
%--
4/4
subtitle=score
1 - - x. 1 1' x - - x x 3 5 1 2' 3 ,5 ,6 1 2 3 3 5 2 0 q3 2 3 5 6 5 2 3 5 6 6 5 0 3 2
1 ,6 ,5 ,5 ,5 5 ,5 6 ,6 1 1 1 ,6 ,5 ,5 0 q3 2 5 3 2 1 1 ,6 1 1 1 3 2 2 0 1 5 5 6 5 3 5 q5 6
6 5 3 3 2 0 q3 2 3 3 5 6 6 6 5 6 1 0 1 3 3 6 5 3 2 2 3 2 1 ,6 0 ,,5 ,5 ,5 ,6 ,6 ,5 5 5 5
3 2 1 0 1 1. ,1 1 1 1 6 3 5 5 6 5 - 6 6 6 6 6 5 3 2 2 3 2 - 5 5 5 5 5 3 5 6 1 6 -
1. ,1 1 1 1 6 3 5 5 6 5 - 1. 1. ,1 1 1 1 6 5 4 5 6 - 5 5 5 5 5 0 6 6 6 6 6 0 x 5 5 5
5 5 3 2 3 6 5 - 3 2 3 3 5 6 0 3 2 3 6 5 0 1 6 5 6 3 2 3 6 6 5 6 6 1 0 6 - - 5 5
0 6 0 6 5 3 2 3 5 2 2 ,5 ,6 1 0 3 - - 2 3 0 6 0 3 3 2 3 5 0 1. 1 - - - 1' - - - x -
- x - x 0 x x x x 0 1 5' - - - 5' - - - - - - 0 x 0
%END