%就这样钢琴_2.txt
% 出处 https://www.jianpujia.com/
title=就这样钢琴
tag=
usertag=
tagroute=
transcriber=jianpu2-auto
status=ocr
source=jianpujia-149960
%--
4/4
subtitle=score
1 - - 4 q1 - - 6 5 - 7 5 3 2 3 3 5 7 1 6 5 3 - - 7 5 3 2 3 3 5 7 1 1 0 0 - - 0 0
0 - - 0 - q6 3 ,6 6 ,3. 1 5 1 5 ,5 ,1 q6 3 ,6 6 ,3. x 4 x 6 5 3 - - 7 5 3 2 3 3 5 7 1 6 5
3 - - 1 0 0 0 - 0 - 0 1 5 1 5 5 1 6 3 6 6 3. 1 5 1 5 5 1 x - - - 0 - - x 7 x 7 5
3 2 3 3 5 7 1 6 5 3 - - 7 5 3 2 3 3 5 7 5 1 0 0 - - 0 0 0 - - 0 - 6 3 6 6 3. 1 5
1 5 5 1 1 5 1 - 5 x - - - - - x 1 0 x 5 0 0 0 5 4 3 6 6 6 1 2 1 1 0 0 0 0 0 - 0
- 1 ,1 ,5 ,1 - ,5 q,4 ,1 ,4 - ,1 q,4 ,1 ,4 - ,1 6 6 6 5 5 5 4 3 6 ,6 0 3 ,2 1 6 ,6 - 0 ,1 7 q,5 ,2 ,5
- - q,4 ,1 ,4 - ,1 q,2 q,6 ,2 - ,2 x 1 6 x 7 6 5 ,5 0 0 7 5 3 2 3 3 5 7 5 ,5 0 0 0 ,5 ,2. ,2 - ,1
,5 ,1 - ,5 ,1 ,5 ,1 - ,5 x 1 x 5 4 3 6 6 6 1 2 1 1 0 0 0 6 6 6 5 5 5 4 3 6 0 0 - - 0 0
- - 0 - q4 1 ,4 - ,1 q4 1 ,4 - ,1 q5 2 ,5 - - x 2 2 x 6 0 3 2 1 6 6 - 0 5 3 6 6 5. 5 5 3.
0 - - 0 - - 0 0 4 1 4 1 2 6 2 2 5 2 5 1 - - - x 2 5 x ,5 - 3 5 3 2 2 - 3 5 3 2 2
3. 3 5 3 2 5 5 5 5 5 - 1 5 1 5 5 - 7 5 7 5 5 - 2 - 3 5 3 6 6 5. 3 5 3 3 2 6 6 3 2
6. 6 5 - - - - - 0 0 0 - - - q6 3 6 3 ,3 - q5 2 5 2 ,2 - q4 1 4 1 ,1 - x 3 1 x 5 - 0 5.
3 3 2. 0 1 2 2 0 3 5 3 2 1 - - - - - - 3 7 3 7 7 - 2 6 2 6 6 - 5 2 5 2 2 - x - -
- - 0 - x 3 4 x 2 - ,3 ,5 ,3 2 2 3. ,3 ,5 ,3 2 2 - ,3 ,5 ,3 ,6 1 5 1 5 5 - 7 5 7 5 5 - 6 3
6 3 3 - x 0 0 0 0 0 - x 3 7 x 6 5. 3 5 3 3 2 6 6 3 2 6. 6 5 5 - 0 5. 3 1 - - - - -
- - - - - - 5 2 5 2 2 - 4 1 4 1 1 - 3 7 3 7 7 - x 0 0 0 0 0 - 3 ,2. ,2 - 0 0 0 4 3
2 2' 1 1 ,4' 3' 6 3 ,5' 2' 1 1 4' 3' 1 1 5' q2 q6 2 q6 ,6 - q5 2 5 2 ,2 - 2' 1 1 4' 3' 6 3 5' 2' 1 1
4' 3' 1 1 5' ,5. 4 ,4 ,1 6 5 1 6 5 4 3 2 1 - - 1 6. 5 5 5 5 5 5 - - 5 5 5 5 5 5 - 4 1 4
1 4 4 4 1 1 0 0 0 - - - ,5 - 3 5 3 2 2 - 3 5 3 2 2 3. 3 5 3 2 5 5 5 5 5 - 1 5 1 5
5 - 7 5 7 5 5 - 1 0 0 - - 0 - x q4 2 - 3 2 1 6 6 5. 3 5 3 3 2 6 6 3 2 6. 6 5 1 - -
- - - - 0 0 0 - - - q6 3 6 3 ,3 - q5 2 5 2 ,2 - q4 1 4 1 ,1 - ,5 - 0 ,5. 3 3 ,2. ,2 - 0 0 0
,4 ,3 ,2 ,1 - - - 1 q3 q7 3 q7 ,7 - q2 q6 2 q6 ,6 - q5 2 5 2 ,2 - ,1 - - -
%END
