%山不见我我自去看山.txt
% 出处 https://www.qupu123.com/
title=山不见我我自去看山
tag=分类/谱友上传
usertag=分类/谱友上传
tagroute=
transcriber=jianpu2-auto
status=ocr
source=qupu123-396313
%--
4/4
subtitle=score
1 - - - x. x 1' 1 x' x x 1 1 1 1 2 7 1 1 0 0 0 6 2 1 1 2 2 0 0 0 - - - - - - - - -
- - 6 6 6 3 5 5 2 3 0 0 3 2 1 1 2. 0 3 2 1 1 2 2 0 0 0 3 - - - - - x - - x - - -
- - x - x 6 1 7 7 5 6 2 1 0 6 3 2 2 1 6 6 6 0 0 0 1 1 1 1 2 0 2 1 2 0 0 0 1 6 1
2 2 1 6 6 0 0 0 6 6 6 3 5 5 2 3 3 0 0 3 2 1 2 0 6 3 2 1 2 3 3 0 0 0 6 6 6 6 6 1
0 1 5 6 3 0 0 0 1 6 1 3 2 3 3 1 6 6 0 0 0 6 6 3 5 7 5 2 3 3 0 0 3 2 1 2 6 6 6 1
3 1 2 2 0 0 0 3. 3 2 1 3 2 1 5 0 2 1 7. 1 1 7 6. 5 4 3. 7 2. 5. 3 3 1 6 6 1 2 4 3 2 1
6 0 3 3 2 1 3 2 6 5 6 6 0 0 0 6 1. 2 3 7. 5 5 5 3 3 0 0 0 0 0
%END
