%山村处处换新装.txt
% 出处 https://www.qupu123.com/
title=山村处处换新装
tag=分类/谱友上传
usertag=分类/谱友上传
tagroute=
transcriber=jianpu2-auto
status=ocr
source=qupu123-394878
%--
4/4
subtitle=score
q1 - - q1 4 - - 6 ,1 6. 6 3 6 6 3 2 2 3 6 - 2 1 2 3 5. 3 x 4 x 3 5 1 6 - 6. 6 3 6 3 2
2 3 6 - 7 1 1 - - 1 2 2 5 6. 1 6 5 3 5 1 5 3 2 - 3 3 5 6 6 5 6 5 6 3 2 1 - 2 2 3
5. 6 5 3 3 5 1 6 - 5 2 3 1 - 2 2 3 5. 6 5 3 3 5 2 1 - x 1 1 1 5 1 3 5 5 1 6. 5 6 5
2 5 3 - 3 5 3 2 3 5. 3 1 1 x - 1 1 x' q6 1 6 5 3 5 6 - 5 3 5 6 1. 6 2 3 1 6 5 - 5 5
1 6 5 3 6 5 6 3 2 2 1 1 6 6 5 1 6 5 2 5 x qx qx 1 6 5 3 - 2 2 3 1 6 5 3 5 2 1 - q3
2 q5 1 -
%END