%山里的孩子欢乐多.txt
% 出处 https://www.jp114.com/jianpu/1082739.html
title=山里的孩子欢乐多
tag=
usertag=
tagroute=
confidence=0.987
conf_p10=0.971
transcriber=jianpu2-auto
status=ocr
source=jp114-1082739
%--
4/4
subtitle=score
5 5 2 5 2 3 2 ,1 2 3 2 ,1 q,6 q,6 ,6 ,6 ,1 2 q,6. ,5 ,5 ,5 q,2 ,5 ,5 q,5 q,5 q,6 ,1 2 2 q5 2 2 q2 1 2 3 2 ,1
,6 q,6. ,6 q1 q2 q2 ,1 ,6 ,6 ,6 ,6 ,1 2 q,6. ,5 ,5 ,5 2. ,2 ,5 ,5 ,5 ,2 ,5 ,5 ,5 ,6 2 2 2 ,6 2 2 2 q5. 5 q2 2 3 2
3 2 ,1 ,6 q1. ,6 q,6 ,6 ,1 2 3 2 ,1 2 0 0 0 0 q2. 2 q,6 s,6 s1 ,6 s1 s,6 ,5 ,4 q,5. ,4 q,4 ,4 ,5 ,6 ,1 ,6 ,5 ,6 5. 5
q2 q2 2 3 3 2 2 5 2 2 ,1 ,1 ,6 ,6 ,6 ,6 ,1 q,6. ,5 ,5 q0 q,5 1. q2 q4 2 2 q4 q5 q2. 2 q,6 ,6 ,1 ,6 2 ,6 ,5 ,4 ,4
,4 ,4 ,5 q,4. ,2 ,2 q0 q,,2 ,5. ,6 q1 ,6 ,6 q1 q2 1 6 - 6 - q0 q5 q2. ,1 q,6 q,5 ,6 q1. 2 ,2 ,1 ,6 ,5 ,5 5 5 4 - 4 -
q0 q2 q,6. ,5 q,4 q,2 ,4 q,5. ,6 ,6 ,5 q,4 2 2 2 2
%END
