%岁月如歌钢琴.txt
% 出处 https://www.jianpujia.com/
title=岁月如歌钢琴
tag=
usertag=
tagroute=
transcriber=jianpu2-auto
status=ocr
source=jianpujia-150361
todo=refine the filename
%--
4/4
subtitle=score
3 2 2 2 1 5 5 3 4 5 5 5 3 7 7 1 3 5 5 5 7 1 0 3 2 1 7 5 1 1 1 1 2 0 6 0 6 1 1 1
1 1 7 2 1 7 1 0 - 0 - - - - - - - - - - - - - 0 - - 5 5 1 1 1 1 ,5 5 5 ,2 ,5 1 5 0
1 7 7 0 3 q,6 3 6 6 1 ,3 3 7 3 3 ,7 ,1 2 6 2 0 4 0 ,4 ,5 0 5 q5 q,5 3 2 ,5 1 ,5 1 5 5 5 5 5
3 2 1 3 5 1 6 3 1 1 3 1 1 3 1 6 6 6 6 6 3 4 7 7 2 3 5 3 5 1 1 6 1 6 3 2 2 1 1 6
x - - - - - - - - - - - - - - - - 1 5 1 1 3 3 4 1 4 6 1 6 5 2 7 5 0 5 1 1 0 1 7
6 6 6 1 3 6 3 7 3 3 7 1 x 0 0 - - - 0 0 0 0 - 0 0 0 0 - - - - - 3 5 1 1 1. 1 1 1
1 3 4 5 6 7 7 1 2 4 4 4. 4 4 4 4 5 1 3 4 5 6 7 7 1 2 1 1 1. 1 0 1 1 1 1 - - - - 0
0 - - - - - 6 5 5 5 6 6 2 6 2 4 4 5 q5 q5 q5 6' q6 6 2 4 4 6'. q6 6 6 6 6 6 6 6 6 6 6 6
6 1. 1 1 3 7 3. 5 5 5 1 3 1. 4 1 1 2 3 3 4 5 4 3 1 1. 5 0 3 0 3 5 1 3 1. 1 0 1 0 4 0
1 0 1 2 3 0 3 4 5 4 3 1 1 1 1 5 1 6 2 2 6 4 1 4 1 1 q,1 q,1 ,1 q,5 q,1 1 1 1 1 1 1 1 1 ,1
q,6 6 6 ,6 ,4 q,6 6 2 ,4 ,6 q,4 1 4 ,6 ,1 q,4 1 4 ,6 ,1 qx - - 7 6 5 q4 0 5 5 5 5 3' 5 5 4 2. 2 2 2
1 6. 6 5' 6 5. 5 1 1 1 1 2 1 1. 1 0 5 5 5 5 5 5 4 2. 2 2 2 1 6 0 6 5 ,5 ,5 ,5 1. 1 6 6 6
6 6 5 2 2 5 2 2 5 6'. q6 6 2 4 4 q6 q6 q6 q6 5'. q5 1 2'. q2 q5 1 q2 5'. q5 5 5 5 2 5 5 2 5 5 2 5
5 2 5 5 2 5 5
%END
