%岁月如笔写春秋.txt
% 出处 https://www.qupu123.com/
title=岁月如笔写春秋
tag=分类/谱友上传
usertag=分类/谱友上传
tagroute=
transcriber=jianpu2-auto
status=ocr
source=qupu123-396401
%--
4/4
subtitle=score
1 - - - - - ,x x 1 x' 1 x x' 5 6 1 5 3 - - 5 6 1 5 2. 1 2. 5 6 1 2 3 5. 2 1. 5 6. 3 2 -
5 6 5 3 2 3 2 6 1 2 3 2 3 2 6 7 6 5 1 1 1 6 5 6 1. 2 1 2 2 2 3 2 6 2 2 5 6 5 3 2
3 2 6 1 2 3 2 3 2 6 7 6 5 s1 s1 s1 s6 q,5 q,6 q1. s2 1 s2 s2 s2 s3 q2 s6 s1 1 - 0 0 s5 q3 s5 q3 q5 s6 q6
s1 q6 q5 6 6 1 6 5 3 2 3 3 2 3 2 3 2 3 2. 3 2 1 6 3 3 0 0 5 3 5 3 5 6 6 1 6 5 6 6 1
6 5 3 2 3 3 - 2 3 2 3 2 3 2. 3 2 6 1 1 - 0 0 5 3 5 3 5 6. 1 6 5 6 6 1 6 5 3 2 3 3
2 3 2 3 2 2 3 2. 3 2 1 6 1 1 0 0 1 0 0 1 0 0 5 3 5 3 5 6. 1 6 5 6 6 1 6 5 3 2 3 3
2 3 2 3 2 2 3 2. 3 2 1 6 1 x x' x' 1 x' 1 x' 1 1' x' x' x' 1 1' 1' x' 1' x' x' 1 1' 1 x' 1 x' 1' x'
1 - 0 5 6 1 5 3 - - 5 6 1 5 2. 1 2. 5 1 - - - 1 1'
%END