%岁月钢琴_2.txt
% 出处 https://www.jianpujia.com/
title=岁月钢琴
tag=
usertag=
tagroute=
transcriber=jianpu2-auto
status=ocr
source=jianpujia-245824
%--
4/4
subtitle=score
1 3 5 1 3 5 2 3 5 3 3 5 1 3 6 1 3 6 7 3 6 1 1 3 4 1 3 4 1 2 3 4 2 3 3 1 1 4 5 2
5 3 1 1 5 1. 1 2. 3 5. 6 3 1 1. 1 2 6. 6 - - 5 3 6 1 1 - 2 x - - - - - - - - - - 0 -
- - x 5 x 2 1 1 ,2 2 ,3 3 1 3 6 1 1 3 6 1 1 3 2 6 ,1 1 1 3 3 6 0 2 ,1 1 ,2 2 ,1 3 2 1
1 5 5 - 1 1 5 3 5 5 2 3 5 5 1 3 5 3 5 3 5 6 - - 6. 0 2 2 6 3 1 0 3 4 1 0 3 6 1 0
3 6 1 2 5 - - - x - - - - - - - - - - - - - - - - - - x x 2 1 2 1 2 2 1 7 3 1 1
- - - 3 2 3 4 4 4 3 2. 1 1 7. 7 7 2 5 7 7 1 5 1 5 2 5 ,3 6 3 1 3 7 1 3 2 6 1 6 4 6
4 5 1 2 1 5 5 - x 1 3 x x 2 2 1 2 1 2 2 1 2 7 3 1 1 - - - 3 2 3 2 3 3 4 4. 3 3 2.
2 7 5 - 1 1 1 5 1 5 2 5 3 6 3 1 3 7 1 3 2 6 1 6 4 6 4 5 1 2 5 5 - x 1 7 x 5 3 5
3 5 5 3 5 6 3 3 - - - 4 3 4 5 5 5 4. 3 2 1 1 7. 7 5 5 1 5 1 5 2 5 ,3 6 3 1 3 7 1 3
2 6 1 6 4 6 4 5 1 2 1 5 5 - x 2 1 x 6 3 5 3 5 5 3 5 6 3 3 - - 3 5 5 4 4 3 2 2 3
5 5 4 4 3 2 2. 5 x 1 5 1 5 2 5 3 6 3 1 3 7 1 3 2 6 1 6 4 6 4 5 1 2 5 5 5 2 5 x 0
0 0 - - - 0 0 0 - - - - ,2 2 ,2 2 ,2 2 ,1 1 3 5 3 5 1 7 7 - - 7 7 5 ,1 1 5 6 6 1 1 1.
1 1 3 3 3 2. 2 5. 2. 5 1 5 2 3 5 1 3 3 7 2 5 1 7 2 5 4 1 4 6 1 3 4 6 5 2 5 1 5 5 7
x - - - - - - - - - - - - - - ,2 2 ,2 2 ,2 2 ,1 1 3 5 3 5 ,5 1 7 7 7 7 - - 7 7 5 ,1 1
5 6 6 5 6 6 1 1 1. 6 6 5. 5 2 5 5 2 3 1 1 5 2 3 5 1 3 3 7 2 5 7 1 2 5 4 1 4 6 1 3
4 6 5 2 5 1 5 - x - - - - - - - - - - - - - x 3 3 x 3 5 2 3 3 5 2 3 3 5 2 3 3 1
3 2 2 1 3 2 2 3 1 2 2 1. 1 - 1 5 1 2 2 1 5 2 5 5 3 5 2 3 3 3 7 2 5 5 3 4 4 4 1 3
6 6 1 5 1 2 2 1 2 3 3 - x - - - - - - - - - - - - - - - - x 3 7 x q1 - - 2 1 2 1
2 2 1 7 3 1 1 - - - 3 2 3 4 4 4 3 2. 1 1 7. 7 7 2 5 7 7 1 1 x 1 1 5 1 5 2 5 ,3 6 3
1 3 7 1 3 2 6 1 6 4 6 4 5 1 2 1 5 5 - x 4 1 x 5 3 5 3 5 5 3 5 6 3 3 - - 3 5 5 4
4 3 2 2 3 5 5 4 4 3 2 2. 5 1 1 5 1 5 2 5 3 6 3 1 3 7 1 3 2 6 1 6 4 6 4 5 5 1 2 5
2 7 5 x - - - - - - - - - - - - - ,2 2 ,2 2 ,2 2 ,1 1 3 5 3 5 ,1 1 7 7 - - 7 7 5 ,1 1
5 6 6 1 1 1. 1 1 3 3 3 2. 2 5. 2. 5 1 1 5 2 3 5 1 3 3 7 2 5 1 7 2 5 4 1 4 6 1 3 4 6
5 2 5 1 5 5 7 x - - - - - - - - - - - - - - ,2 2 ,2 2 ,2 2 ,1 1 3 5 3 5 ,5 1 7 7 7 7
- - 7 7 5 ,1 1 5 6 6 5 6 6 1 1 1. 6 6 5. 5 2 5 5 2 3 1 5 2 3 5 1 3 3 7 2 5 7 1 2 5
4 1 4 6 1 3 4 6 5 2 5 1 5 - x - - - - - - - - - - - - - 5 3 x 3 5 2 3 3 5 2 3 3
5 2 3 3 1 3 2 2 1 3 2 2 3 1 2 2 1. 1 - x - - - - - - - - - - - - - - - x 5 7 x 1
1 1 3 5 2 1 3 5 3 1 1 2 3 1 1 2 3 1. 2 3 - 1 5 3 5 5 - 3 5 3 7 6 3 1 3 0 6 1 3 0
6 1 3 3 2 6 3 4 0 2 3 4 4 1 5 ,1 ,5 1 3 4 5 x 6 1 ,3' ,1 1 5 4 - 0 x 5 - - - 0 0 0 0
,5 ,5 - - -
%END
