%岁钢琴.txt
% 出处 https://www.jianpujia.com/
title=岁钢琴
tag=
usertag=
tagroute=
transcriber=jianpu2-auto
status=ocr
source=jianpujia-247320
todo=refine the filename
%--
4/4
subtitle=score
1 - - q1 4 qx - - 6 qx'. x 3 1 5 - 4 1 3 - 6 7 1 6 5 4 3 1 2 2 1 - 1 3 2 1 7 6 5 2 5
1 5 x 1 1 1 x 5 x 0 ,5 3 1 1 ,7 1 ,5 ,5 ,6 ,5 ,4 ,6 ,5. ,5 3 1 1 1 ,7 5 4 3 ,1 - 1 ,5 ,1 ,1 ,5 ,1
q,4 ,1 ,4 q,5 ,2 ,5 ,1 ,5 ,1 ,1 ,5 ,1 x x 3 6 1 3 2 1 2 3 5 2 5 2 1 1 7 ,6. 5 4 5 6 4 3 1 1 6 q4
1 ,4 q5 2 ,5 ,6 - ,5 - ,4 - - - 2 4 ,6 ,2 - x 1 3 x ,5 - - 0 ,5 3 1 1 ,6 ,6 ,5 ,5 ,6 ,5 ,4 ,6 ,5. ,5
3 1 1 ,7 1 5 4 3 5 2 5 - - 1 5 1 1 5 1 4 1 4 5 2 5 1 5 1 1 5 1 x - - - - - - - x
1 7 x 4 6 1 3 2 1 2 3 5 2 5 2 1 1 7 ,6 5 5 ,6 4 3 1 2 1 q4 1 ,4 q5 2 ,4 ,6 - ,5 - ,4 - -
- 2 4 ,6 q5 2 ,5 x 1 - - 3 2 1 3 6 5. ,7 ,6 ,6 1 4 3 3 2 1 3 1 7 5 3 5 ,1 ,5 ,1 ,1 ,5 ,1 q,6 ,3
,6 ,3 ,5 ,7 q,4 ,1 ,4 ,1 ,5 ,1 q,6 ,3 ,6 ,3 ,5 ,7
%END
