%希望的中国走向未来.txt
% 出处 http://www.jianpu.cn/
title=希望的中国走向未来
tag=张也
usertag=张也
tagroute=
transcriber=jianpu2-auto
status=ocr
source=jianpucn-61657
%--
2/4
subtitle=score
1 - - 3. x'. 1 1 ,,2 3 ,1 7 6 - 2 q3 1' q7 q1' - q6 5 6 q5 q3 q2 q3 q5 q6 1 - 1 - 5 3 q5 q6 q5 5 5 q1
6 q1 q1 q3 q1 6 5 6 5 - 3 5 6 6 ,1 6 5 3 3 2 q1 ,6 6 ,1 3 3 2 1 - 5 5 5 6 1 1 5 3 5 6 1
6 5 5 6 ,1 6 5 ,1 2 3 - 5 3 5 6 1 q1 6 q6 q6 5 5 3 3 2 2 q2 q2 q3 q3 2 2 ,1 2 2 3 5 - ,1 q1
q1 ,1 1 5 ,1 6 5 5 3 3 2 ,1 q,6 0 q,6 q1 3 2 5 3 2 2. ,1 6 ,1 6 1 - 0 5 3 5 6 1 ,1 ,1 6 3 1 1.
2 2 7 q2 q6 5 6 - 0 1 6 ,1 5 6 5. 3 5 3 5 6 ,1 2 2 - 3 3 6 5 q6 ,1 6 2 ,1 6 7 6 7 6 3. 0
5 6 q1 6 2 3 5 6 6 ,1 3 2 1 - 1 - 1' 1 - q0 5 6 1 2' 2' 3 2' 2' 1 1 - 1 0
%END