%带你去旅行.txt
% 出处 https://www.qupu123.com/
title=带你去旅行
tag=分类/通俗歌曲
usertag=分类/通俗歌曲
tagroute=
transcriber=jianpu2-auto
status=ocr
source=qupu123-381374
%--
4/4
subtitle=score
q1 - - - - 1 1 1 4 x x' x x 3 ,1' x' x' ,1' 1. 3 - 2 - 3 4 5 1 1 - 0 0 1 1 6 3 2 2 3 2 2
1 7 1 5 5 5 5 3 5 5 6 5 0 5 5 5 5 3 3 5 5 5 5 3 5 1 7 5 0 5 5 1 7 5 6 7 1 0 5 6
5 5 3 1 1 0 1 4 3 4 0 5 0 2 1 7 - - 6 5. 3 5 5 5 5 3 5 5 6 5 0 5 5 5 3 5 5 6 5 0
5 5 5 5 5 5 1 7 1 7 5 0 1 6 7 1 5 6 5 5 0 0 0 3 2 1. 4 4 5 2 3 2 2 0 1 1 2 3 2 3
2 3 2 3 1 2 0 3 3 2 1 0 1 1 1 1 2 7 - 0 1 1 5 6 7 1. 2 1 1 5 2' 3. 5 5 4 3 2 1 1 2
2 - 0 1 1 2 3 2 3 2 3 1 2 5 3 - 0 2 3 2 4 3 1 2 2 1 1 - - - 3 - - 2 1 2. 5 5 6 7
1. 1 1 7 6 5
%END