%年轻的朋友来相会.txt
% 出处 https://www.qupu123.com/
title=年轻的朋友来相会
tag=分类/美声
usertag=分类/美声
tagroute=
transcriber=jianpu2-auto
status=ocr
source=qupu123-304904
%--
3/4
subtitle=score
1 - - 3 4 - - 1 6 0 x 3 3 2 1 2 0 1 1 1 6 5 6 0 3 3 3 3 2. 3 2 1 0 0 6 4 3. 5 2 1
1 3 3 3 5 3. 2 3 2 3 7 qx 5 1 1 6 5 3 1 1 3 5 6 6 4 3. 5 2 3 3 3 0 2 3 0 0 1 0 6 5
3 0 0 2 7 6 3 5 6 2. 5 3 2 3 5 2 7 6 5 x' ,x x' x x x 1' 1 6 1 3 5 6 1 7 1' 5 5 3 2 3
5 7 7 7 2 6. 7 5 1 1 1 6 1 3. 5 1 2 3 3 3 2 1 2 0 1 1 1 6 5 6 0 3 3 3 3 2. 3 2 1 0
0 6 4 3. 5 2 1 1 - x 2 0 1 1' 3. 2 6
%END