%庐州月完美版钢琴.txt
% 出处 https://www.jianpujia.com/
title=庐州月完美版钢琴
tag=许嵩,分类/钢琴谱,许嵩 Vae
usertag=许嵩,分类/钢琴谱,许嵩 Vae
tagroute=
transcriber=jianpu2-auto
status=ocr
source=jianpujia-150660
todo=refine the filename
%--
4/4
subtitle=score
x 4 5 x 3 2 1 2 2 7 7 7 7 7 5 2 1 7 1 1 3 2 1 6 6 1 5 2 5 7 7 3 7 3 5 5 6 3 6 1
1 2 6 2 4 4 x - - - - - - - - x 4 1 x x x 3 2 3 3 2 1 6 6 6 3 2 1 2 2 6 5 - - 5
5 3 2 3 2 6 2 4 4 5 2 5 2 7 5 2 5 2 5 7 5 0 0 0 x - - - - - - - - 5 3 5 5 3 2 3
5 5 3 2 3 5 5 5 5 3 2 3 3 3 2 1 5 5 3 2 3 5 5 3 2 3 5 5 5 5 3 2 3 3 3 2 1 1 5 1
5 3 5 7 5 7 5 2 7 6 3 6 3 1 3 5 2 7 2 5 2 x 0 0 0 - 0 - 0 0 0 0 - 0 5 7 6 6 3 2
1 5 5 5 6 1 6 6 6 5 5 3 2 2 3 2 3 6 6 3 2 1 5 5 5 6 1 6 6 6 5 5 3 2 2 3 2 3 4 1
4 1 6 3 3 7 5 7 3 7 2 6 2 6 4 6 5 2 5 2 7 2 x 0 - 0 - 0 0 0 0 - 0 - 0 x 6 1 5 5
3 2 3 5 5 3 2 3 5 5 5 5 3 2 3 3 3 2 3 5 5 3 2 3 5 5 3 2 3 5 5 5 5 3 2 3 3 3 2 3
1 1 5 1 5 3 5 7 5 7 5 2 7 6 3 6 3 1 3 5 2 7 2 5 2 x 6 5 ,1 1 1' 1 ,1 1 6 6 5 5 ,5 5
,5 5 ,3 3 ,3 3 3' 3 ,3 3 ,2 2 ,1 1 6 6 ,1 1 ,2 2 6 6 6 6 ,1 1 1' 1 1' 1 1' 1 - - x x 1 x 5 4
1 4 1 6 1 3 7 5 7 3 7 4 1 4 5 2 5 1 5 1 5 3 1 ,3 - -
%END