%开心舞曲.txt
% 出处 https://www.qupu123.com/
title=开心舞曲
tag=分类/通俗歌曲
usertag=分类/通俗歌曲
tagroute=
transcriber=jianpu2-auto
status=ocr
source=qupu123-331996
%--
4/4
subtitle=score
,5 ,6 q,7 q,5 ,6 ,6 q,5 ,6 ,7 ,5 ,3 ,3 0 3 q3 2 1 ,7 q,5. q6 ,7 s1 q7 ,6 - ,5 ,6 ,7 ,5 ,6 ,6 ,5 ,6 ,7 ,5 ,3 ,3 0 3 3
2 1 7 5. 6 7 1 7 6 0 3 3 4 3 2 3 3 q4 3 2 q3 3 - 0 ,7 ,7 1 ,7 ,6 ,7 ,7 s1 d7 ,6 q,7 ,7 - 0 2 2
1 1 ,7 ,6 0 2 q2 1 1 ,7 q,6 0 q,6 q,7 q,5 0 q,3 0 ,6 0 0 0 ,5. q1 2 3 1 ,5 ,5 5 1 2 3 1 0 5 ~ 5 5 4
4 1 4 3 0 4 3 2 1 5 2 2 q,5. q1 2 3 1 q,5 5 ~ 5 4 3 2 1 - ,1 q4 4 4 3 4 4 4 4 q4 q3 2 1 1
1 - q2. q3 3 0 0 0 0 0 3 6 - 2 3 3 0 0 0 1. 6 6 0 0 0 0 0 5 2 - - - 1. 6' 6 6' -
%END