%当年情钢琴.txt
% 出处 https://www.jianpujia.com/
title=当年情钢琴
tag=
usertag=
tagroute=
transcriber=jianpu2-auto
status=ocr
source=jianpujia-386477
todo=refine the filename
%--
4/4
subtitle=score
3. 3 2 3. 3 2 3 5 5 6 5 5. 4. 4. 2 2 1 7 7 2 2' 3 4 5 1 7 1 5 1 5 3 5 1 5 7 5 7 5 2 5
7 5 6 4 6 6 4 2 6 4 2 6 7 4' 6 4 2 3 7 3 7 x 5 7 0 x 4 5. 5 3. 3 2 3. 3 2 3 6 6 6 6.
2. 2 1. 1 7 1. 1 7 1 3 3 7 3 3. 2 1 2. 2 3 2 1 6 1. 7. 7 0 5 5 4 1 - - - - - - - - - -
- - - - - - - 5 6 6 6 3 6 3 6 3 1 1 5 5 3 5 3 7 5 2 4 2 2 6 2 2 4' 5 2 4 2 0 0 1
- - - - - - - - - - - - - - - - x 5 3 x 3. 3 2 3. 3 2 3 5 5 6 5 5. 4. 4. 3 3 1 2 - 5
6 7 1 7 1 - - - - - - - - - - - - - - - - - 1 5 1 1 5 3 1 q7 5 5 3 7 5 2 0 q6 q6 q6
4 6 4 6 4. 4 7 2 7 6 3. 6 5' 3 x 5 7 3. 3 2 3. 3 2 3 6 6 6 6. ,5 1 5 3 5 1 5. 3. 1. 1 7 1.
1 7 1 3 3 7 3 3. 2 1 2. 2 3 2 1 6 1. 3 - 1 3 1. 1 - - - - - - - - - - - - - - - - 6
6 6 3 6 3 1 3 1 6 1 5 5 3 5 3 7 2 6 2 2 3 4 5. 2 6 2 5 1 5 1 1 5 3 1 3. x - - - -
- - - - - - - - - - - - - - - - - x 6 1 x x x x x 1. 3 4 4. 1 1 7 6 5 7 3 - 6. 1 2.
2 2 3 4 3 ,7 2 1 6 6 6 6 3 6 2 2 2 4 2 6 5 5 2 7 2 1 5 3 5 4 4 1 6 1 6 4 2 4 3 3
7 3 7 3 6 6 3 1 x 0 - - - - - 0 - - - 0 0 0 0 - 0 - - 0 - - - - - 0 - x 6 5 x 1.
3 4 4 4 2 1 1 7 1 7 3 6 6 5 6. 1 2 2 - 0 3 4 4. 3 3 ,5 6 5 2 6 6 6 6 3 1 2 2 2 4 2
6 3. 7 3 7 3 6 6 4 3 4 1 4 1 6 4 2 4 3 0 7 5 7 3 3 7 3 x - - - - - - - - - - - -
- - - - - - - - - - -
%END
