%当那一天来临.txt
% 出处 https://www.qupu123.com/
title=当那一天来临
tag=分类/通俗歌曲
usertag=分类/通俗歌曲
tagroute=
transcriber=jianpu2-auto
status=ocr
source=qupu123-381073
%--
4/4
subtitle=score
,3 6 3 3 3 6 7 3 3 3 7 1 7 6 5 4 3 2 1 ,7 1 ,6 0 ,5 - ,6 0 ,6 0 ,6 0 ,6 0 6. 6 6 6 3 3 3
2 3 ,6 2 2 2 6 2 2 5 5 5 6 3 ,6 ,6. 6 3 3 2 2 2 3 2 1 ,7. 7 ,7 ,6 ,5 ,3 ,7 ,7 ,7 1 ,7 x ,6 6 6.
q5 6 3 3 1. q2 3 3 2. q2 2 2 2 2 5 6 3 6 6. 5 6 3 7 7. 7 6. 3 3 2. 2 2 2 2 2 1 2 3 7 6 6.
3 1 7 1 7. 3 2 1 2 1. 7 6 5 1 2 3 6. 3 1 7 1 7. 3 2 2 1 2 3 4. 4 4 2 4 5 6 6 6 4 5 6
7 7 7 7 7 7 7 7 7 q7 q0 0 0 5 6 q3. q4 q3 q2 q1 q7 3 7 6 3 7 6 6 q3 q3 q3 q6 q0 0 -
%END