%征服钢琴.txt
% 出处 https://www.jianpujia.com/
title=征服钢琴
tag=
usertag=
tagroute=
transcriber=jianpu2-auto
status=ocr
source=jianpujia-249895
%--
4/4
subtitle=score
1 - - q1 4 q1 - - 6 2 qx 0 x. 1 0 5 5 1 1 2 2 1 2 3 5 5 3 5 5 6 6 - 0 3 3 4 3 2 2 1
1 6 6 6 1 1' 3 1 5 1 3 3 5 - 6 3 6 7 1 7 6 3 6 3 6 7 1 2 6 2 4 4 4 1 4 6 6 1 - -
- - - - - - - - - - 3 2. 2 - 0 5 5 1 1 2 2 3 3 5 5 5. 5 6 1 1 - 0 3 3 1 1 1 1 5 2
5 6 7 6 5 2 5 2 5 6 7 6 5 2 1 5 1 3 3 5 - 6 3 6 7 1 7 6 3 6 3 6 7 1 x - - - - -
- - - - - - - - - - - 7 4 3 3' 2 1. 6 3 5. 5 1 2 1 1 1 1 0 5 1 7 5 5 6 5 5 0 5 1 7
5 5 4 1 4 6 ,6 5 2 5 7 ,7 1 5 1 2 3 2 1 5 ,1 - 1 5 1 2 3 1 1 5 1 2 3 1 6 3 6 6 6 6
6 6 5 3 3 3 4 4 4 4 4 4 5 6 3. 4 2 2. 5 1 7 5 1 6 3 6 7 1 ,6 6 3 6 7 1 ,6 2 6 2 3 4
2 2 6 2 3 4 2 5 2 5 6 ,7 ,5 5 2 5 6 ,7 ,5 5 6 5 5 5. 5 1 7 5 6 3 6 6 6 6 6 6 5 3 3 3
4 4 4 4 4 4 3 1 1 5 1 2 3 1 1 5 1 2 3 1 6 3 6 7 1 6 6 3 6 7 1 6 2 6 2 3 4 2 5 2
5 6 7 5
%END
