%微信正能量.txt
% 出处 https://www.qupu123.com/
title=微信正能量
tag=分类/通俗歌曲
usertag=分类/通俗歌曲
tagroute=
transcriber=jianpu2-auto
status=ocr
source=qupu123-331961
%--
4/4
subtitle=score
3. 3 2. 3 ,1 ,1 2 6 5 - 1 1 1 ,1 6 5 5 5 3 2 - 0 0 3. 3 2. 3 3 3 3 2 1 - ,6 ,1 2 3 2 1 ,6
,5' 5 - 0 0 1 1 6 5 5 5 5 3 5 - 5 6 5 6 5 ,1 2 5 3 2 - 3 3 2 3. 2 2 2 3 2 1 - ,6 1 1
2 3 3 2 1 1 ,6 ,6 1 - 0 0 1 1 1 ,1 ,6 3 3 5 5 5 3 5 - 5 6 5 6 5 1 2 5 3 2 - 3 3 2 3
3 2 2 3 2 1 - 1 2 3 2 1 1 1 - 0 0 1 1 ,1 6 5 5 5 5 5 3 2 - 2 2. 2 3 3 ,1 6 2 3 6 2
- 1 1 5 5 5 5 3 2 - 2 2. 3 2. 3 3 2 1 6' 1 - x 3 3 3 2 3 ,1 2 1 6 5 - 6 6 6 6 5 6 5
1 2 5 3 2 - 3 3 3 2 1 2 2 ,1 ,1 2 6 - 6 6 5 6 3 2 6 1 - - -
%END