%微风细雨.txt
% 出处 https://www.jianpujia.com/
title=微风细雨
tag=
usertag=
tagroute=
transcriber=jianpu2-auto
status=ocr
source=jianpujia-154170
%--
4/4
subtitle=score
6 7 1 7 6 7 1 7 2 3 4 3 2 3 4 3 3 2 1 7 3 - - - 3 - - 2 3 - - 2 5 - - 4 3 - - -
2 - - 1 2 - - 3 4 3 - - 5 6 - - - 6 6 6 6 1 2 3 - - 3 3 2. 1 2 2 5 5 x. 3 3 - - 6
6 6 6 1 2 - - 5 6 7. 6 5 5 7 7 6 6 - - 6 6 6 6 1 2 3 - - 3 3 2. 1 2 2 5 5 x. 3 3 -
- 6 6 6. - - 6 1 2 5 6 - - 7. 6 5 5 7 7 6 6 3 2 3 2 3 5. 5. - - 3 2 4 3 - - - 2 - -
1 2 - - 5 6 7. 6 5 5 7 7 6 6 - - 6 6 6 6 1 2 3 - - 3 3 2. 1 2 2 5 5 3 3 6 6 6 6 6
1 2 7 6 5. 5 5 5 7 6 6 - 7 1 3 2 - 1 7 - 2 4 6 5 - 4 3 - 7 2 2 1 1 7 6 - 7 5 6 -
- - 1' ,,1
%END
