%心中的故乡.txt
% 出处 http://www.jianpu.cn/
title=心中的故乡
tag=蒋大为
usertag=蒋大为
tagroute=
transcriber=jianpu2-auto
status=ocr
source=jianpucn-283865
%--
4/4
subtitle=score
3 5 6 - 6. 7 7 6 5 6 7 6 - 6 3 5 6 6 7 1'. 3' 7 6 4 3 4 3 - 3 - 3 3 6 7. 6 5 6 7 6 6.
5 3. 2 1 2 1. ,6 ,5 ,6 2 ,1 ,6 ,6 - 0 ,6 1 3 ,6 x 1. 6 ,6 ,6 1 2 3 5 3. 5 2 2 3 2 1 ,6 ,5 ,6 6 ,6
,6 1 2 3 5 6. 1' 6 2 3 5 6 3 - 3 ~ 3 ~ 3 5 6 3 5 6. 5 3. 6 6 3 2 2. 3 2 1 ,1 2 3 2 3 5
2 0 3 2 q1 2 2 1 6 ,1 5 ,1 ,6 ~ ,6 6 6 6 5 6 ,1' 6. 5 6 6 5 2 5 6 3 1 - x 5 6 ,1' x. 5 x 6
6 6 5 6 6. 5 ,,,6 ,6 1 2 3 5 3 2 2 2 3 5 6 3 5 6. 5 3 3 6 6 5 3 2. 3 1 1 ,1 2 3 2 3 5 2
0 3 2 1 2 3 2 ,1 ,6 ,5 1 2 1 6 ,6 1 2 3 3 2 3 5 6 6 - 5 x. 1 - - 6 6 - 1' 1'. 2 3' 2 3' 2'.
2 ,1 1' 6 ,1' 6 5 5 - 1' 1'. 2' 3' 2' 3 2. 2 ,1' ,1' ~ 1' 6 ,1' 5 6 5 5 5 5 6 1' ,1' 6 5 6 1' 6 5 6 5
3 q2 3 2 2 3 5 1' 6. 6 5 5 6 5 3 2 2 1 - 1' 2' 2' 2' 3' - 2' 2' 2' 2' - 2' 2' 3'. 2 2'. 1' 6 5 6 5
- 5 5 5 6 1 1' ,1 6 5 6 ,1 6 5 6 5 3 2 3 2 2 3 5 6 6. 6 5 3' 3' 2' q,2' 1' 6. ,1' 2' ,2' 3' 2' 1' q6
,1' 5 6 3 6. 2' 3'. 2' 3' 2' 1' 5 6 2' 1' 6. 5 3 2. 3 ,1 ,5 1 ,6 ,6 ,6 ,1 2 1 ,6 ,5 x 1 6. ,1' 2' 2' 3' 2' 1'
6 5 6 3 - 6. ,1' 2' 3'. 2' 3' 2' 1' 6 5 ,1' 6 ~ 6 x x x.
%END
