%心中的星光大道.txt
% 出处 https://www.qupu123.com/
title=心中的星光大道
tag=分类/通俗歌曲
usertag=分类/通俗歌曲
tagroute=
transcriber=jianpu2-auto
status=ocr
source=qupu123-311086
%--
2/4
subtitle=score
q1 0 6 5 ,4' 1 ,1' 2 ~ 2' 1 3'. 3 1 3 2' 3 3' 0 5 7 ,1' 2. 2' 2' 2 2' 2' 1 2' 2 1 x 0 ,1' 7 5 6 3 6
,1' 6 ,1' 2' ~ 2' 2' 7. 5 2' 1'. 1' 0 7. 5 6 0 7 0 3 5 - 0 6 5. ,,1 4. 5 4 4 3 4 5 2 2 2. 0 1 7. 7.
5 6 6. 0 7 6. 6 5. 0 6 5. ,,1 4. 5 6 6 7 5 2 ,1 1 0 3 ,6 7 1 ,1 1 q7 7 5 6 6 - 0 6 7 1 2 2.
2 1. 6 7 5 5 0 5 5 2 2 2 ,,1 7. 7 0 6 0 5 5 6 ,1 2 2. ~ 2 1. 6 3 2 2 2 - 2 0 1 5 ,2 1. 7.
1 6 6 0 7 7 7 1 7 1 2. 2 1' x'. ,2' ,,1' 1' 1' - 1 1' 1' 1'
%END
