%心墙钢琴.txt
% 出处 https://www.jianpujia.com/
title=心墙钢琴
tag=林俊杰,分类/钢琴谱
usertag=林俊杰,分类/钢琴谱
tagroute=
transcriber=jianpu2-auto
status=ocr
source=jianpujia-429407
todo=refine the filename
%--
4/4
subtitle=score
0 1 1 1 1 2 3 3 3 1 1 1 1 2 3 3 3 - 0 3 4 3 2 1 0 3 3 3 3 3 3 3 3 3 3 2 5 2 2 2
6 2 4 4 5 2 4 5 5 1 5 1 3 3 1 3 5 1 5 1. 4 1 4 6 1 4 5 2 5 2 1 - - - - - - - - -
- - - - - - x 1 x 0 2 2 5 5 3 3 6 6 5 2 2 1. 2 1 2 2 1 2 2 3 4 4 5 2 3 2. 0 3 4 5
1 5 3 7 3 5 ,7 ,3 ,6 ,1 ,6 ,3 2 6 2 4 4 2 4 6 2 6 2 4 0 ,2 5 2 4 5 5 4 2 5 0 0 1 1 2 2
2 3 4 5 1 2 2 3 3 3 0 6 7 1 1 3. 3 2 5 2 2 2 4 1 4 6 1 6 4 1 5 2 4 5 7 5 4 2 3 7
3 5 5 3 5 7 6 3 6 1 3 1 6 3 4 1 4 6 6 1 6 3 5 2 5 7 2 7 5 2 2 3 3 3 0 3 4 5 1 2
2 3 2 2 2 7 1 2 7 6 5 5 5 2 2 1 1. 0 3 4 1 5 1 3 5 2 1 4 1 4 6 6 4 5 2 4 5 7 3 7
3 5 5 3 6 1 6 3 x 0 0 - 0 0 - 0 0 0 0 - - - 2 4 5. 1 1 7 5 5. 4 3 1 1 1 2 3 0 1 1
7 7 2. 1 1 0 0 4 5. 1 1 7 5 5. 3 4 2 6 2 4 6 4 5 2 5 2 1 5 1 3 3 2 x 3 - 4 1 6 4 1
4 1 4 5 6 5 3 5 x 3 1 5. 1 1 7 5 5 5. 1 1 7 5 5 3 4 3 2 1. 2 2 3 4 5 4 3 1 1 5 5 5
- 0 0 ,1. ,1 ,1 ,2. ,2 ,2. ,5 ,5 3 7 3 5 5 3. 3 - 4. 4 4 4. 4 4. 5 5 - 0 0 x - - 0 - 0 - 0 - -
- 1
%END