%忘了哭.txt
% 出处 http://www.jianpu.cn/
title=忘了哭
tag=张学友
usertag=张学友
tagroute=
transcriber=jianpu2-auto
status=ocr
source=jianpucn-88759
%--
2/4
subtitle=score
1 - - x x x 0 5 ,1 ,1 0 5 2 ,1' 6 ,5 0 0 0 0 5 1 ,1 0 5 2 2 5 3' 3 0 0 5 1 1' 1 0 5 2 2'
2 5 3 3 q2 1. 1 ,6 ,7 1 3 2 2 ,1 2'. ,5' 0 0 0 ,5 1 1 0 ,5 2 1' 1' q6 q5 0 0 0 0 5 1 1 0 1 5 2
2 2 5 0 3 ~ 3 3 0 5' 1 1 0 x 5' 2 2 ~ 2 5 3 x 3 2 ,1 0 6' 7 q1 3 q2 ~ 2 0 5 5 5 ~ 5 0
0 0 0 0 0 5 5 q5 5 ~ 5 3 3 2 5 ~ 5 0 3 2 2 ,x 2 2 1 1' 2 3' 5 5 0 3 3 3 3 3 2 2 2 0
q3 q3 3 3 3 2 2 5 6 3 3 q6 3 q3 q3 q2 1 2 6 3 3 3 2 1 2 5 3 2 ,1' 1 0 0 1' 6 7 1' 2' 0 q3' q5'
6' 7' 6' 5' 3' 2' 1' 5' 6' 5' 0 0 0 0 x 0 ,5 1 ,1 0 q5 q2 1' q6 q5 0 0 0 0 5 1 ,1 0 ,5 2 2 2 5 0 3
3 0 5 1 1 0 q5 2 2 2' 5' 3' 3' 2 ,1 0 6 7 1 3 2' 2' 6 5' 5' 0 5 3 2 3' 1 1
%END