%忘忧草.txt
% 出处 http://www.jianpu.cn/
title=忘忧草
tag=
usertag=
tagroute=
transcriber=jianpu2-auto
status=ocr
source=jianpucn-35200
%--
4/4
subtitle=score
1 x' x' x x q1 q5 q3 q2 2 - 1 5' 5' 3. 3' - 1 5 3 q2 q1. 5 q5' q3 1 5 q3 2 1 5 3 2 1 5 3 2 1 5 3
2 1. 2 3 2 1 3 5 x 6 5 0 6. 1' 1' 6 5 3 6 5 5 3 2 0 3. 5. 6 5 q3 2 2 2 ,1 1 0 ,6. ,1 2 3 2
,1 ,1 1 1 - ,1 2 3. 5 q6 q5 3 6 5 3 6 5 0 6. ,1 6 5 3 6 q5 q5 5' 0 0 3 5 6 5' 3 2 2 2 3 2 1
1 q6 q5 1 2 2 3 2 q1 q1 0 6 q1 q1 1 0 3 5 5 3 5 0 5 x 6 1. 1' 1' 6' 6 6 q1 2' 1 6 5 5 6 5 3
2' 2 3. 5 5 3 2 2 2 1 1 q6 q5 1 2 3 2 1 q,6 1 1 - 3 5 ,5 6 - 0 0 6 1' 1' 6 5 0 6 q1 x'. 2' 3'.
3' 2 2' 2 0 1 2 3 5 3 3 2 1 1 0 6 ,1 2 ,1 6 5 5. 6 5 3 2 2 1 2 3 1. ,1 6 6 - 0 0 5 6 0
1 x'. 2' x'. 2' 1' 1' q0 1' - 0 6 1 4 5 ,7 ,5 1' - - 0 q5'. 6 0 1 2. 2 2. 2 1 - - - 0 0 0 0
%END
