%忘记你我做不到钢琴.txt
% 出处 https://www.jianpujia.com/
title=忘记你我做不到钢琴
tag=分类/钢琴谱
usertag=分类/钢琴谱
tagroute=
transcriber=jianpu2-auto
status=ocr
source=jianpujia-149573
todo=refine the filename
%--
4/4
subtitle=score
x' 1' 0 3 3 3 4 3 0 ,6 1 1 2 1 - 0 1 2 2 3 1 2 3 2 2 1 2 ,7. ,6. 3 3 2 5. ,7 ,5 - 6 6 6 6
6 4 4 4 4 3 2 2 2 2 4 3 3 6 7 3 3 3 x - - - - - - 2 4 6 7 6 4 0 4 1 6 7 1 7 5 2
7 6 5 1 1 5 5 5 7 2 1 1 - 0 6 1 6 4 7 5 6 1 6. 1. 5 3 5 3 5 3 5 3 6 4 7 5 5 1 2 5
6 1 2 1 1 1 1 ,4 ,4 ,4 ,5 ,5 ,5 ,1 ,7 ,6 ,5 ,4 ,4 ,4 ,4 ,4 ,4 ,3 ,3 ,3 ,3 1 2 2 2 5 3 1 1 1 2 1 7 5
2 1 2 2 3. 3 2 1 1 1 1 1 6. 3. 1. 1. 1 1 6 4 1 6 6 6 3 5 6 4 1 6 6. 1 2 6 4 2 2 2 1 7
5 2 5 1 2 x 3 ,1 ,1 5 1 1 7. 2 5 5 ,6 6 6 ,5 5 5 ,4 4 4 ,4 4 ,3 3 ,2 6 4 ,5 ,5 5 q,5 q5 3 2 2
2 2 2 2 3 2. 3 1 1 1 2 1 5 1 2 2 3. 3 1 1 1 1 3. 1. 1 1 4 1 1 1 1 4 1 1. 1 4 2. 3. 1 qx
3 1 1 5 1 7 7 5 6 6 6 1 5 5 5 4 4 4 4 4 2 2 2 3 - x - - - - - - - - - - - 6 7 3
1 6 1 1 4 2 5 3 6. 4. 1 7 1. 6 7 1 2 1 7 1 1 7 6 1 7 5 0 5 5 2 2 7 7 5 6 - - 5 4 4
4 4 4 4 4 4 3 3 3 3 3 3 3 3 6. 1 7 1. 7 1 7 6 7 1 2 2 7 1 2 3 7 7 6 5 5 2 3. 2 1' 1.
3 1 - - - - - - - - - - - - - - - - 2 2 2 2 5 5 5 5 1 1 1 1 1 1 1 1
%END
