%忘记你我做不到_歌曲类.txt
% 出处 http://www.jianpu.cn/
title=忘记你我做不到 歌曲类
tag=张学友
usertag=张学友
tagroute=
transcriber=jianpu2-auto
status=ocr
source=jianpucn-114050
%--
4/4
subtitle=score
1 0 3 3 4 3 2 2 1 0 0 6 1 2 1 0 0 2 2 2 1 2 0 2 2 2 0 1 2 2 3 2 1 1 0 0 6 6 7 1
7 6 6 6 6 6 6 5 5 2 1 0 q0 q3 q4 q4. q0 q0 q1 q1 q0 0 q7 q7 q1 7 0 0 0 0 0 0 3 3 3 3 4 3 0 0
6 1 2 1 0 0 2 2 2 1 2 3 2 0 1 2 3. 3 3 2 1 0 0 0 6 7 1 7 1 7 0 5 0 6 6 5 2 3 3 0
0 4 4 4 4 6 7 1' 1' x 5 5 5 5 6 7' x 5 6 1' 2' 2 1 1 1 1 2 1 2 1 2 2 3 2 2 1 1 1 1 6
3 3 0 1 1 1 0 0 0 6 1 0 0 1 2 2 2 2 1 1 2 6 5 0 ,1 2 2 1 1 1 1 2 1 2 1 2 2 3 2 2
1 1 1 1 6 3 3 0 1 1
%END
