%恋上你的温柔.txt
% 出处 https://www.qupu123.com/
title=恋上你的温柔
tag=分类/通俗歌曲
usertag=分类/通俗歌曲
tagroute=
transcriber=jianpu2-auto
status=ocr
source=qupu123-334873
%--
4/4
subtitle=score
x 5 3 5 6 6 - 2 3 3 7 6 - 5 5 5 3 2 5 2 - - - 0 0 0 - - 1 1 - - - x 5 3 3 2 3 1
- 2 2 2 1 6 q,5 - 5 6 1 6 6 5 3 5 1 6 3 2 - 5 3 5 6 6 - 2 3 3 7 6 - 5 5 5 3 2 5 2
1 - - - - 0 - - - - 1 1 6 1 1 6 2 1. 6 1 1 3 6 5. 5 5 6 1 6 5 3 0 5 1 1 6 3 2. 6 1
1 6 2 1. 5 1 6 5 6 3. 5 6 1 6 6 5 3 0 2 2 3 2 5 6 2 1 - - - 0 0 - - - - 0 0 x 2 2
3 2 5 6 2 1 - - -
%END