%恋爱的味道.txt
% 出处 https://www.qupu123.com/
title=恋爱的味道
tag=分类/通俗歌曲
usertag=分类/通俗歌曲
tagroute=
transcriber=jianpu2-auto
status=ocr
source=qupu123-334973
%--
4/4
subtitle=score
q1 - - 1 1 0 ,x x' x x 3 3 2 1 - 2 2 ,6 ,5 - ,6 1 2 1 ,6 ,5 5. 6 5 3 2 - 2. 1 2 3 - 5 - 6
5 3 2 1 - 2 2 2 3 5 3 2 3 2 1 1 - - 3 3 2 1 - 2 2 2 ,6 ,5 - ,6 1 2 1 ,6 ,5 5. 6 5 3 2
- 2. 1 2 3 5. 3 6 5 3 2 1 - 2. 1 2 3 2. 3 2 3 ,5 ,6 - 1 - 0 0 0 0 1 1 6 5 3 5 6 1 6 7
6 5 - 6 6 5 6 6 1 6 5 5 3 2 - 3 3 2 3 3 5 6 5 3 2 1 - 2. 2 2 2 3 2 1 2 3 x 5 - -
- 1 1 6 5 3 5 6 1 6 7 6 5 - 6 6 5 6 6 1 6 5 5 3 2 - 3 3 2 3 3 5 6 5 3 2 1 - 2. 2
2 3 5 3 2 3 2 1 - - - 2. 2 2 3 2 1 1 6 5 - - - 2. 2 2 3 5 3 2 3 2 - x' - x x' 1 - -
- 2 2 2 3 5 3 2 3 - 1 - - - 1 0 0 0
%END