%恨幸福来过钢琴.txt
% 出处 https://www.jianpujia.com/
title=恨幸福来过钢琴
tag=林俊杰,分类/钢琴谱,林俊杰 金钟国
usertag=林俊杰,分类/钢琴谱,林俊杰 金钟国
tagroute=
transcriber=jianpu2-auto
status=ocr
source=jianpujia-382742
todo=refine the filename
artist=林俊杰 金钟国
%--
4/4
subtitle=score
x 2 1 2 2 1 4 4 5 5 2 2 2 3 3 5 5 5. ,5 ,5 ,3 ,5 ,6 1 ,6 1 ,6 1 ,6 1 ,5 ,1 ,5 ,1 5 ,1 5 1 2 ,6
1 ,6 1 ,7 2 2 ,7 ,3 - ,6 - ,2 - ,5 ,4 - ,1. 1 1 1 1 0 1 ,4 4 ,4 4 5 2 5 5 2 5 2 ,5 1 5 1 1 1
1 1 1 ,6 1 1 1 1 1 2. ,7. 4 2 1 1 1 5 2 5 2 ,7 ,7 ,3 1 ,6 ,6 ,6 ,4 ,5 ,5 0 5. ,7 ,6 ,5 ,7 ,7 3 - 6.
3 2 - 5 - 1. 1 1 1 1 ~ 1 1 1 4 4 4 4 x - - - - 0 0 - - 0 0 5 5. 2 2 ,7 ,5 2 ,7 ,5 ,5 ,3
1 ,5 ,3 1 1 ,6 1 1 1 5 ,5 1 - ,6 2 1 1. ,6. 1. 6 1 5 5 2 ,7 - 5 ,6 2 - ,3 - ,6 - ,2 - ,3 - ,4 -
- - ,5 - - - 3 3 6 4 1 - ,5 7 2 - 5 2 ,7 5 ,7 ,2 ,5 ,3 1 ,5 1 ,6 1 1 1 ,6 1 5. 2 ,7 ,5 ,7 ,5 2
,5 ,3 1 ,5 1 ,3 5 ,7 ,2 ,6 ,2 4 - - - 3. 3 6 - 2 - 3 - 6 - 5 5 5 5 x 0 0 - x 3 7 1 ,6 1 1
,6 1 5 ,7 2 5 2 ,7 5. ,5 ,7 ,7 ,5 ,5 1 ,5 1 ,5 ,1 - ,6 1 1 ,6 1 1 ,6 1 1 - ,5 1 5 2 1 5 7. 2. 1 1
0 ,6 1 ,6 1 - 0 0 1 2 3 1 6 6 0 3 6 3 6 2 2 5 1 1 0 1 1 ,1. ,4 - ,5 - 0 0 0 0 4 1 4 ,5
-
%END
