%恩施民歌：龙船来到这一弯.txt
% 出处 https://www.qupu123.com/
title=恩施民歌：龙船来到这一弯
tag=分类/民歌
usertag=分类/民歌
tagroute=
transcriber=jianpu2-auto
status=ocr
source=qupu123-318432
%--
2/4
subtitle=score
0 0 0 0 0 0 0 2 3 2 3 ,2 3 ,1 ,3 1 3 q6 ,1 ,2 ,1 ,6 ,1 ,2 6 ,1 6 1 2 ,2 6 ,1 x 1 ,6 ,1 6 ,6 2 1
,2 ,1 6 1 2 ,1 6 5. 6 1 ,1 2' 6' 1' q1 q6 1 6 5 - 0 0 0 0 0 0 0 ,5'. 3 ,5 3 q3 ,2 3 3 ,1 3 1 ,1 2
q6 6 ,1 ,2 ,6 ,1 6 6 ,1 6 ,6 ,1 6 q6 1 ,1 2 6 q1 q1 6 ~ 6 1'. 2' 0 - - - 6 ,1 6 5. 6 1 1 2' 6' ,1' ,1
,6 1 6 5 - 0 0 0 0 0 0 0 5. 3 2 3 3 5 3 ,1 - 0 ,1 3 6 1 6 6 1 6 1 6 1 6 6 ,1 3 q1 3 6
6 6 ,1 6 ,5 6 6 s6 ,1 6 1 ~ ,1 ,2 6 ,1 2 ,1 ,2 ,1 ,6 6 ,1 2 q6 ,1 2 1 1 1 - ,1 ,2 q6 1 ,6 ,1 q1 6 5.
6 1 1 2' q6 q1' q1 6 ,1 6 5 - 0 0 0 0 0 0
%END
