%悠远的天空.txt
% 出处 http://www.jianpu.cn/
title=悠远的天空
tag=许巍
usertag=许巍
tagroute=
transcriber=jianpu2-auto
status=ocr
source=jianpucn-89179
%--
4/4
subtitle=score
0 q2 q3 5 0 3 6 3 3 3 3 0 0 0 0 2 3 0 3 6' 3 2 2 ~ 2 0 0 0 0 2 3 5 0 3 3 3 0 0 2 3
5 0 3 6 3 2 - 2 - 0 0 0 0 0 0 0 0 0 0 0 0 5 6 2 2 q6 2 ~ 2 2 3 3 3 3 2 2 6 2 ~ 2
,6 q1 2 1 ,6' ,5 q5 q6 2 1 2 ~ 2 2 3 5. 5 6 3 3 2 q2 2. q,6 3 2 2 ,6 1 2 q1 ,5 5 0 0 0 0 0 0 0
0 0 0 0 0 0 0 0 0 0 0 0 0 0 0 0 0 q5 q6 q2 q3 1 2 1 3 ~ 3 0 ,5 6 2. 1 2. 2 1 1 ~ 1 - 0
,5 q6 2. 1 2. 1 3 ~ 3 0 5 6 2. q1 2. 2 6 6 ~ ,6 - 0 q2 3 5 0 3 3 3 3 ~ 3 - 0 2 q3 - q0 q3 6'
3 2 2 2 - 0 q2 q3 5 - 0 3 6 3 3 0 2 3 5' 0 3 3 - 2 3 6' 0 1 3 ,x 2 2 - q2 q3 6 3' 0 1 ,2
3 2 ~ 2 - 0 0 ,6 ,6 5 - - 3 3 - 2 - 0 0 0 0 0 2 3 - 1' 2 1' 6 6 - 3 3 2 - 2 - 3' ~ 3'
- - - 0 0 0 0 1' - - - 0 0 0 x 0 5 6. 2 - - 2 3 0 1 ,2 3 2' 2 - - q2 q3 6 - 0 q1 ,1 3 2'
~ 2 0 6 ,1 ,6 ,5 -
%END
