%情人钢琴.txt
% 出处 https://www.jianpujia.com/
title=情人钢琴
tag=Beyond,分类/钢琴谱
usertag=Beyond,分类/钢琴谱
tagroute=
transcriber=jianpu2-auto
status=ocr
source=jianpujia-234504
todo=refine the filename
%--
4/4
subtitle=score
7. 1 6 - 6 3 4 3 6 6. 6 1. 2 7 - 3 2 3 2 3 2 5 5. 5 6 4 2 1 2 1 ,5 1 1 1 3 7 3 6 6 3
6 1 2 2 4 6 1 3 1 5 2 5 7 2 5 5 1 - 0 1 5 1 1 - - - - - - 0 - - - - - x 5 3 7. 1
,4 5. 1. 6 4 7 3 7 5. 3. 5 3 6 3 - 2 6 3 4 3 6 6. 6 2. 1. 2 7 - 1 1 3 3 3 3 5 4 1 2 2 5
4 x 6 5 ,7 1 4 2 4 2 1 2 3 3 5 3 6 6 1 2 2 4 6 1 2 1 5 2 5 7 2 7 6 3 6 3 5 5 7 5
1 0 - - - 0 0 - 0 - - - 0 x 5 7 1 1 2 6 3 6 2 5 ,5 5 3 3 3 6 3 3 6 3 1 1 1 1 1 3
3 1 1 3 2 4 1 2 1 5 2 - - - 5 - - - x 5 5 4 4 1 3 6 3 6 1 3 6 1 6 1 4 1 5 4 5 4
5' 5 2 4 5 7 2 4 5 2 ,7 - 0 5 ,7 2 x 6 1 1' 1 ,4 5. 1. 5 3 2 3 2 3 2 5 5. 5 7. 1 6 - 6 2
3 4 3 6 6. 6 2. 1. 2 7 - x 6 5 4 2 1 1 2 1 1 5 1 3 5 5 1 3 3 7 3 6 6 3 6 1 2 2 4 6
1 3 1 5 2 5 7 2 5 5 1 - - - - - - - - - - - - - -
%END
