%情歌.txt
% 出处 http://www.jianpu.cn/
title=情歌
tag=刘德华
usertag=刘德华
tagroute=
transcriber=jianpu2-auto
status=ocr
source=jianpucn-51548
%--
4/4
subtitle=score
2. 2'. 7' 1' 2 7 1' 1' 7 3 5. ,5 4 q4 3 3 4 1 6. 5 4 5 1 5 5 7 7. 1 1' 2. 2' 2 ,6 2. 1 2 2 0 q1 2
3 2 1 2 3 3 q6' 0 3 5' 6 5 3 2 3 3 6 2. 1 2 2 0 1 2 3 2 q1 q,7 ,6 0 3 5 1 1. 6 5 3 q0 q1 ,,,6
3 2. 3 q1 q,6 0 5 6 1'. 6 5 3 3 1 2 0 2 3 5 6. 5 3 2 q0 q1 q,6 2 2. 1 ,6 ,5 q0 q6. q1 2 2. 1 3 2 0
1 3 2 3 3 0 3 5 6 1'. q6 5 3 q0 1 q,,,6 2 2. 1 ,6 ,5 q0 q,6 s1 2 2 0 1 2 3 3 q0 ,6 - 1 ,6 q,,6 q,,,5 0 s,,6
,,6 - - ,x 6 - 6 - 1' 7 3 5. 4 3 4 - 2. - 4 4 3 ,,,6 2. 2 1 2 0 3 4 3 - - 3 2. 3 q1 q,,6 0 3 5
6 1'. 6 5 3 0 5 7. 6 6. 5 6 1 0 0 0 0 0 3 5
%END
