%想着你_爱着你.txt
% 出处 https://www.qupu123.com/
title=想着你_爱着你
tag=分类/合唱
usertag=分类/合唱
tagroute=
transcriber=jianpu2-auto
status=ocr
source=qupu123-327220
todo=refine the filename
%--
2/4
subtitle=score
0 5 6 2' 3. 3 3 2 3 5 - 6 1 1 3 5 - 6. 5 6 6 1 1 3 5 6. 5 6 3 2 - 3 2 3 5 - 6 1 1 3
5 - 6. 5 6 6 1 1 3 5 6. 5 6 3 2 - 3. 3 3 2 3 5 - 6 1 1' 2' 6 - 6. 5 6 1 1 1 2 6 5 q6 3.
2 1' - 3 2 3 5 - 6 1 1 2 6 - 6. 5 6 1 1 1 2 6 5 q6 3. 2 1' - 3 5 5 5 6 5 6 5. 6 1. 6 1
6 6 5. q6 1 1. 6 3 5 5 6 5 3 5 5 3 2 - 3 5 5' ,,1' 6' ,,1 6' 5'. q6 1 5 6 - 6 1 1 1 1 1 1 5 6
5 5 q2 5 3 2 1 - 1 1 1' 1'. 1 1 2 3 2 3 5 6. 6 6 1 1 3 q3. 5 5 q6 q5 q1 1 1 q1. 1 1 q2 2 q,,2 q3
3 ,,3 2 2 6. 6 6 5 6 6 1 s2 q2 2 1 2 q,1. 1 1 1 1. 1 1 2 3 2 3 5 6. 6 6 q1 1 3 3. 5 5 6 5 1
x 2
%END