%愿与愁钢琴.txt
% 出处 https://www.jianpujia.com/
title=愿与愁钢琴
tag=林俊杰,分类/钢琴谱
usertag=林俊杰,分类/钢琴谱
tagroute=
transcriber=jianpu2-auto
status=ocr
source=jianpujia-385669
todo=refine the filename
artist=林俊杰
%--
4/4
subtitle=score
x 3 4 x 4 3 5 5 7 6 0 3 6 3 7 3 7 1 3 4 3 1 6 1 3 4 7 7 1 7 5 5 6 1. 0 2 3 6 7 1
2 1 - - - - - - - - - - - - - - - - - - - - - ,1 ,2 ,5 ,5 6 6 1 6. 4 5 6. 3 3 3 6. 3 3
3 x 0 0 0 0 - 0 0 0 x 3 7 x 3 4 3 1 6 1 3 4 7 7 1 2 3. 5. 6 3 2 1 7 6. 1 1 7 6 5 5
6 3 5 5 6 3 5 5 6 3 5 5 6 3 5 x - - - - - - - - - - - - - - - - - - - - - - 1 2
5 5 1 2 4 - 5 - 6. 3 3 3 6 - 4 - 5 - 1 0 - - x 4 0 x 5 4 3. 3. 1 1 7 6 5 5 6 3 5 5
6 3 5 5 6 3 5 5 6. 3 6 6 1 2 2 q5 1 1 7 6 5 ,3 ,1 ,2 6 - 0 5 2 2 1. 4 - 5 - 6 6 1 3 6
0 3 6 1 - - - - 0 0 - - - x 4 3 x 5 6 3 5 5 6 3 5 5 6 3 5 5 3 3 5 5 7 1 1 5 4 4
3 2 2 1. 0 6 3 2 2 1 7 7 5 6 x - - - - - - - - - - - - - - - - - - - - - - - ,1 ,2
,1 q,7 q,6 q,5 ,4 - ,5 - ,1 ,7 ,6 ,5 4 1 4 5 ,5 ,5 - x 4 6 x 6 3 6 3 2 2 1 7 7 1 7 7 6. 0 6 3 2
2 1 7 7 5 6 6. 6 3 1 2 7 6 1 7 6 5 1 - - - - - - - - - - - - - - - - - - - - 6 3
7 2 0 3 3 5 7 0 4 4 6 1 0 5 5 1 2 0 6 6 1 2 0 6 - 5 6 3 5 5 6 3 5 5 6 3 5 5 6 3
5 5 4 3. 3 1 7 6 5 5 6 3 5 5 6 3 5 5 6 3 5 5 6 3 ,1 ,2 ,3 ,1 ,2 ,4 - ,5 - ,6 - 0 5 2 2 1.
,4 - ,5 -
%END
