%愿意.txt
% 出处 http://www.jianpu.cn/
title=愿意
tag=刘德华
usertag=刘德华
tagroute=
transcriber=jianpu2-auto
status=ocr
source=jianpucn-70287
%--
4/4
subtitle=score
5 - - - 5 5 5 5 5 5 5 5 5 3 4 5 5' 2' 3' 2' 0 7 1' - 0 5 5 ,1 2 3 3 3. 5 3 2 ,1 6 2 2 2.
,1 2. 3 2 1 0 0 5 2 ,1 2 2 2 3 2 ,1 ,1 7 ,1 7 ,1 ,1 7 6 6 0 5 5 ,1 2 3 3 3. 5 3 2 ,1 3 2 3
4 2 2 0 5 5 3 2 3 3. 4 4 - 4 0 0 0 3 - 5 4 3 2. 2 2 0 3 2 1 0 5 5 6 1 ,1 1 2 1 0 2
3 4 3 4 4 3 ,1 1 7 6 5 3 - 5 4 3 3 5 5 1 1 ,1 1 6 6 2 3 4 4 5 3 3 2 2 3 4 4 5 3 3
2. 0 2 3 4' 5' 4' 4' 3' ,1 1' 7 6 5. 5 - - 0 0 6 ,7 1 7 ,1 1 ,1 2' 3 2. 6 5. 6 7 6 7 7' 0 6 7 q1'
,,7 ,1 1 5 ,1 2 3 2 - - 0 5 5 3 2 3 3 4 4 4 - 2 - - 0 5 - - 0 0 5 2 3 2 - 2. 2 1 - -
1 0 0 0
%END