%慢半拍钢琴.txt
% 出处 https://www.jianpujia.com/
title=慢半拍钢琴
tag=薛之谦,分类/钢琴谱
usertag=薛之谦,分类/钢琴谱
tagroute=
transcriber=jianpu2-auto
status=ocr
source=jianpujia-151387
todo=refine the filename
artist=薛之谦
%--
4/4
subtitle=score
7 - - - 2 - - - 0 0 1. 2 1. 2 6 3 2 1 2 1 5 - 0 0 2 6 2 6 4 - 0 0 6 3 6 3 x 1 1 1
2 6 6 1. 2 1. 2 6 3 2 1 2 2 3. 3 3. 2 2. 1 2 2. 3 2. 3 2. 1 1 1 3 6 3 4 1 4 1 6 1 4 1 2
6 4 6 x 1 1 1 2 2. 3 3. 2 2. 1 3. 3 3. 3 3. 2 1. 3 3. 3 3. 3 3. 3 3. 3 6 3 2 1 2 2 6 4 6 3
7 3 7 5 7 3 7 6 3 6 3 x 1 x 1 2 6 1. 2 1. 2 6 3 2 1 2 2 3. 3 3. 2 2. 1 2 2. 3 3. 2 2. 1
1 1 3 6 3 4 1 4 1 6 1 4 1 2 6 4 6 x x x x 2 2. 3 3. 2 2. 1 3 3 3 3 3 - - - ,6 1 3 5
2 6 4 6 3 7 3 7 5 7 3 7 6 3 6 3 x 1 1 1 x 1 1 - 0 0 4 1 4 1 6 - 0 0 2 6 2 6 x x
x 1 4 - - - 3 6 7 2 6 - - - 3 - - - 1 4 - 0 0 3 7 3 7 5 - 0 0 3 7 3 7 x 1 x - 1
1 1
%END
