%慢慢喜欢你_2.txt
% 出处 https://www.qupu123.com/
title=慢慢喜欢你
tag=
usertag=
tagroute=
transcriber=jianpu2-auto
status=ocr
source=qupu123-381277
%--
4/4
subtitle=score
0 5 1 2 3 3 3 3 4 3 4 6 5 - 3 2 3 4 4 4 6 7 1 2 3 3. 2 2 5 1 2 3 3 3 3 4 3 4 6 5
- 5 6 7 2 1 1 7 6 7 6 6 5 3 6 5 5 4 3 4 0 1 3 5 3 2 7 1 - - - - - - - - - - - -
- 1 0 5 1 2 3 3 3 3 4 3 4 6 5 3 2 3 4 4 4 6 7 1 2 3 3. 2 2 5 1 2 3 3 3 3 4 3 4 6
5 - 5 6 7 2 1 1 7 6 7 6 6 5 3 6 5 5 4 3 4 0 1 3 5 3 2 7 1 1 - 0 7 1 2 3 5 4 3 2
2 3 3 2 7 1 3 2 1 6 6 1 6. 5 6. 6 6 7 1 5 7 1 5 1 2 7 1 2 7 1 0 0 5 1 1 5 x 4 1 1
4 4 - 1 1 - - 0 5 1 2 3 3 3 3 4 3 4 6 5 - 3 - 5 4 3 4 2 - 3 2 3 3 - - - - - - -
- - - - -
%END
