%慢慢_钢琴_2.txt
% 出处 https://www.jianpujia.com/
title=慢慢_钢琴
tag=
usertag=
tagroute=
transcriber=jianpu2-auto
status=ocr
source=jianpujia-245680
%--
4/4
subtitle=score
7. 6 1 7. 6 1 7. 7 2 3 7. 7. 4 1 5 6. 4 1 5 6. 3 7 2 5. 3 - - x 0 - 0 5 x 1 1 2. ,7. 1 1 2
,7 1 7 - - 5. 7. 6 - - 5 - - 6 - - 5 3 5 5. 4 1 3 6. 3 7 2 5 6 7 x - - - - x x 3. 1. 3.
7. 1 1 1. 7. 7. 3. 6 0 0 0 6 3 6 3 6 5 3 5 - 4 1 3 4 5 6 4 1 3 6. x - - - - - - 3. ,7. 5
7 2 5. 1. 1. 1. 1. 6 1 4 ,7. 7 1 2 3 7 4 ,4. ,4. 2 2 4 2 6 4 ,4. 5 2 ,4 q,6 q6 q,7 q7 1. 1. 1 1 3 ,6 1
,4 ,6 ,6 1 1 ,6. 2. ,6. 2. 2. ,6. 2. ,6. 1 1 5 3 5. 4 1 4 1 4 4 2 2 4 6 2 2 6 4 1 1 4 1 1 4 x -
- - - - - - - - 2 1 ,5 1 ,5. 1. 5. ,7. ,5. ,7 ,5 ,7 ,5 1 1 1 1 6 1 6 1 7. 5. 3. 7. 3 7 5 3. 3. 3 0
3 1 2 6 6 3 3 3. 5. 7 7 x 0 - - - - - - - q,7. q,7 q,7 q,7 ,6. ,6 ,5. ,5 3 7 3 3 7 3 3. 3 0 3 3 6.
6 3 6 5. 5 3 5 x 0 - - - - - - 0 2 5 6. 4. 6. 4. 5 3 1. 5 5 ,6 2 2 4 2 4 2 3 1 1 7 6 1.
1. 2 3 5 5. 2 2 ,4 4 ,6 6 3 1 1 ,7 6 4. 4. 3. 3 7 6. ,4. ,4. ,3. ,3 q7 6'. ,6. q6 6 4 ,6. 6 3 6 2 6. 1. 7
3. 1. 1. 6. 4. 5 5 6 6 7 7 7 7 1 1 2 2 6. 3. 6 3 6 3 6 3 3 7 3 7. 5. 7 7 1 1 7 7 4 4 4 4
3. 6 5 5 4'. q,4 ,4 q,4 ,4 ,3. ,3 ,7 ,3 q,6 ,3 ,6 ,6 ,3 ,6 q,5 ,2 ,3 q,5 ,3 ,5 3 3 6. 5. 5. 4. 6 ,3. ,3. 1. 1. 1 1 7 7
1 1 3. 1. 2. 1. ,6. 2. 4 2 6 2 6. 1. 6 1 6 1 6. 1. 4 4. 3 4 1 4 4. 3 5 1 3 1 3 6 4 6 6 2 6 1
6 4 1 6 1 x 0 - - 0 0 - - 3 7 1 1. 5. 6 4 6 4 5. 2. 3. 7. 5 3 5 3 5 3 6 3 6 ,6 6 6 7 ,7
7 7 1 1 2 2 3 3 3 3 6 6 7 7 4 2 2 2 3 3 6 3 3 6 4 1 4 2'. 2 2 2 3 3 2 6 3 6 3 6 3
3 6 3 6 1 3 6 x - - - - - - - - 4 1 x 3. 1. 7. 3. 6 6 6 6 5 1. 6. 5. 7. 4 4 4 4 3 1. 5 5
,6. 3. 3. 5. 7 7 1 1 1 1 2 ,3 ,5 5. 2 2 6. 6 5. 5 4. 4. 3. 3 7 1 x 1 1 6. 6 3 6 5. 5 3 5 4. 4. 3.
3 7 x - 0 - 4 5 2. 4. 6 1 1 ,4. ,6. 3 3 1 1 1 1 7 ,7 6 6 1 1 1 1 6 4 6 4 5 5 6 6 7 7 7
7 1 1 2 2 6. 4 4 4 4 3. 6'. 6. 6 6 4 6. 6 3 6 4'. 4 4 4 4 3. 3 7 3 x 0 - - - - 4 7 3. 6. 5.
5. 4. 6 6. 6 6 6 7 7. 7 1 7 4. 4 7 1 3. 2. 2. 4 2 3. 3 3 3 3 3 5. ,7 1 ,7 1. 1 ,7 1 1. 1. ,6. 2 ,6
6 5 5 4 4. 3 6 3 6 6 3 6 5 2 3 5 3 5 4 1 4 4. 3 5 1 3 1 3 6 4 6 6 2 6 5 q4 ,3. ,3. 1 1.
3 7 6. 1. 6 1 6 1 6. 1. 6 4 6 4 5. 2. 5 3 - - 3 1 7 ,3. 0 7 1 3 7 1 2 1 7 3 4 2 2 2 3 1
q6 q4 1 q6 1 q4 1 4 2'. q2 q2 q2 ,3 - - q6 3 6 7 1 3 ,3 - -
%END
