%我亲我爱的共和国.txt
% 出处 https://www.qupu123.com/
title=我亲我爱的共和国
tag=
usertag=
tagroute=
transcriber=jianpu2-auto
status=ocr
source=qupu123-311077
%--
2/4
subtitle=score
q1 q1 5 5 q1. 4 ,1 4 1' 1 1' 7. 1' 7 5 3 1 ,1 4 4 6 6 6 5. 6 5 3 ,1 3 1 x 3 3 4 x 4 4 4 3 5
5 5 6 5 5 2 4 3 2 ,1 1 1 0 3. 4 5 4 5 3 ~ 3 0 2 3 ,1 ,x - ,5. 0 ,6. 7 ,1 7 6 ,5 ,1 q0 q1 2 q1
2 - 2. 0 3. 4 5 6 6 6 1. ,7. ,1 2 3 3 2 0 ,7. q,7 ,6 4 4 3 0 2 ,1 5 5 3 4 5 6 5. ,1 1 3 2 ,6. ,6
,7 7 7 ,6 5 5 4 3 0 2 ,1 1 1 3 5 ,1 1 1 7. ,,1 1 ~ 1 3 0 6 ,1 4 6 6 6 5. 6 5 3 ,1 3 4 4 5
6. 6 7 7 6 1 ,1 2 2 7 5 5 3 0 0 6 4 4 2 0 0 2 ,5 ,1 2 4 2 1 1 3 5 1'. 5 7 ,1' 2' 2'. ,1' 1' 1'
0
%END
