%我不要别人的爱.txt
% 出处 http://www.jianpu.cn/
title=我不要别人的爱
tag=
usertag=
tagroute=
transcriber=jianpu2-auto
status=ocr
source=jianpucn-132606
todo=add tags
%--
2/4
subtitle=score
x 5 6 5 2 3 3 5 6 5 2 3' 3' - 5 6 5 2 3 3 5 6 5 2 1 1' - 5 6 5 2 3 3 5 6 5 2 3' 3' -
5 - 5' - 0 0 x 1 1 1 1 1 2 3 6 5 0 3 5 3 1' 1' 1' 6 3 5 - 0 0 1 1 1' 2' 1 6 5 - 0 3 5
3 6 6 6 1' 6 3' 2' 2 - 1' 1 1 1 1 1 2 3 6 5 0 3 5 3 1' 1' 1' 1' 6 3 5 - 1' 1' 1' 2' 1 6 5 -
3 2 2 1 3 2 1 ,6 1 1' 0 ,5 1' 1' 1' 1' 1' 6 5 5 5 5 5 3 6 5 6 1' 5. 5. 2 3' - 0 0 0 ,5 6 6 6
6 6 3 5 5 5 5 5 3 2 2 2 3 2 1 2 2 - 0 ,5 1 1' 1 1 1 6 5 5 5 5 5 3 6 5 6 1 5 6 3 3
- 1 3 2 1 1. 1. 2 1 6 5. 3 2 1 3 2 1 ,6 1 1' - x'. - q5 3 6 3 - 5 5 5 2 3 - 1 6 5 2 1 1'
1' - 0 3 2 1. 1 1 ,1 ,1' 6 5 1'. 3 1 3 2 1 q,6 1' 1'. x
%END