%我不愿让你一个人钢琴.txt
% 出处 https://www.jianpujia.com/
title=我不愿让你一个人钢琴
tag=五月天,分类/钢琴谱
usertag=五月天,分类/钢琴谱
tagroute=
transcriber=jianpu2-auto
status=ocr
source=jianpujia-148641
todo=refine the filename
%--
4/4
subtitle=score
1 x 6 6' ,3 ,5 ,1 ,3 ,4 ,6 ,5 - ,3 4 5 ,6 - ,6 ,7 1 - ,4 ,6 x 1 - 2 - 3 5 1 2 5 - 4 6 1 4 7 3
6 3 5 1 4 1 x - - 0 0 - - x 5 x 5 6 4 3 2 1 7 1. 5 6 5 4 3 3 2 3 4 6 1 3 3 7 - 2
5 5 4 - - - - - 0 0 - 0 0 - - - - 1 4 6 7 - 3 5 3 6 6 4 6 4 1 6 1 5 5 7 2 7 - x
- - - - - x x 3. 3 4 3 2 1 2 3 4 3. ,6 4. 4 5 4 2 3 4. 3 3. 1 1 1 5 1 2 6 2 7 5 2 1 5
3 4 6 1 3 1 3 2 6 2 3 1 1 5 3 x 0 0 - - 0 0 - - - - 5. 5 6 5 4 3 3 4 2 1 7. 6 5 4
6 7 3 2 1 - 1 5 4 1 5 5 1 4 1 6 3 1 6 2 3 7 6 2 6 1 5 5 2 5 1 5 1 4 3 - x 0 0 0
- - 0 0 0 - - x 1 7 x 3. 3 4 3 2 1 2 3 4 3. ,6 4. 4 5 4 2 3 4. 3 3. 1 1 ,1 ,5 ,1 ,5 ,2 ,6 ,2
,6 q,7 5 2 5 1 ,5 ,1 q,4 ,6 ,1 ,6 ,3 ,1 ,3 ,1 ,2 ,6 4 6 ,1 ,5 3 ,1 5. 5 6 5 4 3 3 4 2 1 7. 6 5 4 6 7
3 2 1 - 1 1 4 5 5 5 2 5 4 4 1 3 1 6 2 6 3 7 6 2 6 1 2 5 5 2 5 1 5 7 1 3 5 1 1 1
1 x - - - - - - - - - - - - - 0 0
%END
