%我也不想这样钢琴.txt
% 出处 https://www.jianpujia.com/
title=我也不想这样钢琴
tag=
usertag=
tagroute=
transcriber=jianpu2-auto
status=ocr
source=jianpujia-248768
todo=refine the filename
%--
4/4
subtitle=score
q1 - - q1 4 q1 - - 5 0 q1 q1. 0 3 3 3 3 3 2 3 3. 3 2 2 2 2. 5 5 2 2 2. 3 2 1 6 1 1. 1 5 1
1 1. 6 3 2 1 1 6 3 3 2. 2 1 1 - 4 - 3 - 6 - 4 - 3 - 2 - 5 - x 1 1 1 0 3 3 3 3 3 2
3 3. 3 2 2 2 2. 5 6 3 5 5 3 2 1 6 1 1 1. 5 6 1. 6 5 5 5 - 0 3 5 1 5 1 4 1 4 3 7 5 6
3 6 2 1 4 6 4 5 2 4 1 7 - x - - - - - - - 6 1 1 1 2 1 5 1 1 1 6 1 2 2 2 2 1 2 6
5 5 0 3 5 6 1 1 1 2 1 5 6 1 1 6 1 3 2 2 1 6 1 6 5 5 1 6 5 4 1 6 1 3 1 5 1 2 2 1
2 1 5 2 5 4 1 6 1 3 1 5 1 2 2 1 2 5 4 4 5 x - - - - - - - - - - - - - - - - x 1
3 x 2 1 2 2 3 3 5 6 5 5 5 6 2 1 1 6 6 1 6 6 5. 0 5 6 2 1 1 6 6 1 6 6 5. 3 2 1 2 3
5 5 3 2 0 1 6 5 1 5 2 5 7 5 2 5 6 3 1 3 3 2 5 2 4 1 6 1 3 2 1 5 2 4 1 4 5 4 1 4
x - - - - - - - - - - - - - - - - x 1 7 x 2 1 2 2 3 3 5 6 5 5 5 6 2 1 1 6 6 1 6
6 5. 0 5 6 2 1 1 6 6 1 6 6 5. 3 2 1 1 1 5 2 5 7 5 2 5 6 3 1 3 2 5 4 1 6 1 3 1 5 1
x 2 0 2 3 5 5 3 2 0 1 6 5 3 1 - - - 2 4 1 5 4 1 1 - - - x 0 - 1
%END
