%我为祖国献石油.txt
% 出处 http://www.fysongs.cn/songku_show.asp?id=43125
title=我为祖国献石油
tag=
usertag=
tagroute=
transcriber=jianpu2-auto
status=ocr
source=fysongs-43125
%--
2/4
subtitle=score
x 3 2 3 2 1' 7 6 7 6 5 3 5 6 7 1 7 1 2 3 2' 2 1 5. 5 5 5 5. 5 6 5 6 7 1 1 1 5 1 1' 1'
1 5 1 5 ,5 5 1 1 3. 5 2 1 3 - 3' 2 1. 3 2 1 7 6. 5 5 - 5 - 1 1 2 3 5 2 1 1. 2 6 5 5 3
0 1 1 6 5 1 3. 5 2 1 1 - 1 - 5 5 6 5 3 5 6. 7 6 5 6 - 1 1 6 1 5 3 2 3 - 3 - 5 5 6
5 3 5 3. 5 3 2 3 0 2 1 3 2 1 7 6 5 1 - 1 0 3. 2 1 7. 6 5 1' x x x 0 1 1 2 1 1 6 5 6
0 3 5 6. 5 1 2 1 3. 2 3 5 - 5 - 2. 3 2 1 1. 2 6 5 6 0 5 3. 5 6 1 2 5 2. 1 1 - 1 - 5 6
1 2 5 2. 1 1 - 1 - 1 - 1 -
%END
