%我们.txt
% 出处 http://www.jianpu.cn/
title=我们
tag=五月天
usertag=五月天
tagroute=
transcriber=jianpu2-auto
status=ocr
source=jianpucn-40488
%--
4/4
subtitle=score
1 2 1 ,7 ,5 1 2 1 ,7 ,5 1 - 2 1 ,7 ,5 1 2 3 2 0 q5 5 5 q3 q3 4 4 3 2 q1 1 0 5 5 5 3 3 4 4
3 2 ,1 1 0 q6 q6 q6 q3 3 2 3 2 1 1 0 4 4 4 3 2 - 1 - 0 0 0 0 0 0 0 0 0 0 0 0 1 2 1 ,7
,5 q1 2 q1 ,7 ,5 q1 2 q1 ,7 ,5 1 2 3 2 - 1 - 2 ,1 ,7 ,5 1 2 q1 ,7 q5' 1 2 1 ,7 ,5 1 2 3 2 0 5 ~ 5
5 3 3 4 4 3 2 1 1 0 5 5 5 3 3 4 4 3 q2 q1 1 0 q6 q6 6 3 3 2 2 3 2 ,1 1 0 4 ~ q4 4 3 2
1 2 1 0 0 0 6 3 5 - 0 0 3 3 4 5 4 3 4 5 5 5 5 q1' 1' 0 q3' ~ q3' 3' 3' 3' 2' 1' - 0 0 0 0 0
0 0 0 0 q5 q5 q5 q3 3 4 4 3 2 1 1 0 5 5 5 3 3 4 q4 3 2 1 1 0 6 6 6 3 3 2 ~ 2 3 2 1 1
0 4 q4 4 3 2 1 2 q0 6 6 6 5 6 5 5 q4 3 4 5 0 q5 q5 q5 q3 q3 q4 q4 3 q2 q1 1 q0 5 5 5 3 3 4 4
3 2 1 1 0 6 6 q6 q3 q3 q2 2 3 2 ,1 1 0 1 4 4 3 2 q1 2. 1 - 0 0 2 1 2 3 2 1 0 0 0 0 0 0
0 0
%END