%我们相遇.txt
% 出处 https://www.qupu123.com/
title=我们相遇
tag=分类/通俗歌曲
usertag=分类/通俗歌曲
tagroute=
transcriber=jianpu2-auto
status=ocr
source=qupu123-327207
%--
2/4
subtitle=score
1 - - - x 3 x x q1. x 0 3 q3 2 2 1. q0 ,,1 1. q1 1 2 q2 q2'. q,5 6 ,5 ,5 0 q0 3 q3 q2 2 1. q0 1 1. 1 q4
1 2 2 q2 ~ 2 2 0 0 5 5 4 3 3. q0 3 2. 1 2 2 q,2 2 1 6 ,6 ,6 0 0 6 1 ,6 1 1 ,1 ,1 3 3 0 q1 2.
1 1 1 6 5. q3 3 3. 3 - 6. 6 5 5 - - 3 - 3 3 - 3. 2 1 1 1. 1 3 3 3 3 2 2' 0 2 1 1 x'. 6 -
5. 3 q3 3 ~ 3 3 6. 6 5 5 4 3 3 3. 3 3 - 3. 2 1. 1 1. 1 3 q3 3 2 1 2 0 5 q5 1. 1 2 0 5 1' q5
1. 1 5. 3 3 3. 3 6. s,6 q7 6 5 s,4 3 3. 3 - 3 3. ,,2 s,1 1 2 1. 1 3 q3 3 ,2 1 2 0 5 ~ 5 1. 1 - 1 1
1 0
%END
