%我不走.txt
% 出处 https://www.qupu123.com/
title=我不走
tag=
usertag=
tagroute=
transcriber=jianpu2-auto
status=ocr
source=qupu123-311027
%--
4/4
subtitle=score
,5 ,7 ,1 ,5 ,1 ,3 4 2 1 ,7. ,3 ,5. ,6 ,6 - 6 0 x 1 ,6 0 - 0 ,6 ,6 ,6 ,5. ,1 ,5 ,x - ,3 - ,3 - 0 ,3 ,3 ,4 ,x
,5 ,6 ,6 0 ,5 ,6 ,7 1 x 2 2 2. 2 1. ,6 3 - 2 1 2 - 2 ,6 1 2 2 2 1 1 2. ,6 ,1 1 1 ,1 ,1 2 1 - 7
x ,7. 5 x ,6 6 6 - 5 - 6 - 6 ,1 1 2. 2 5. 0 - 0 2. ,1 2 0 2. ,1 2 2 5 6 - 3 ,6 ,6 ,6 x ,4 x ,5
,6 0 ,5 0 ,3 ,5 ,6 ,6 ,7 ,1 2 2 2 ,1 2 x 1 1 2. ,1 ,1' 2 5. 3 - 3 - x' 5 - 5 0 ,,2' ,7 ,5 ,6 - ,6 x 5
6 - 0 6 - 6 6 0
%END
