%我们钢琴.txt
% 出处 https://www.jianpujia.com/
title=我们钢琴
tag=
usertag=
tagroute=
transcriber=jianpu2-auto
status=ocr
source=jianpujia-246006
todo=refine the filename
%--
4/4
subtitle=score
3 6 4 4 2 2 4. 2 2 3 4 2 ,6 5 2. 5 4 4 2 2. 2 2 1 2 4 4 1. 4 4 2. 6 4 1 6 1 6 4 6 4 6
1 6 2 6 4 2 4 5 5 4 2 2 2 4 5 5 4 2 6 2 6 2 3 2 4 2 6 2 6 2 3 2 4 2 6 x 4 7 x 0
0 0 0 0 0 5 5 3 3 5 5 4 4 - 0 0 0 5 6 7 1 7. 1 ,7 ,7 5 2 4 5 5 1 5 - 5 - 0 0 2 2 6
1 3 - 5 5 1 - - x 0 0 - - - - x 5 1 x 2 3 3 3 - 1 0 3 3 3 1 1 2 3 3 6 3 2 2 0 1
2 3 6 3 2 0 0 2 1 - 1 1 5 2 6 3 6 - - 2 2. 4 6 1 - 4 4 6 6 5 - 1 - - - - - - - x
5 5 x 2 1 1 - 0 0 0 5 5. 3 3 4 5 6 - - - 0 0 6 6 5 2 4 1 5 2 3 3 - 1 5 2 3 5 ,5 4
4 6 1 1 - 4 4 7 2 2 - 3 - 3 3 5 5 1. 1 1 1 2 3 3 2 1 2 1 2 3 3 2 1 2 2 2 3 4 3 3
7 2 5 - 6 3 7 1 3 - 2 1 2 4 4 - 2 5 1 2 4 - x 0 0 - - 0 - - - x x x x x 4 3 2 3
4 5 - 5 5 3 4 5 6 - - 6 0 6 7 1 7 6 1 1 5 2 5 1 6 1 6 1 5 1 5 2 - 4 4 6 1 3 1 6
4 4 4 7 2 5 2 7 4 x - - - - - - - - - - - - - -
%END
