%我好像在哪见过你钢琴.txt
% 出处 https://www.jianpujia.com/
title=我好像在哪见过你钢琴
tag=薛之谦,分类/钢琴谱
usertag=薛之谦,分类/钢琴谱
tagroute=
transcriber=jianpu2-auto
status=ocr
source=jianpujia-149003
todo=refine the filename
artist=薛之谦
%--
4/4
subtitle=score
x x x x 3 2 3 0 2 3 0 2 3 0 2 0 7 6 7 0 6 7 0 0 0 1 7 1 4 1 4 5 6 - 5 2 5 6 7 -
6 3 6 7 1 - 6 3 6 7 0 0 x - - - - - - - - 7 3 4 1 7 7 1. 5 1 7 7 1. 6 - 6 0 0 0 0
0 1 7 1 4 1 4 5 6 - 5 2 5 6 7 - 6 3 6 1 1 7 1 2 3 - 0 0 x 0 0 - - 0 0 0 - 7 7 x
x x x 4 1 7 7 1 5 5 1 2 2 3 6 6 - 0 0 0 0 0 1 7 1 4 1 4 5 6 - 5 2 5 6 7 - 6 3 6
7 1 7 1 2 3 - 0 0 x - - - - - - - - 1 4 1 7 7 1 5 5 1 7 7 1 6 6 - 0 0 0 0 0 1 7
1 4 1 4 5 6 - 5 2 5 6 7 - 6 3 6 1 1 7 1 2 3 - 0 0 x 0 0 - - 0 0 0 - 5 4 1 7 7 1
5 5 1 2 2 3 6 6 - 0 0 0 0 0 0 4 1 4 5 6 5 2 5 6 7 6 3 6 7 1 7 1 2 3 0 0 0 0 0 0
0 0 0 6 6 5 3 3 2 1 1 5. 3 - - - 6 3 ,6 7 1. 1 - - 0 6 3 6 1 1 7 1 2 3 - 0 0
%END
