%我心中的小溪.txt
% 出处 https://www.qupu123.com/
title=我心中的小溪
tag=分类/通俗歌曲
usertag=分类/通俗歌曲
tagroute=
transcriber=jianpu2-auto
status=ocr
source=qupu123-311078
%--
6/8
subtitle=score
1 - 6 x 1 ,1 x x x x 6 6 7 6 7. 7. 5 3 5 6 7. 5 3. 6 5 6 3 2 ,7 3 2 3 2 7 0 6 7 ,,1 7 6
3 6 7 ,,1 7 6 3 6 7 1 7 6 3 6 ,7 ,7 6 3 ,6 3 3 2. ,1 2 3. 3. 6 6 2 2 ,1 2 3 2. 3 3 ,7 ,6 ,5 ,3
,5 ,6 2 1. ,,1 ,1 2 ,7 ,7. 5 ,6 ,6 0 3. 3 4 3 2 ,1 3 3 0 6 2 ,1 2. 2. 3 3 5 6. 1 0 5 6 3 3 5 0 7
6. 5 6 0 6 0 3 2 2 3 2 1. ,7 2 1. ,7 6 5 ,6 ,6. 0 ,7 2 1. ,7. q6 5 ,6 ,6. 0 ,6. 0 x x
%END
