%我害怕钢琴_2.txt
% 出处 https://www.jianpujia.com/
title=我害怕钢琴
tag=
usertag=
tagroute=
transcriber=jianpu2-auto
status=ocr
source=jianpujia-149708
%--
4/4
subtitle=score
q1 - - q1 - - 1 2 4 ,x 1. 5 5 - 1. ,5 ,5 1 ,7. 5 5 - 1. ,5 ,5 1 x - - - - 1. 2 2 - 1. 2 2 3 3.
2 2 5 2 - 0 0 4 1 4 4 1 4 1 4 4 1. 5 2 5 5 2 5 - - - x - - - - 0 0 0 0 5 2 2 2 1
2 2 3. 0 0 3 ,7 7 7 7 ,6 7 ,5 - - - ,1 5 1 ,1 ,5 ,1 5 1 ,1 ,5 ,6 3 6 ,6 ,3 7 1. 0 0 4 5. 4 4 3
3 4 5 5 - 0 0 1 2 3 3 2. x - - - 0 - 0 0 0 0 ,5 2 2 2 1 2 2 3. 0 0 ,3 ,7 ,7 ,7 ,6 ,7 ,5 -
- - ,1 5 1 ,1 ,5 ,1 5 1 ,1 ,5 ,6 3 6 ,6 ,3 7 1. 0 0 ,6 5. 4 4 3 3 4 5 5 4. 0 1 1 1 2 3 3 2 x
- 0 0 - - 2 - 0 0 0 0 0 0 ,5 2 2 2 1 2 2 3. 0 0 ,3 ,5 - - - ,5 - - - ,1 ,5 1 ,1 ,5 ,1 5 1
,1 ,5 ,7 ,7 ,7 6 7 7 1. 0 0 4 5. 4 4 3 3 4 5 5 - 0 0 1 x - - 0 - - x 3 3 1 2 3 2 0 0 0
0 5 2 2 2 1 2 2 3. 0 0 3 ,5 2 5 ,5 ,2 ,5 ,2 - - - ,1 5 1 ,1 ,5 ,1 5 1 ,1 ,5 ,7 ,7 ,7 ,6 ,7 7 1. 0
0 ,6 5 4 3 3 4 5 5 4. 0 0 1 1 2. 3 2 2 - q3 4 5 5 - 0 0 5 5 x 1 q7 7 5. ,5 ,2 ,5 ,5 ,2 ,5 ,2
- - - ,4 ,1 ,4 ,4 ,1 ,4 ,1 ,4 ,4 ,1 3 - - 0 0 0 2 3 4 4 - 0 0 4 4 3 1 1 3. x - - - - - - 2
- - - 0 0 3 4 5 5 - - 0 5 q5 1 q7 5. ,5 2 5 ,5 ,2 ,5 ,5 - ,4 ,4 - ,3 7 3 ,3 ,7 ,3 7 3 ,3 ,7 3 -
0 0 0 0 2 3 3 ,6 - 0 1 1 ,7 ,6 2 6. 3 ~ 3 6 ,6 ,3 ,6 - - - ,4 1 4 ,4 ,1 ,5 ,2 ,5 - 2 1. ,6 1. 0
0 ,6 6 1. 0 0 ,6 6 1. 3 - - - 6 3 - - 6 3 - - 6 3 - - 3 - - - 1 1 1 1 6 1 1. 1. 1. 1. 0
0 0 3. 0 0 0 3. 0 0 0 3. 0 0 0 3. ,1 5 1 1 - ,1 5 1 1 - ,6 3 6 ,6 - ,6 3 6 ,6 - x 6 5 1. 1.
7. 7. 6. 6. 5. 5. 0 0 0 4. 0 0 0 4. 0 0 0 2. 0 0 0 2. ,4 1 4 ,4 - ,4 1 4 ,4 - ,5 2 5 ,5 - ,5 2 5
,5 - x 6 1. 1. 1. 1. 5. 1 5. 1 6. 6. 1 0 0 0 3. 0 0 0 3. 0 0 0 3. 0 0 0 3. 1 5 1 1 - 1 5 1 1
- 6 3 6 6 - 6 3 6 6 - x - 0 0 - x 7 3 1. 1. 7. 7 6. 6. 5. 5 0 0 0 4. 0 0 0 4. 0 0 0 2. 2
- - - ,4 ,1 ,4 ,4 - ,4 ,1 ,4 ,4 - ,5 ,2 ,5 ,5 - ,5 - - - x 7 7 7 7 2 - - 2 5 2 2 2 1 2 2 3. 0
0 3 ,7 ,7 ,7 6 7 ,5 - - - ,1 ,5 ,1 ,1 ,5 ,1 ,5 ,1 ,1 ,5 ,6 ,3 ,6 ,6 ,3
%END
