%我在草原你在哪里.txt
% 出处 https://www.qupu123.com/
title=我在草原你在哪里
tag=分类/民歌
usertag=分类/民歌
tagroute=
transcriber=jianpu2-auto
status=ocr
source=qupu123-369993
%--
2/4
subtitle=score
1 - 2 x ,1' x x 3 5 6 1 2 3 5 6 1 6. 3 6 1 6 1 6 6 1 2 1 6 1' 2' 2' 6. 5 6 1 2. 3 1 q1 q3
1 1 6 5 ,6 3 6 5 6 6 6 5 5 6 q7 q3 3 q6. 1 2 3 5 3 3 5 6 7 5 3' 3' 6 6 q1 6 6 6 5 6 1 2
2 2 1. 2 3 6 5 3 3 q2 q3 q1 q2 ,6 ,6 ,6 1 2 3 5 3 5 6 7 5 6 6 q6 q1 6 5 2 3 5 3 6 5 3 1 6
1 2 2 3 2 3 5 5 3 2 3 5 5 q6 5 6 7 7 7 6. 3 5 6 1. 1 1 6 5. 3 5 6 5 3 1 6' 1 2 2 2 2'
3 2 3 q5 s6 q6' 6 1 6. 1 q2 q1 6 1 2 6. 5 6 1 2'. 3' 1. 3 q1 q1 6 q5 ,6' ,6 0 1 6. 1 1 6 5 6'
%END
