%我家两警察.txt
% 出处 https://www.qupu123.com/
title=我家两警察
tag=分类/儿歌
usertag=分类/儿歌
tagroute=
transcriber=jianpu2-auto
status=ocr
source=qupu123-325587
%--
2/4
subtitle=score
3. 3. 5 6 3 5 - 6 5 5 2 - 3 2 5 3 2 3 2 3 5 6 6 5'. 3 5 - 2 3 6 5 6. ,1' 5 3 3 5 2 3 6
- 3. 3. 5 6 5 6 1' 6 2 3 5 5 6 1' 0 3. 5 6 3 5 - 6 5 3. 5 2 - 3 2 5 3 2 3 2 3 5 6 6 5'.
5'. 3' 5 - 3 2 3. 5 5 ,1 2 3. 5 5 2 3' - 1 2 3. 3. 5 2 - 3 5 5 6 1' 5 - 6. ,1' 6 5 5 2 3 3. 2
3 3 5 6 - 3 3 5 6 5 6 3 5 2 3 3 5 q6 1 - 5 6 5 3 5 ,1 2 2 3 5 6 5 - 2 3 5 6 ,1 5 2
3 5. 5. 6 1' - 2 3 6 6 5 3 3 5 2 5 6 2 3 5 - 3. 5 6 5 6 1 6 2 3 5 5 6 1 - 3. 5 6 5 6
1 5 - 6. 1 5 - 6 - 1' - 1' - 1 - 1' 0 1
%END