%我好像在哪见过你钢琴_2.txt
% 出处 https://www.jianpujia.com/
title=我好像在哪见过你钢琴
tag=
usertag=
tagroute=
transcriber=jianpu2-auto
status=ocr
source=jianpujia-149003
%--
4/4
subtitle=score
q1 - - q1 - - 1 2 5 0 0 0 0 0 0 3 3 2. 3 - - - 7 - - - 6 3 6 1 1 7 1 6 3 6 1 7 5 2
5 7 7 6 7 5 2 5 7 7 6 7 x - - - - - - - - - - - 0 - x 5 x 0 0 2 2 6. 2 - 2. 0 7 3
- 0 0 0 0 0 3 3 4 1 4 6 5 4 1 4 6 6 5 0 6 3 6 1 1 7 1 2 3 0 0 0 0 x - - - 0 - -
- - - - x x 2 3 - - 3 - 3 2 3 1 2 ,7 - - ,7 - 7 2 2 1 6 3 6 1 1 7 1 6 3 6 1 1 - 5
2 5 7 7 6 7 5 2 5 7 7 - x - - - - - - - - - - - - x 1 3 x 1 ,6. 6 ,6 ,6 ,7 ,7 ,5. ,5 ,5 ,3
1 1 ,6. ,6 - ,6 - 6. 0 3 3 4 1 4 - - 5 2 5 - - 6 3 6 1 1 7 1 2 3 - 0 0 x - - - - - -
x 1 7 x 2 3 - 0 0 0 0 3 6 5 2. 2 0 0 0 0 0 2. 6 3 6 1 1 7 1 6 3 6 1 1 - 5 2 5 7 7
6 7 5 2 5 7 7 - x - - - - - - - - - - - - 1 ,6 ,4 0 1. ,7 ,5 ,3 3 ,7. ,6 - 0 0 0 0 0 1 7
1 4 1 0 0 0 5 2 0 0 0 6 3 6 7 1 7 1 2 3 - 0 0 x - - - - - - 2 5 4 1 7 7 1 5 0 1
7 7 1 6 6 - 0 0 0 0 0 1 7 1 4 1 4 5 6 - 5 2 5 6 7 - 6 3 6 1 1 7 1 2 3 - 0 0 x 0
0 - - 0 0 0 - 2 4 1 7 7 1 5 5 1 2 2 3 6 6 - 0 0 0 0 0 1 7 1 4 1 4 5 6 - 5 2 5 6
7 - 6 3 6 7 1 7 1 2 3 0 0 0 x - - - - - - - - 3 3 4 1 7 7 1 1 5 1 7 7 1 6 6 - 0
0 0 0 0 1 7 1 4 1 4 5 6 0 0 5 2 5 6 7 - 6 3 6 1 1 7 1 2 3 - 0 0 x - - - - - - -
- - 3 7 4 1 7 7 1 1 5 1 2 2 3 6 6 - 0 0 0 0 0 0 4 1 4 5 6 5 2 5 6 7 6 3 6 7 1 7
1 2 3 0 0 4 1 0 0 6 6 5 3 3 2 1 1 5 0 3 - 0 0 0 0 0 0 6 3 6 7 1 3. 5 2 5 0 0 6 3
6 1 1 7 1 2 3 - 0 0 x 0 0 - - 0 0 0 - x 4 5 x 0 0 6 6 7 1 7 5 3 0 7. 6 - 0 0 0 0
0 0 1 1 4 1 4 5 6 - 5 2 5 6 7 - 6 3 6 1 1 7 1 2 3 - 0 0 x - - - - - - - - x 4 x
0 0 6 6 5 3 3 2 1 1 5 0 3 - 0 0 0 0 0 0 1 1 6 3 6 7 1 3. 5 2 5 0 0 6 3 6 1 1 7 1
2 3 - 0 0 x 0 0 - - 0 0 0 - x 5 3 x 0 0 6 6 7 1 7 5 3 0 7. 6 - 0 0 0 0 0 0 4 1 4
5 6 5 2 5 6 7 6 3 6 7 1 7 1 2 3 0 0 x - - - - - - - - x 5 7 x 0 2 6 2 3 - 0 0 7
- 0 0 5 - 0 0 1 6 3 6 1 1 7 1 6 3 6 1 1 7 1 5 2 5 7 7 6 7 5 2 5 7 7 6 7 x 0 0 -
- - - - - 0 0 - 0 - - 0 - x 6 1 x 0 2 6 2 7 - - 5 3 - 0 0 0 0 0 0 4 1 4 6 6 5 6
5 2 5 7 0 0 6 3 6 1 1 7 1 2 3 - 0 0 6 5 3 2 3 0 2 3 0 2 3 0 2 0 7 6 7 0 6 7 0 6
7 2 1 7 1 6 3 6 7 1 - 6 3 6 7 1 - 5 2 5 6 7 - 5 2 5 6 7 - x - - - - - - - - x 1
x 1 3 2 3 0 2 3 0 2 3 0 2 0 7 6 7 0 6 7 0 0 0 1 7 1 4 1 4 5 6 - 5 2 5 6 7 - 6 3
6 7 1 - 6 3 6 7 0 0 x - - - - - - - - 7 3 4 1 7 7 1. 5 1 7 7 1. 6 - 6 0 0 0 0 0 1
7 1 4 1 4 5 6 - 5 2 5 6 7 - 6 3 6 1 1 7 1 2 3 - 0 0 x 0 0 - - 0 0 0 - 7 7 x 1 x
1 4 1 7 7 1 5 5 1 2 2 3 6 6 - 0 0 0 0 0 1 7 1 4 1 4 5 6 - 5 2 5 6 7 - 6 3 6 7 1
7 1 2 3 - 0 0 x - - - - - - - - 1 4 1 7 7 1 5 5 1 7 7 1 6 6 - 0 0 0 0 0 1 7 1 4
1 4 5 6 - 5 2 5 6 7 - 6 3 6 1 1 7 1 2 3 - 0 0 x 0 0 - - 0 0 0 - 5 4 1 7 7 1 5 5
1 2 2 3 6 6 - 0 0 0 0 0 0 4 1 4 5 6 5 2 5 6 7 6 3 6 7 1 7 1 2 3 0 0 0 0 0 0 0 0
0 6 6 5 3 3 2 1 1 5. 3 - - - 6 3 ,6 7 1. 1 - - 0 6 3 6 1 1 7 1 2 3 - 0 0
%END
