%我愿意钢琴.txt
% 出处 https://www.jianpujia.com/
title=我愿意钢琴
tag=
usertag=
tagroute=
transcriber=jianpu2-auto
status=ocr
source=jianpujia-253321
todo=refine the filename
%--
4/4
subtitle=score
1 - - x'. qx - - 7 x 0 5 5 3 2 1 1 2 3 2 2 1 1 0 6 1 6 - - 6 5 - - - qx 7 1 2 1 5 1
5 0 5 1 5 6 3 6 3 1 3 6 4 1 4 1 4 6 1 0 5 2 5 1 5 6 7 x - - - - - - - - - - - -
- - x 5 x 0 5 5 3 2 1 1 2 3 2 2 1 1 0 6 1 6 6 6 0 2 3 2 4 4 3 3 2 1 5 1 5 0 5 1
5 6 3 6 3 1 3 6 3 4 1 4 1 6 - 3 7 3 5 7 5 x - - - - - - - - - - - - x x 0 1 1 1
2 1 1 1 7 6 6 5 5 2 1 0 1 1 1 2 1 1 2 3 - - 2 1 6 3 6 3 1 3 6 3 5 2 5 2 7 - 4 1
4 1 6 4 3 7 3 5 7 5 x - - - - - - - - - - 0 1 1 1 2 1 1 1 7 6 6 5 5 5 1 1 6 3 1
1 2 2 - 2 5 5 3 6 3 6 3 1 3 6 3 5 2 5 2 7 - 4 1 4 1 6 4 5 2 5 1 7 - x - - - - -
- - - - - x 1 7 x 2. 1 1 5 5 3 2. 1 1 1 1 7 7. 6 6 5 6 5 3 5. 1 1 7 1 1 5 1 5 1 - 6
3 6 1 3 - 4 1 4 1 6 4 1 3 7 3 5 7 - 7. 6 6 5 5 1 1 2 1. 3 4 3 1 6 1. 6 5 - 0 5 5 3
1 7 6 4 1 4 1 6 - 1 7 6 - 4 1 4 1 6 4 5 2 5 1 7 - x - - - - - -
%END
