%我真的受伤了钢琴_2.txt
% 出处 https://www.jianpujia.com/
title=我真的受伤了钢琴
tag=
usertag=
tagroute=
transcriber=jianpu2-auto
status=ocr
source=jianpujia-150755
%--
4/4
subtitle=score
1 - - 1 4 q1 - - 6 q1 x. x - 0 6 1 6 3 2 0 0 5 7 5 2 1 6 4 3 1 6 1 2 1 - - 0 0 0 0
0 0 0 0 0 0 0 0 0 0 0 0 0 1 - - 5 ,6 4 ,3 ,2 ,6 4 ,6 ,3 1 - ,4 - 3 6 4 2 6 4 1 1 1 - ,6
- ,4 ,4 2. ,2 ,2 ,2 2 6 2 3 0 0 ,3' ,3 ,2' ,2 q6' q6 3 6 7 1 3 0 0 q1 - - 1 6 7 7 3' 7 6 6 2 6 6
6 3' 6 5 5 ,1 ,5 3 ,6 4 0 1 6 7 7 7 6 0 6 2 6 6 6 6 5 3 - 1 7 5 3 1 - 1 - 1 2 2 x 1
,2 ,1 ,1 0 4 ,4 3 ,3 ,6 ,6 ,6 ,2 0 ,6 ,2 2 ,2 1 ,1 ,5 ,5 ,1 ,1 ,3 ,5 ,5 ,3 - ,1 ,5 ,1 ,5 ,3 ,2 ,2 x 1 3 3 q1
- - 1 - 0 0 0 6 1 6 3 2 2 0 5 7 5 2 1 6 4 3 1 6 1 2 1 x 1 2 2 5 5 5 6 6 4 4 1 1
1 1 1 1 1 2 3 5 1 2 3 5 1 2 3 5 1 4 1 4 1 5 2 7 5 3 7 5 3 6 3 6 3 2 2 2 2 5 2 5
x - - 0 0 - - - - - - - - - - - - - - - x 1 7 x 1 - - - 0 6 1 6 3 2 0 0 5 7 5 2
1 0 0 6 1 6 3 2 2 1 1 1 2 2 5 5 1 1 1 1 2 2 6 6 7 7 3 3 6 6 6 6 7 7 0 0 0 0 4 4
5 5 7 7 3 3 4 4 5 5 1 5 1 2 3 - 4 1 4 1 5 2 7 5 3 7 5 3 6 3 6 3 2 6 4 1 5 2 5 7
5 1 0 - - 0 0 0 0 0 0 - 0 - - - 0 x 2 1 x 2 5 3 - 0 6 1 6 3 2 2 0 5 7 5 2 1 6 4
3 1 6 1 2 2 ,5 3 6 1 1 2 2 5 5 1 1 ,4 ,4 1 2 7 2 6 5 6 6 7 7 3 3 6 6 2 2 6 7 5 7 5
3 4 4 5 5 7 7 3 3 6 6 4 5 1 5 1 3 1 1 1. 1. 6 3 4 1 4 1 5 2 7 5 3 7 5 3 6 3 6 3 2
6 2 4 2 5 2 7 5 1 - - - - - - - - - - - - - - - - - - - x 2 5 x 1 - 0 0 0 4 4 3
3 2 0 2 5 2 3 1 0 4 4 3 3 2 2 ~ 2 1 2 1 1 6 6 ,4 ,4 2 2 7 7 1 1 ,4 ,4 2 2 x 5 5 5 5
1 1 7 7 5 5 6 6 1 1 7 7 3 3 3 3 6 6 5 5 3 3 3 3 6 6 5 5 1 5 3 1 1 5 1 5 6 6 4 1
4 1 5 2 7 5 3 7 5 3 6 3 6 3 2 6 2 4 2 5 2 5 7 5 1 0 0 - - - - 0 0 - 0 0 - 0 0 -
- 0 0 - - 3 3 4 3 3 - 0 6 6 6 6 6 5. 2. 4 3 2 1' 1 0 6 3 1 1 - 0 5 ,3 ,3 ,3 ,3 ,4 ,4 ,5 ,5
3 2 1. 1 ,3 ,3 ,3. 1. 6 1 1 1 1 1 1 2 2 7 7 6 1 1 1. 6. 4 5 5 5 5 6 6 7 7 5 5 3 - 6 6 6.
4. 2 1 6 3 1 5 1 3 1 1 5 1 6 3 4 1 4 1 5 2 7 5 3 7 5 3 1. 1 - 2 6 2 4 1 4 2 6 x -
- 0 - - - 0 - - 0 - 0 0 0 0 0 x 3 3 x 3 2 2 - 0 0 6 1 6 3 2 0 5 7 5 2 1 0 6 1 6
3 3 2 2 1 6 1 1 2 2 5 5 1 1 1 1 2 2 4 6 6 7 7 3 3 6 6 6 6 7 7 2 - 0 0 4 4 5 5 7
7 3 3 4 4 5 5 1 5 5 2 5 2 2 - 4 1 4 1 5 2 7 5 3 7 5 3 6 3 6 3 2 6 2 4 2 5 2 5 7
5 1 - - - - - - - - - - - - - 0 0 - x 3 7 2 5 3 - 0 6 6 6 6 6 5. 0 2 5 2 3 1. 6 4
3 1 6 1 2 2 ,5 3 6 ,4 ,4 ,5 2 7 7 1. 1 ,4 1 1 2 7 2 6 5 1 1 2 7 5 5 6 2 6 6 7 5 7 5 3
6 6 7 5 3 3 3 - 6 4 4 5 6 1 5 1 3 1 1 1. 1. 6 3 4 1 4 1 5 2 7 5 3 7 5 3 6 3 3 2 6
4 6 5 2 7 5 x - - - 0 0 - - - - - - - - - - - - 1 - 0 0 0 6 1 6 3. 2 2 0 5 7 5 2.
1 1 0 6 1. 6 3 2 2 2 1 5 3 - 0 0 0 0 0 0 0 0 0 0 0 0 0 0 1 5 1 5 3 - 4 1 4 1 5 2
7 2 3 7 3 7 6 3 6 3 2 6 2 4 1 5 2 7 5 1 0 0 - 0 - - 0 0 - 0 0 - 0 0 0 q4 5 ,2 ,3. 6.
6 3 2. ,4 1 5 1 5 3 5. 1. 5. 1. 5 3 0 6 1 6 7 5 2 2 0 5 7 5 6. 3. 1 7 1 2 6 3 1 6 6 4 2
1 x 0 0 0 0 0 0 0 0 0 0 0 0 0 0 0 0 1 5 1 5 3 1 1 5 1 5 4 1 4 1 5 2 7 5 3 7 5 3
6 3 6 3 2 6 4 2 5 2 7 5 x - - - - - - - - - - - - - - - - - - - - 1 5 1 6 1 6 2
0 4 4 3 3. 2 2 0 2 5 2 3 1 0 4 4 3 3 2 2 2 1 2 ,4 ,4 2 2 7 7 1 1 ,4 ,4 2 2 1 1 7 7 5
5 6 6 1 1 7 7 0 0 0 0 6 6 5 5 3 3 3 3 6 6 5 5 1 5 3 1 4 1 5 6 6 4 1 4 1 5 2 7 5
3 7 5 3 6 3 6 3 2 6 2 4 2 5 2 5 7 5 1 0 0 - - - - - 0 0 - 0 0 - - - 0 0 - 0 x 5
3 x 3 3 4 3 - 0 6 6 6 6 6 5 2 4 3 2 1' 1 0 6 3 1 1 - 0 5 3 3 3 3 4 4 5 5 3 2 x 3
1 3 3 3. 1. 6 1 1 1 1 1 1 2 2 7 7 1' 1 6 1 1 1. 6. 4 5 5 5 5 6 6 7 7 5 5 x 6 3 6 6 6.
4. 2 1 6 3 1 5 1 3 1 1 5 1 6 3 4 1 4 1 5 2 7 5 3 7 5 3 1. 1 - 2 6 2 4 1 4 2 6 1 -
- - 0 0 - - - - - - - - - - - 1 3 2 2 - 0 0 6 4 6 1 6 4 ,1 1 2 7 7 2 0 5 3 7 5 5
3 2 7 6 1 6 1 0 6 4 6 1 6 4 ,1 1 7 2 7 2 6 1 6 1 1 2 2 5 5 1 1 1 1 2 2 4 6 6 7 7
3 3 6 6 6 6 7 7 2 - 0 0 4 4 5 5 ,7 ,7 3 3 4 4 5 5 5 2 5 2 2 - 4 1 4 1 5 2 7 5 3 7
5 3 6 3 6 3 2 6 2 4 2 5 2 7 5 1 0 - - 0 0 0 0 0 0 - 0 - - - 0
%END
