%我真的受伤了钢琴.txt
% 出处 https://www.jianpujia.com/
title=我真的受伤了钢琴
tag=
usertag=
tagroute=
transcriber=jianpu2-auto
status=ocr
source=jianpujia-150755
todo=refine the filename
%--
4/4
subtitle=score
x 1 7 x 1 - - - 0 6 1 6 3 2 0 0 5 7 5 2 1 0 0 6 1 6 3 2 2 1 1 1 2 2 5 5 1 1 1 1
2 2 6 6 7 7 3 3 6 6 6 6 7 7 0 0 0 0 4 4 5 5 7 7 3 3 4 4 5 5 1 5 1 2 3 - 4 1 4 1
5 2 7 5 3 7 5 3 6 3 6 3 2 6 4 1 5 2 5 7 5 1 0 - - 0 0 0 0 0 0 - 0 - - - 0 x 2 1
x 2 5 3 - 0 6 1 6 3 2 2 0 5 7 5 2 1 6 4 3 1 6 1 2 2 ,5 3 6 1 1 2 2 5 5 1 1 ,4 ,4 1
2 7 2 6 5 6 6 7 7 3 3 6 6 2 2 6 7 5 7 5 3 4 4 5 5 7 7 3 3 6 6 4 5 1 5 1 3 1 1 1.
1. 6 3 4 1 4 1 5 2 7 5 3 7 5 3 6 3 6 3 2 6 2 4 2 5 2 7 5 1 - - - - - - - - - - -
- - - - - - - - x 2 5 x 1 - 0 0 0 4 4 3 3 2 0 2 5 2 3 1 0 4 4 3 3 2 2 ~ 2 1 2 1
1 6 6 ,4 ,4 2 2 7 7 1 1 ,4 ,4 2 2 x 5 5 5 5 1 1 7 7 5 5 6 6 1 1 7 7 3 3 3 3 6 6 5 5
3 3 3 3 6 6 5 5 1 5 3 1 1 5 1 5 6 6 4 1 4 1 5 2 7 5 3 7 5 3 6 3 6 3 2 6 2 4 2 5
2 5 7 5 1 0 0 - - - - 0 0 - 0 0 - 0 0 - - 0 0 - - 3 3 4 3 3 - 0 6 6 6 6 6 5. 2. 4
3 2 1' 1 0 6 3 1 1 - 0 5 ,3 ,3 ,3 ,3 ,4 ,4 ,5 ,5 3 2 1. 1 ,3 ,3 ,3. 1. 6 1 1 1 1 1 1 2 2 7 7 6
1 1 1. 6. 4 5 5 5 5 6 6 7 7 5 5 3 - 6 6 6. 4. 2 1 6 3 1 5 1 3 1 1 5 1 6 3 4 1 4 1 5
2 7 5 3 7 5 3 1. 1 - 2 6 2 4 1 4 2 6 x - - 0 - - - 0 - - 0 - 0 0 0 0 0
%END
