%我等到花儿也谢了钢琴.txt
% 出处 https://www.jianpujia.com/
title=我等到花儿也谢了钢琴
tag=分类/钢琴谱
usertag=分类/钢琴谱
tagroute=
transcriber=jianpu2-auto
status=ocr
source=jianpujia-247833
todo=refine the filename
%--
4/4
subtitle=score
x 3 7 1 6 6 ,6 6 6 1 3 3 3 3 3 3 2 2 2 3 2 4 1 6 4 1 2 3 5 3 5 5. ,7. 5. 3 6 3 1 3 3
3 3 3 2. 2 2 3 2 1 1 2 3 6 7 ,4 ,5 q,6 3 6 ,1 6 6 1 3 ,6 ,,6' ,3 2 6 4 ,6 ,2 4 1 ,4 5 2 ,5 1 5
1 3 3 7 ,2 ,6 ,1 ,6 ,3 ,2 ,6 ,6 ,2 1 6 6 ,6 ,6 6 6 1 3 3 3 3 3 6 3 6 6 3 3 6 3 6 3 6 2 4 2
3 2 6 1 6 4 1 2 3 5 3 5 5. ,7 5 3 3 6 6 6 6 7 7 6 6 6. 6. 3 3 1 2 3 6 7 6 1 ,4 ,5 6 3
6 ,1 6 3 1 3 6 3 2 6 4 6 2 4 1 4 5 2 5 1 5 1 3 3 7 2 q6 6 3 6 q6 1 3 6 1 6 6 6 6 5
5 4 4 5. 5. 4 4 4 4 0 4 2 5 3 6 4 6. 4. 5 2 5 2 1 5. 3. 1 1 1 1 1 2 3 7 2 3 5 7 2 3 3
6 6 6 6 7 7 6 6 6. 6. 3 3 1 6 1 6 4 6 2 1 4 1 6 1 4 1 5 1 4 5 7 2 2 1 5 1 2 3 1 5
3 7 2 3 q6 6 3 6 6 1 3 6 1 3 6 6 q4 6 6 5 4 5. 4 4 1 1 1 ,3 ~ ,3 2 2. 7. 3. 1 1 1 1 4 6
6 5 4 5. 4 4 0 6 6 6 1 1 7 7. 7 2. 6 6 ,6 ,6 ,6 - 5 4 3 5 ,6 1 ,6 ,6 ,6 ,6 ,6 ,2 ,1 ,4 ,1 ,6 ,1 ,4
,1 1 3 6 3 ,1 3 5 7 2 5 2 ,7 6 3 6 3 3 3 7 2 q,6. ,1 ,3 ,5 ,2 ,3 ,4 ,2 ,4 ,2 ,2 ,3 x 4 ,6 2 1 ,7 ,5
3 ,7 ,3 3 1 7 6 6 6 7 1 1 1 1 2 3. 1. 6 6 3. 5. 5. 7. 7 2 5. 7. 7. 2. 3 3 6 6 6 6 7 7 6 6 6.
6. 3 3 1 1 1 3 3 6 1 4 1 4 1 3 7 3 6 3 6 3 6 3 6 3 6 3 6 1 1 3 6 1 5. 4 3. 2. 7 6 6
3 1 6 1 3 6 1 1 - - - - - - - 0 0 0 0 - - - - - - 0 0 -
%END
