%我的故乡在大海边.txt
% 出处 https://www.qupu123.com/
title=我的故乡在大海边
tag=分类/通俗歌曲
usertag=分类/通俗歌曲
tagroute=
transcriber=jianpu2-auto
status=ocr
source=qupu123-311038
%--
4/4
subtitle=score
5 6 5 2 1 3. 5 6 5 3 2 1 2. 2. ,5 ,6 1 5 2 2 1 ,x. ,5 ,6 1 ,6 1. 1. 5 0 5 3 2 1 3. 5 6 5 3 2
1 2. 2. 3 2 1 ,6 ,5 ,6 1 2 ,1 ,6. 5 ,6 ,5. ,5. 5 6 5 3 2 1 6. 5 6 1. 6 6 5 3 5 6 5 2 1 2. ,5 ,6. 1
3 2 ,1 2 1. 6 1. 3. 2. ,6 ,1 2 2 ,1 ,6. ,,1 6 5 ,5. ,,1 2 3 5 3 5 6 6. 6 q1 2 2 2 ,1 2 3. 5 6 7 5 6.
1. 7 7 6 7 5 3. 6 5 3 2 1 2. 2 3 ,5 ,6 3 2 ,1 0 1 1. 1. 1. 1. 6 5 3 3 6 q3 5 3 2 x'. 2. ,5 ,6 1
3 2 1 2 0 0 ,1 0 1. 1. 3 3. 3. 3. 6 1. 1. 1. 1. 1. 1.
%END
