%我爱如海.txt
% 出处 https://www.qupu123.com/
title=我爱如海
tag=分类/通俗歌曲
usertag=分类/通俗歌曲
tagroute=
transcriber=jianpu2-auto
status=ocr
source=qupu123-311026
%--
4/4
subtitle=score
1 ,1 6 0 5 6. ,1 ,1 ,1 1' 7 1' 7 6 6. 7. 7 7 1' 1' 7 6 3 0 5. 5 ,1 1' x 6 - 7. ~ 7 1 ,1' 1' 5 3 -
2 3 5 6 q3 6 6 1' 5 6 1' 2' 6 1' 2 3' 4' 4' 3' 2' 1 5'. 5' - x 0 5 5 5 3 2 1 2 3. 5 - ,5 - 0 ,6
1. 6 6. 0 6 6 5 5. 2 3 - 0 ,6 2 3 4. 4 4 4 5 4 3 2 4 4 ,5 ,5 ,,5 ,5 3 3 2 3 2. ,1 2 - 2 0 2
- 2 3 2 1 1 - 1 - ,1 6 6. 5 0 1 1 1. 7 1 7 6 6 7. 7 7 1 1 7 6 3 6. 5 5 5. 1 1 1. 7 6 1
7. 7 7 ,1' 5 3 2. 2 2 ,6 4 4 4 3. 2 ,1 2. 2 - 2. 2 2 3 ,5 ,5 2 2. 2. 5 5 2 1. 1 ,5 3 2 2. 2. 5 5
2 1. 1 1 5 5 6. 6 7 5 2' 2'. ,1' ,1' 1' - 1' - 1' - 1' - 1' 0
%END
