%我热恋的故乡_3.txt
% 出处 http://www.fysongs.cn/songku_show.asp?id=44258
title=我热恋的故乡
tag=
usertag=
tagroute=
confidence=0.995
conf_p10=0.984
transcriber=jianpu2-auto
status=ocr
source=fysongs-44258
%--
4/4
subtitle=score
,5 - - - 1 - 2 - 5 4 - - 4 - - - ,5 - - - 1 - 2 - 4 5 - - 5 - - - 0 3 3 3 2 1 ,5 ,3
,5 1 1 ,5. ,5 0 0 0 0 3 3 3 3 2 1 ,5 ,3 ,5 1 1 2. 2 0 0 0 0 3 3 3 q2 5 2 2 2 2 1 ,6 0 2 2
2 2 1 ,6 ,5 ,3 ,5 ,3 ,5 1. 1 0 0 0 0 3 3 3 2 1 q,5 ,3 ,5 q1 1 ,5. ,5 0 0 0 0 3 3 3 3 2 1 q,5 ,3 ,5
1 q1 2. 2 0 0 0 0 5 5 5 2 q5 q5 5 q1 1 ,6. 0 2 2 2 2 q1 ,6 q,5 q,3 q,5 ,3 ,5 1. 1 - - 0 q0 3 q,6 q0 3
q,6 q0 3 q,6 q,5 q,3 ,5 ,3 ,5 ,3 ,5 ,3 ,5 1. 1 - - 2 5 - - - 5 - - 5 5 4. 4 - 4 - - - 0 5 5 5 2 5
q0 5 5 5 1. 0 5 5 5 2 5 0 ,6 ,6 ,6 ,5 q0 3 3 q3 3 2 q5 0 2 2 2 1 ,6 ,6 2 ,6 ,5 ,5 3 ,6 q,5 ,5 2 ,6
,5 ,5 3 ,6 ,5 ,5 2 ,6 q,5 ,5 2 - 5 - - 5 5 - 1 - 1 - - -
%END
