%我爱玫瑰园.txt
% 出处 http://www.jianpu.cn/
title=我爱玫瑰园
tag=张学友
usertag=张学友
tagroute=
transcriber=jianpu2-auto
status=ocr
source=jianpucn-52552
%--
4/4
subtitle=score
1 1' 1 2 0 x 1 x x' x x' x x x' 3'. 1' 6 6 0 6 2'. 7 6 7 6 5 5 1 1'. 6 4 6 5 6 5 x 2. 4 4 6
5. ,7 2 1 1 1 ,5 ,5 1 1 1 ,5 ,5 ,5 1 1 1 1 2 3 0 3 q4 ,6 2 x 2 2 2 ,6 ,6 x 2 2 2 2 3 4 0 4
2 2 ,5 1 1 x 2 2 2 ,6 ,6 x 3 3 3 3 4 5 0 5 1 0 7 7 7 6 6 0 0 7 6 6 5 5 5 6. 5 5 1 0
x 1 1 5 ,5 6 6 6 6 6 7 5 6 1' 0 0 1' 0 1 2' 2 0 1' 0 6 2. 0 0 0 6' 1' 3 0 0 3 6. 6 6 3 6
6 5 6 0 q0 1 0 6 ,3 ,7 7 2 1' 1 1 1' 0 0 2 ,1' 0 0 1' 0 0 0 0 0 1 5 0 0 0 1 1 5 5 0 0 3.
1 5 6 2 2 7 3' 2 6 1 1' 1' 4. 3 3 4 5 1'. 6 5 3. 2 2 1 4. 3 3 4 5 5 1' 2' 5' 0 0 0 3 2 2 2
4 4 6 5 5 - 7 2' 1' 0 0 0 1 1 1 ,5 ,5 1 1 1 ,5 ,5 1 -
%END