%我的要求不算高.txt
% 出处 https://www.jp114.com/jianpu/1218096.html
title=我的要求不算高
tag=
usertag=
tagroute=
transcriber=jianpu2-auto
status=ocr
source=jp114-1218096
%--
4/4
subtitle=score
1 - - 2 qx - - 1 1 - x' x' x 2 q3 3 3 2 2 1 2 2 1 ,6 ,6 1 0 2 3 3. 5 3 2 1 2 1 1 ,6 1 0
5 ,,5. 5. 6 7 6 5 6. 5 5 q4 1. 1 1 5 - q3 3 3 3 2 1 2 1 1 q6 1 0 3. q2 3 2 3 2 3 3 x 2 3 3
2 1 3 2 1 q3 q3 3 3 qx 3 qx x 3' 3 qx x 3 3 3 1 3' 2' 1 5 5 5 5 5' 3 2. 3 1. 1 3 0 3 0 ,3 0
2 ,6 0 1 5 q5 3 5 ,1 1 6 0 3 0 3 3 0 3 2. 1 1 1. 3 3 ,1 0 0 0 0 0 1 1 1 q6 1 3 3 ,6. q3 ,6
3 3 3 3 q3 3 1'. 3' 2' 1 5 5 5 0 5 5 3 5 3 3 3 3 2 1 1' 6' 1 5 5 3 5 3 5 0 0 0 1 1 1 q6.
4 4 4 5 5 5. 6 3 2 1 1 1' 1 6' 4 4 4 5 5 5 0 2 q2 1 1' 1' 1' q6 q5 4 4 4 5 x 2. 3 q3. q,2 1 1
1 1 1' 1 6 6 5 ,4 5 x 5 1 1 ,2'. 1' x' 5' 5 x 5 2 x 2 1 1 6 0 5 5. 6 5 q3 1 2 1 1 1 ,6 1 0
x. 1' 1' 1 6 5 4 q5 q5 q5 ~ q5 1 1 q2 1 1 ~ 1' 1 1 6 4 5 q5 q5 1' 1'
%END
