%我的母校叫希望小学.txt
% 出处 https://www.jp114.com/jianpu/1373036.html
title=我的母校叫希望小学
tag=
usertag=
tagroute=
confidence=0.956
conf_p10=0.826
transcriber=jianpu2-auto
status=ocr
source=jp114-1373036
%--
4/4
subtitle=score
x 5. 5 1 2 3. 5 3 2. 3' 2 6 - 1. 5 1. 3' 2. 3' 2 5 2 - x 5 3 5 3 1. 3 5 5 3 5 1 5 2 3'. 1 1
6 5 6 5 1 x 5 - 5 1 3 5 3 1 3 5 6 - 2 6 5 6 5 3 2 3 2 1 - 3 3 5 6 6 5 2' 5 6 - 5
5 3 3' 2 6 7 6 5 - 3 5 3 6 7 6 1 6 2 0 5 3 5 6 6 6 5 3 1 3 1 3 5 3 6 4 5 6 7 6 0
3 3 2 3 3 3 2 1 6 5 3' 5 3' 3' 2 2. 2 6 0 5 6 2' 5 2' 3 3 5 6 7 5 7 6 7 6 5 3 0 3 4 5
6 5 4 - - x ,1 2 4. - - 0 5 3 2 2. 2 6 3 - - 0 3 - - 0 5 7 q6 q6 7 q6 5 3 0 5 6 2 3' -
- - - - - 0 0 0 1 0 3. 4 5 6 5 3 - - - 3 - - - 3 0 0 0
%END
