%我的世界变美丽.txt
% 出处 http://www.jianpu.cn/
title=我的世界变美丽
tag=刘德华
usertag=刘德华
tagroute=
transcriber=jianpu2-auto
status=ocr
source=jianpucn-35246
%--
2/4
subtitle=score
- - 4 1 x x x ,5 1 3 5 5 - ,6 4 2 ,7' ,7 0 ,3 ,7 2 2 ,6 1 5. 0 ,6 ,1 2' 2 0 ,5 ,6 ,1 2 5 q1 q7 q5
2'. 3 q5 3 3 q0 q,5 3 4 2 1 2 0 ,7 ,5. 2 1 0 ,1 2 3 4 2 1 1 q0 ,1 2 q3 4 2 ,1 2 0 s,5 3 3 0 ,5 3
4 2 1 2 4 4 5 2 q4 3 ,1 ,1 2 ,7 x ,6 1 1 3 3 5' - 0 ,,7 1' 5 1 1 0 q7 q2' 5 1' 1 4 3 1' 1 0 3
2 - q0 ,5 3' 3 3 3' 0 q1 1 5 5 0 3 3 5 6. 7 1 3' - 3 0 q2 q3 2 1 ,6 0 q5 q6 q1 2. 3 3' 3 3 2 1
2. 5 5' 3 3 0 1 2 5 5 5 7 q1' 5 1' 1 4 3 1' 1 0 3 2 0 q,5 q,5 3 3 3 3' q0 ,,1 q1 ,5 q5 5 0 3 3 6.
7 6 3 3 7 7 6 5 5 - 2 3 2 1 ,6 - q0 5 q6 1 2. 3 3 q3 3 q2 ,1 0 ,1 5 6 7 s7 q6 5 5 0 6 7 5.
,5 3 - 3 0 2 q3 q2 1 ,6 - 2 3 2 q1 ,6 - 2 3 2 q1 q,6 0 q2 3 2 1 1 x 1 5 - q0 q,6 q,6 q1 2. 3 3 3
3 q3 q2 ,1 ,1 3 q3 3 q3' q1 2 3 3 3 1 2. 3 3 3 3 - 1 q1 1 5 - 5 5 5 3 2 1 1 1 5 1 4 3' 2' 2'
- 2' - 0 q,5 q3 3 - 3 4 3 1 2 0 1 ,5 0 2 1 0 ,1 2 3 4 2 ,1 1 - 0 ,1 1 2 2 3 3' - 3 - 3 0
%END
