%我落泪情绪零碎.txt
%我落泪情绪零碎钢琴.txt
% 出处 https://www.jianpujia.com/
title=我落泪情绪零碎
tag=周杰伦,分类/钢琴谱
usertag=周杰伦,分类/钢琴谱
tagroute=
transcriber=jianpu2-auto
status=ocr
source=jianpujia-384854
artist=周杰伦
%--
4/4
subtitle=score
5 6. 1 4 3 3 2 1 1 - 7 1 2 7 2 5 2 1 1 - 1 4 3 1 2 2 3 5 5 2 7 1 5 1 5 4 1 6 4 4
2 7 3 7 7 5 6 3 1 5 x 0 - 0 - 0 0 0 0 - - 0 4 4 4 4 5 1 1 0 6 7 1 6 5 7 1 5 1 4
1 3 3 1 2 1 2 3 2 2 2 2 3 3 3 4 4 4 1 1 1 ,7 ,1 1 1 1 ,2 ,6 1 ,6 1 6 1 6 ,5 5 ,5 5 ,5 ,5
,1 ,5 ,5 ,5 1 5 1 4 1 3 3 1 2 1 2 3 1 5 1 4 1 3 3 1 2 1 2 3 1 5 1 4 1 3 3 1 2 0 qx 4
4 4 3 3 3 4 4 4 q,4 1 1 1 ,1 1 1 1 q,4 1 1 1 4 6 6 6 1 5 5 5 4 6 6 6 1 1 1 4 1 0 1 1
1 1 1 1. 1 1' 1 5 1 4 1 3 q7. 7 7 q6. 6 6 5 1 - - - x 4 4 4 1 5 1 5 1 5 1 5 ,4 ,6 ,6 ,6 ,1
- - -
%END
