%我钢琴_2.txt
% 出处 https://www.jianpujia.com/
title=我钢琴
tag=
usertag=
tagroute=
transcriber=jianpu2-auto
status=ocr
source=jianpujia-149605
%--
4/4
subtitle=score
0 1 5 2 1 5 3 5 - 5 3 2 3 5 - - 5 2 3 3 2 0 5 4. 4 5 1 5 3 1 3 - 1 - - - 4 1 5 6
1 5 6 7 1 - 0 0 1 1. 1 6. 7 5 5 - 0 3 5 1 2 2 - 7 1 7 5 2 3 0 1 5 6 0 0 ,1 1 1 3 5
5 5 0 0 0 ,6 ,3 ,7 1 1 2 - - 3 4 3 1 5 6 7. 1 7 5 4 3 5 4 6 5 x 2 1 3 7 2 1 7 5 2 6
3 4 4 6 3 1 7 5 3 3 7 3 2 2 1. 1 1 3 2 1 2. 2 2 4 2. 2 5 5 6 5 7 6 1 7 2 1 2. 2 2 4
2. 2 5 - - - 5 - - - ,7. ,7. ,5 5 4' ,4 4 ,4 4 2. ,2. ,2. ,2 2 1. ,1 1 ,1 1 0 0 0 0 0 0 0 0 x 1 7
x 7 1 7 5 2 - 2 3 1 6 6 5 3 3 - - - 0 3 3 5 5 4 3 1 5 2 3 3 - 4 1 4 3 3 - 1 5 2
3 3 - 1 5 7 5 2 - 2 1. 1 - 0 1 7 5 2 2 3 4 2. 2 1 4 0 4 4 4 7 6 6 7 1 1 1 1 4 1 6
2 5 - 4 1 5 6 1 - 2 6 4 6 6 - 5 5 1 7 - x 0 0 - - 0 - - 2 5 3 3 3 5 5 5 6 5. 5. 1
2 3 4 3 1 0 4 5 4 1 - - - 0 1 1 3 3 4 3 1 5 2 3 3 - 5 2 6 1 5 - 1 1 7 5 ,5 - 3 1
7 5 ,5 - 2 4. 1 1 1 1 1 1 1 6 1. 1 - 0 3 1 5 0 2 3 2. 4 4 - 0 6 6 6 6 6 6 7 1 1 4 1
5 6 1 - 4 1 5 6 2 1 7 1 2 6 1 4 6 7 1 4 2 2 6 4 1 6 4 1 x - - - - - - - - - - -
- - - 3 3 3 1. ,7 5 - q1 q1 - 7. ,7. 7 7 1 1 5 5 4. q4 q4 q5 q5 ,5 3 - - - 0 ,3 1 ,3 1 1 1 1' 1
,5 1 ,4 1 ,3 1 q,5. q,5 q,,5 q,5 ,5 ,6 ,5 ,1 5 2 5 2 5 2 5 5 5. 5 5 5 1 5 3 5 1 2 3 5 1 1 5 1 3 1
1 0 0 0 0 - 0 0 0 0 - - 3 7 1. 6 ,1 6. ,2. 6 2 - 3 2 4 3 6 6 5. 5 6 6 2 - 6 6 7 7 ,1 1
4 4 ,4 2 ,4 2 ,4 2 ,4 1 ,3 1 ,3 1 ,3 1 2 7 1 6 5 4 1 4 1 6 4 3 2 4 1 4 1 6 4 3 2 2 6 4
2 6 4 2 6 5 4 1 2 4 4 1 - 0 - - - - - - - - 0 - - - 4 1 3 3' 1 1 7 5 6 5 3 3 5 5
4 3 1 - 7 1 2 3 6 1 6 2 3 2 1 ,7 5 4. 4 5 5 1 7 5 3 1 1 1 1 1 1 1 1 6 6 5 q,5 ,3 ,3 ,3
,1 ,5 ,1 ,3 1 5 3 5 3 5 3 5 5 2 7 2 5 5 1 5 1 5 1 5 1 5 1 1 3 1 1 1 1 - - - - - - -
- - - - - 4 5 ,3 1 2. 2 - 5 5 4 4 3 3 3 3 6 5. 5 6 6 ,4 ,4 6 6 ,3 6 ,2 - 0 ,4 6 ,4 6 6 6
6 3 2 2 1 4 1 4 1 6 1 4 1 4 1 4 1 6 1 7 1 2 6 2 3 4 3 4 5 2 5 6 - x - - - - - -
- - - - - 1 - - - 1 1 7 5 2 5 4. 4 5 4 2 6 7 2 3 1 6 3 4 1 5 2 3 5 - 1 5 2 3 3 3
7 4 5 5 4 1 5 6 6 x 5 3 x 4 3 5 4 5. 5 4. 4 6. 6 5 1 6 1. 1 1 2. 2 1. 1 4 2 5 - 0 4 5
4 4 5 2 1 6 1 2 1 5 - 0 0 5 5 x. 3 5 5 5 1 - - - 0 3 3 3 3 4 3 2 1. 1 - 0 0 0 2 3
1 7 7 1 2 5 2 7 2 5 2 1 2 5 2 7 2 5 2 ,4 1 5 1 7 1 5 1 ,4 1 5 1 7 1 5 1 3 5 4. ,4. 2.
4 ,1 4 1 - 0 6 ,1 6 ,1 ,1 ,1 6 1 6 7 1 ,7 5 - 5 5 6 6 7 7 5 5 4. 4 4 5 5 ,5 3 - - - 4 3
3 ,5 ,1 ,3 2 6 1 4 6 2 4 1 2 6 1 6 1 6 1 6 5 2 5 2 5 2 5 5 5 - - - 1 5 1 5 1 2 3 5
x 0 - - - - - 0 - 0 - - - 0 0 0 0 6 q4 3 3 5 5 4 3 1 2. 2 2 6 7 1 0 1 1 1 1 1 1 1
1 6 6. 6 - 3 2 4 3 6 6 5. 5 6 6 - 6 7 1 1 1 3 1 3 1 4 1 4 1 6 1 4 1 4 1 4 1 6 4 3
2 2 6 4 2 6 4 2 6
%END
