%战士唱首西沙谣.txt
% 出处 https://www.qupu123.com/
title=战士唱首西沙谣
tag=分类/民歌
usertag=分类/民歌
tagroute=
transcriber=jianpu2-auto
status=ocr
source=qupu123-333700
%--
2/4
subtitle=score
2 5 6 1' 1 5'. 1 4' 1 1 5. 1. 2 4 5 6 1 5 6 5. 5. x 5 6 ,1 1 6 2 ,7 ,6 1 0 0 2 2 5 3 2 ,7 ,6
,5 0 ,6 ,5 1 2 5 3 2' 2. 2 2 6 5' 4' 1 6. 5 2 5 3 2 ,6 0 2 ,7 ,6 ,5 0 2. 5 6 1' 5 2 4 5 5 6 5
2 q4 1 2 2. 5 0 1 5 1 2 ,2 2 ,2 6 6 5. 2 3. 2 ,7 ,5 1 0 6 1' 6 4 5 1'. - 1 7 6. 4 2 6. ~ 6 x'
2' 1. 2' 1' 5 ,1 6 1 4 2 6 7 6 ~ 6 - 5. 6 0 4 3 2 0 ,5 1 2 4 5 6 ~ 6. 1 2 0 0 6 1. 2' ,1 6
5 5 5. x q5 q1 2. 6 1. 2 1 6 5. ,1 4 1 2 5 ,7 ,5 2 3 1' ~ 1 - 4. 6 1'. 7 2 0 0 6 2 ,1 6 1 1'. 1
-
%END
