%执迷不悔钢琴.txt
% 出处 https://www.jianpujia.com/
title=执迷不悔钢琴
tag=分类/钢琴谱
usertag=分类/钢琴谱
tagroute=
transcriber=jianpu2-auto
status=ocr
source=jianpujia-249763
todo=refine the filename
%--
4/4
subtitle=score
q1 - - 4 qx - - 7 2 0 1 1 1 1 1 2 3. 5 5 4 4 1 4. 3 - 0 1 1 1 3 5 5. 5 6 5 5 4. 5 - 1
1 1 3 3 4 4 1 1 6 6 3 3 4 4 5 5 x 1 x 1 x 5 x 0 1 1 1 5. 5 6 1 6 5 0 3 4. 4 2 1 1
0 5 5 3 2 1 1 - ,1 ,1 ,3 ,3 ,4 ,4 ,3 - ,4 ,4 ,6 ,6 5 ,5. ,1 - x x 0 1 1 1 1 1 2 3. 5 5 4 4 1 4.
3 - 0 1 1 1 3 5 5. 5 6. 5 5 4 5 5 - 1 1 5 3 7 4 1 1 5 6 3 3 7 4 1 5 - x 1 1 1 x 1
3 x 0 1 1 1 5. 5 6 1 6 5 0 3 4. 4 2 1 1 0 5 5 3 2 1 1 - 1 - - - - - - - - - - - -
- - - - 2 5 1 5 3 7 4 1 3 7 4 1 6 - 5 - 1 - x x x x x 1 7 x 0 6 6 6 6 6 6 6 5 6
6 ~ 6 5. 0 5 5 5 1 7 1 1 6. 0 6 6 6 6 6 1 6 5 6 ~ 6 5 0 4 4. 0 4 4 4 4 1 4 1 4 5 2
5 3 7 3 6 3 6 4 1 4 3 7 3 4 1 4 4 1 4 x 2 1 x 6 5 6 5 5 - 0 3 3 3 3 3 2 2 7 6 5
0 6 6 6 6. 5 5 3 2 1 0 4 4. 5 6 6 5 5 4 5 - - - 1 5 1 5 3 7 3 7 4 1 4 1 1 5 1 5 2
6 2 6 3 7 3 7 x - - - - - - - - - - - -
%END
