%把梦种在蓝天上.txt
% 出处 https://www.jp114.com/jianpu/1083195.html
title=把梦种在蓝天上
tag=
usertag=
tagroute=
confidence=0.951
conf_p10=0.892
transcriber=jianpu2-auto
status=ocr
source=jp114-1083195
%--
4/4
subtitle=score
5 5 6 4 5 2 4 5 4 2 5 5. 0 ,7 7 1 2 2 0 0 0 0 0 0 0 0 4 2 5 0 0 0 4 5 q4 q5 4 5 ,7 7
q1 ,7 ,5 0 0 4 4 4 4 2 5. 1 5 - - 0 ,7. ,1 2 2 2 2 0 0 3 4 3 x 1 0 0 0 q2 q2 2 4 5 - - 0
0 0 ,6 ,7 1 2 2 0 2. 4 5 5 2. 4 5 5 2 4 5 0 7 ,1 7 ,1 2 2 ,1 2 ,1 2 4 4 ,5 ,5 ,5 ,5 ,7 ,7 1 2
2 0 0 2 2 1 - 0 7 7 ,7 ,7 ,5 0 ,7 ,7 0 2 2 2 4 2 4 5 5 6 0 2 5 - - 6 6 5 0 7 ,1 7 ,1 ,2
4 2 4 5 5 6 ,5 0 2 4 5 5 6 5 x 2 4 7 ,1 7 1 2 2 4 0 2 5 - - 4 4 5 0 0 0 5 2 q2 ,1 2
s2 5 q2 2 ,1 2 q2 5. 2 5 s5 s6 q5 s4 q2 q4 5 s6 q6 s6 5 0 x 5 - - - 4 - 5 - 6 - - - 6 0 5 5 5
0 - - - - 2 - 1' - - -
%END
