%把窗儿打开.txt
% 出处 http://www.jianpu.cn/
title=把窗儿打开
tag=
usertag=
tagroute=
transcriber=jianpu2-auto
status=ocr
source=jianpucn-89829
todo=add tags
%--
4/4
subtitle=score
x 5. x 3 - 2 0 1 ,7 1 2 2 3 2 - 5 4 x 2 0 1 ,7 1 2 1. ,7 ,4 x. 5 x x x 5 0 0 5 4 5 5 0
5 5 6 5 4 2 0 2 3 2 1 2 2 0 2 3. 2 1 ,6 ,5. 0 5 6 5 4 5 5 0 5. 5 6 5 4 2 0 2 3. 2 1 1.
2 2 0 2 3 2 1 1 6 5 5 0 q,6. 1 ,6 ,,5 ,6 ,1 4 ,3 2. 5 5 5 6 5 4. 3 ,2 ,7 6 1 5'. 6 4 3 2 1 2 2
,5. 7 6 5 2 6 6 5 - 5 0 5 6 5 4 5 5 0 5 5 6 5 4 3 2 0 2 3. 2 1 2 1. - 2 0 2 3. 2 1 ,,6
,5 0 5 5 5 4 5 5 0 5 5 5 6 5 4 3 2 0 q2 q2 3 2 1 2 2 - 2 0 2 3 2 1 6 5 5 0 ,5 0 5 5
qx q5 5 0 5 5 q6 q5 4 3 2 0 2 3' 2 1 2. 2 0 2 3 x' 2' 2 1 - 5 0 5 5 ,6 5 4 5 5 0 5 5 5 6
5 4 2 0 2 q2 3 2 1 2 2 0 2 2 3 2 ,1 0 ,6 ,5 0 5 5 6 q5 4 5 5 0 5 5 5 6 5 4 3 2 0 2 2
3 2 1 2 2 0 2 2 3 2 1 6 5
%END
