%抓住流星的长尾巴.txt
% 出处 https://www.jp114.com/jianpu/1094599.html
title=抓住流星的长尾巴
tag=
usertag=
tagroute=
confidence=0.986
conf_p10=0.980
transcriber=jianpu2-auto
status=ocr
source=jp114-1094599
%--
4/4
subtitle=score
3 5 2 - 3 5 2 - 3 3 2 2 2 1 - - - x x 5 1 1 7 2 1 0 7 6 6 x 5. 6 - 5 1 1 7 2 1 7
7 6 5 4 3 4 5 1 6 6 7 6 6. 7 7 1 2. 1 1 7 6 6 5 5 0 1 5 4 3 2 - 2 3 4 6 5 3 5 - 3
2 1 1 1 - - - 3 5 2 2 3 5 2 2 - 2. 3 4 3. 7 7 2 q2 1 q1 7 6. 5 6. 7 7 1 2. 1 1 7 6 3 5
5 - 3 5 5 2 2 - 3 5 5 2 2 - 2. 3 3 4 5. 5 5 7 q2. 1 1 7 1. 7 7 6 0 6 7 1 2 1 7 6 3 5
5. 5 6 1 1 6 1' 6 1 3 2' 2 1' 2 - 3 5 2 2 3 5 2 2 3 5 3 3 - 3 5 ~ 5 5 - 5 - 4 3 2 1
2 1 7 6 0 0 0 5 1 1 x 1 - - 1 - - - 1 0 0 0 0
%END
