%披风钢琴_2.txt
% 出处 https://www.jianpujia.com/
title=披风钢琴
tag=
usertag=
tagroute=
transcriber=jianpu2-auto
status=ocr
source=jianpujia-149724
%--
4/4
subtitle=score
x 1 x 7 7 7 7 7 7 7 7 7 7 7 7 5 5 5 5 5 5 5 5 5 5 5 5 3 3 3 3 3 3 3 3 3 3 3 3 ,1
,5 1 - 1 1 5 ,1 ,5 1 - 0 1 5 ,1 ,5 1 - - 0 2 1 2 0 1 2 1 2 3 3 0 0 2 1 2 0 1 2 1 5 3
3 2 3 4 4 4 4 3 5 5 4. 0 2 1 1 5 7 5 1 5 7 5 1 5 6 5 1 5 6 5 4 1 4 1 4 1 4 1 x -
- - - - - - - - - - - 3 0 4 2 2 0 0 0 2 1 2 0 1 2 1 2 3 3 q7 6. 5 5 5 0 0 5 6 4 1
,5 5 2 ,5 1 5 7 5 1 5 7 5 1 5 6 5 1 5 6 5 x 1 0 x 5. 1 1 1 0 0 2 3 4 4 4 4 3 2 3 2.
2 3 1 1 0 0 0 1 3 4 1 4 1 4 1 4 1 4 1 5 5 2 5 1 5 1 5 1 - 1 - - - - - - - - 1 7
1 7 1 1 7 6 5 5 0 0 0 1 1 7 1 7 1 1 7 1 5 4 1 4 1 4 1 4 1 5 2 5 2 5 2 5 2 4 1 4
1 4 1 4 1 x - - - - - - - - - - - - 5 - 0 0 5 6 6 1 1 3 3 4 2 2 1 2 5 7 7 7 2 2
2 5 3 3 3 5 2 5 2 5 2 5 2 4 1 4 1 5 2 5 2 3 7 3 7 6 3 6 3 x - - - - - - - - - -
- - x 1 x 4 3 3 2 2 1 1 6 1 0 2 1 7. 1 1 2 2 - - 0 3 1 4 4 1 4 1 4 1 4 1 5 2 5 2
5 2 5 2 1 5 7 5 1 5 7 5 1 - - - - - - - - - - - - x 2 2 x 2 - 7. 1 1 2 2 - - 0 0
0 0 0 x 1 5 1 3 ,1 ,5 ,7 ,5 ,1 ,5 ,7 ,5 ,1 ,5 ,7 ,5 ,1 ,5 ,7 ,5 ,1 - - - x 2 5 x 0 2 1 2 0 1 2 1
2 3 3 0 0 2 1 2 0 1 2 1 5 3 3 2 3 4 4 4 4 4 3 5 5 4. 0 2 1 1 5 7 5 1 5 7 5 1 5 6
5 1 5 6 5 4 1 4 1 4 1 4 1 1 - - - - - - - - - - - - 3 0 4 2 2 0 0 0 2 1 2 0 1 2
1 2 3 3 1 6. 5 5 5 5 4 4 3 1 4 1 5 5 2 5 1 5 7 5 1 5 7 5 1 5 6 5 1 5 6 5 x - - -
- - - - - - - x 3 1 x 1. 6 6 0 0 2 3 4 4 4 4 3 2 3 2. 2 3 1 1 0 0 0 1 3 4 1 4 1 4
1 4 1 4 1 5 5 2 5 1 5 1 5 1 x - - - - - - - - 1 7 1 7 1 1 7 6 5 5 0 0 0 1 1 7 1
7 1 1 7 1 5 4 1 4 1 4 1 4 1 5 2 5 2 5 2 5 2 4 1 4 1 4 1 4 1 x - - - - - - - - -
- - - 5 - 0 0 5 6 6 1 1 3 3 4 2 2 1 2 5 7 7 7 2 2 2 5 3 3 3 5 2 5 2 5 2 5 2 4 1
4 1 5 2 5 2 3 7 3 7 6 3 6 3 x 0 0 0 0 0 0 0 - 0 - - - x q4 0 x 1 1 1 4 3 3 2 2 1
1 6 1 0 2 1 7. 1 1 2 2 - - 0 3 1 4 1 4 1 4 1 4 1 5 2 5 2 5 2 5 2 1 5 7 5 1 5 7 5
1 0 0 0 0 0 0 0 - 0 - - - x 4 3 x 2 - 7 5 6 1 5 1 2. 2 2 6 5 1 7 1 2 5 0 1 7 5 1
5 7 5 1 4 1 4 1 4 1 4 5 2 5 2 5 1 - - - - - - - x 4 6 x 1 7 1 7 1 1 7 6 5 5 0 0
0 1 1 7 1 7 1 1 7 1 4 1 4 1 4 1 4 1 5 2 5 2 5 2 5 2 4 1 4 1 4 1 4 1 x q4 x 5 - -
0 5 6 6 1 1 3 3 4 2 2 1 2 5 7 7 7 2 2 2 7 5 5 5 5 2 5 2 5 2 5 2 4 1 4 1 5 2 5 2
3 7 3 7 6 3 6 3 1 - - - - - - - - - - - - 6 5 5 5 1. 1 - 0 0 7. 1 1 2 2 - 0 0 3 1
4 4 1 4 1 4 1 4 1 5 2 5 2 5 2 5 2 1 5 7 5 1 5 7 5 x - - - - - - - - - - - - 2 0
7. 1 1 2 2 - - 0 3 3 3 2. 2 - - 1 x ,7 1 ,1 ,5 ,7 ,5 ,1 ,5 ,7 ,5 ,1 ,5 ,7 ,5 ,1 ,5 ,7 ,5 ,1 - - -
%END
