%拥抱.txt
%拥抱钢琴.txt
% 出处 https://www.jianpujia.com/
title=拥抱
tag=五月天,分类/钢琴谱
usertag=五月天,分类/钢琴谱
tagroute=
transcriber=jianpu2-auto
status=ocr
source=jianpujia-150412
artist=五月天
%--
4/4
subtitle=score
1 - - 4 q1 - - 6 7 x. 0 1 1 x. 1 1 5 - 0 0 4 - 0 0 3 - 0 0 1 - 6 1. 4 6 3 1 3 5 3 7
2 4 4 1 1 3 3 1 4 6 3 1 3 5 3 7 2 4 4 1 1 3 3 1 x 5 x 3 1 6 3 2 5 2 2 1 1 1 1 6
1 7 5 3 1 6 3 2 5 2 2 1 1 1 1 6 0 1 1 1 1 4 6 4 1 3 5 3 7 2 4 2 6 1 3 1 5 4 6 4
1 3 5 3 7 2 4 2 6 1 3 1 5 x x 3 1 6 3 2 5 2 2 1 1 1 1 6 1 7 5 3 1 6 3 2 5 2 2 1
1 1 1 6 0 1 1 1 1 ,4 ,6 4 1 ,3 ,5 3 ,7 ,2 ,4 2 ,6 ,1 ,3 1 ,5 ,4 ,6 4 1 ,3 ,5 3 ,7 ,2 ,4 2 ,6 ,1 ,3 1
,5 1 1 6 1 1 1 7 5 7 6 6 6 2 0 1 2 3 1 6 1 1 1 7 5 7 3 1 6 5 1 1 1 1 4 6 4 1 3 5
3 7 2 4 2 6 1 3 1 5 4 6 4 1 3 5 3 7 2 4 2 6 1 3 1 5 1 1 1 1 1 1 1 2 5 5 1 1 6 5
3 2 1 1 2. 2 6 1 6 1 - - 3 - 2 1 0 1 1 4 6 5 1 3 5 5 7 2 4 5 1 1 3 5 1 4 6 5 1 3
5 5 7 4 6 5 1 3 5 5 7 0 0 0 0 0 1 1 1 ,1 2 5 5. 5 4 3 1 6 5 2 1 0 1 1 1 1 2 5 5. 5
2 4 5 1 1 3 5 1 4 6 3 1 3 5 3 7 2 4 4 1 1 3 3 1 4 6 3 1 3 5 3 7
%END
