%拯救.txt
% 出处 https://www.qupu123.com/
title=拯救
tag=分类/通俗歌曲
usertag=分类/通俗歌曲
tagroute=
transcriber=jianpu2-auto
status=ocr
source=qupu123-380888
%--
4/4
subtitle=score
1 3 7 6 2 7 6 - 0 0 1 3 7 6 2 7 6 7 1 - 0 1. 2 3 2 7 5 5 - 6. 1 7 5 3 0 5 6 0 0 7
6 7 7 1 6 0 0 0 0 1 3 7 6 2 7 6 - 0 0 1 3 7 6 2 7 6 7 1 - 0 1. q2 q3 q2 s7 q5 5 6. 1' 7
s5 q3 0 s5 q6 0 0 7 6 2 2 7 6 0 0 2 6 6 6 6 6 7 6 6 3 6 6 6 6 6 7 6 6 0 6 7 1 7 6 4.
3 - - 0 - - - - - - - - - 2 6 6 6 6 6 7 6 6 3 6 6 6 6 1 7 6 6 0 1 1 1 6 6 1 2 3
- - - - - - - - - - - - - - - 0 0 0 3 - - - 0 3 6 1 7. 6 6 - 0 7 1 2 4. 4 5 3 - 0
3 6 1 7. 6 6 1 2 6 6 - 0 0 7 6 7 6 7 7 - - 0 3 6 1 7. 6 6 - 0 7 1 2 4. 3 3 2 1 1 0
3 6 1 7. 6 6 1 2 6 6 0 q3 q2 q3 q2 3 3 3 3
%END
