%挥着翅膀的女孩.txt
% 出处 https://www.qupu123.com/
title=挥着翅膀的女孩
tag=分类/通俗歌曲
usertag=分类/通俗歌曲
tagroute=
transcriber=jianpu2-auto
status=ocr
source=qupu123-381442
%--
4/4
subtitle=score
x 3 3 4 5 6 7 1 3 4 5. 5 1. 6 5 1 5 1 4. 1 2 3 3 3 4 5 1 2 3 3 3 4 5 2 3 4 4 3 1 4
3 4 6 1 2 1 2 3 3 4 5 6 7 - - - - - - - - - - - - - - - - - - - - - 5. 6 5 4 3 4
5. 1 1. 6 5 1 0 1 2 3 4 5 6 5 4 3 2 1 1 1 2 3 1 2 7 5 1 1 - - - 6 6 7 1 6 7 1 2 7
1 1 2 3 1 2 1 5 5 - - - - - - - - - - 6 5 4 3 2 4 3 2 7 2 1 7 x 0 6 6 6 7 7 6 5
5 2 1 0 1 2 3 4 3 4 4 3 4 4 0 3 4 3 4 4 2 2 1 7 1 4 4 6 5 1 - - - - - - - - - -
3 2. 5 7 1 4. 1 2 - 0 0 3 - 1 - 1 ,5 ,6 ,4 ,5 2 5 7 2 5 1 - - -
%END
