%放钢琴_2.txt
% 出处 https://www.jianpujia.com/
title=放钢琴
tag=
usertag=
tagroute=
transcriber=jianpu2-auto
status=ocr
source=jianpujia-149990
%--
4/4
subtitle=score
1 0 0 0 0 0 0 0 0 0 0 0 0 1 5 4 5 7 7 1 2 2 5 4 5 7 7 1 2 5 4 5 7 7 1 2 x - - -
- - - - - 0 0 x 4 x 1 0 0 0 0 0 0 0 0 0 0 0 0 1 2 5 4 5 7 7 1 2 5 4 5 7 7 1 2 2
5 4 5 7 7 1 2 x - - 0 0 - - - - - 0 0 x 7 x 1 0 0 0 0 0 0 0 0 0 0 0 0 1 5 4 5 7
7 1 2 2 5 4 5 7 7 1 2 5 4 5 7 7 1 2 x - - - - - - - - - - x 1 0 x 1 0 0 0 0 0 0
0 0 0 0 0 0 1 2 5 4 5 7 7 1 2 5 4 5 7 7 1 2 2 5 4 5 7 7 1 2 x - - - - - - - - -
0 0 x q2 q1 q7 q5 q3 q2 q7 q3 q2 5 4 5 7 7 1 2 x 0 0 - q2 q2 q2 q2 q0 0 q2 q3 q4 2 5 4 5 7 7 1 2
x 0 0 - - 4 3 4 0 0 0 0 0 2 3 4 4 3 2 2 1 1 7 5 4 5 7 7 1 2 2 5 4 5 7 7 1 2 5 4
5 7 7 1 2 x - 0 - - 0 0 - 0 - - 1 x 7 5 6 5 6 2 7 7 - 0 0 0 0 0 0 2 5 4 5 7 7 1
2 5 4 5 7 7 1 2 2 5 4 5 7 7 1 2 x - - 0 0 - - - - - 0 0 2 1 7 5 3 2 7 5 2 2 2 2
0 0 2 3 4 4 4 3 4 5 6 2 4 5 4 5 7 7 1 2 2 5 4 5 7 7 1 2 5 4 5 7 7 1 2 x - - - -
- - - - 0 0 4 2 0 0 6 5 6 5 5 4 4 3 3 2 2 1 1 7 1 0 2 6 1 2 5 4 5 7 7 1 2 5 4 5
7 7 1 2 2 5 4 5 7 7 1 2 x 2 7 x 6 2 5 6 6 6 2 5 1 7 6 6 7 2 1 5 4 5 7 7 1 2 2 5
4 5 7 7 1 2 5 4 5 7 7 1 2 x - 0 - - 0 0 - 0 - - 1 2 1 2 3 5 5 4 5 6 1 6. 6 6. 6 6
6 5 2. 2 2 1 2 2 5 4 5 7 7 1 2 5 4 5 7 7 1 2 2 5 4 5 7 7 1 2 x - - - - - - - - -
0 0 7 6 7 2 1 1 2 1 2 3 5 5 0 4 5 6 1 2 5 4 5 7 7 1 2 2 5 4 5 7 7 1 2 5 4 5 7 7
1 2 x - - - - - - - - 0 0 2 1 1 6. 6 5 6 6. 6 6 6 0 0 0 0 0 0 0 2 5 4 5 7. 7 7 1 2
5 4 5 7 7 1 2 2 5 4 5 7 7 1 2 x - - 0 0 - - - - - - - 0 0 x 3 x 1 0 0 0 0 0 0 0
0 0 0 0 0 5 4 5 7 7 1 2 2 5 4 5 7 7 1 2 5 4 5 7 7 1 2 x - 0 - - 0 0 - 0 - - x 4
2 x 1 0 0 0 0 0 0 0 0 1 1 2 5 4 5 7 7 1 2 5 4 5 7 7 1 2 0 0 0 0 2 1 7 5 3 2 7 3
2 2 5 4 5 7 7 1 2 5 4 5 7 7 1 2 x - - - - - - - q2 q2 q2 q2 q0 0 q2 q3 q4 4 3 4 0 0 0 0
0 2 3 4 4 3 2 2 1 1 7 5 4 5 7 7 1 2 2 5 4 5 7 7 1 2 5 4 5 7 7 1 2 x - 0 0 - - -
- - - - 7 5 6 5 6 2 2 2 - 0 0 0 0 0 0 2 5 4 5 7 7 1 2 5 4 5 7 7 1 2 2 5 4 5 7 7
1 2 x 0 - 0 - 0 0 - 0 0 - - 2 1 7 5 3 2 7 5 2 2 2 2 0 0 2 3 4 4 4 3 4 5 6 2 4 5
4 5 7 7 1 2 2 5 4 5 7 7 1 2 5 4 5 7 7 1 2 x - - - - - - - - - - 4 2 0 0 6 5 6 5
5 4 4 3 3 2 2 1 1 7 1 0 2 6 1 2 5 4 5 7 7 1 2 5 4 5 7 7 1 2 2 5 4 5 7 7 1 2 x 5
x 6 2 5 6 6 6 2 5 1 7 6 6 7 2 1 5 4 5 7 7 1 2 2 5 4 5 7 7 1 2 5 4 5 7 7 1 2 x -
- - - - - - - 0 0
%END
