%放风筝.txt
% 出处 https://www.qupu123.com/
title=放风筝
tag=分类/合唱
usertag=分类/合唱
tagroute=
transcriber=jianpu2-auto
status=ocr
source=qupu123-318157
%--
4/4
subtitle=score
x q7 7 6 q5 3 5 q6 6 ,1' q4 q3 2 3 4 4 3 4 3 2 q1 ,1 6 q1 q1 1 q5 5 3 2 ,1 2 3 q5 5 3 q5 5 6 q1.
2 3 5 3 2 1 - ,1 q1 6 3 2 q3 2 3 2 6 q1 1 5 5 3 2 s1 s2 s3 q5 s5 s3 q5 5 6 q3. s5 q5 q6 5 q5 q3 s5
q5 3 q6 q6' s7 6 q5 q3 3 2 1 6 ,1 6 5 5 3 2 3 5 - 2 3 2 q1 6 ,1 2 3 2 1 3. 5 6 5 6 ,1 5 5 3
5 5 6 q1 q1 3 3 2 ,1 3 - 7 7 6 5 3 5 7 7 6 5 1. 2 3 2 3 5 5 3 2 3 ,1 1 7 7 6 5 3 5 6
1 ,1 4 3 2 3 4 4 3 4 3 2 1 ,1 6 1 5 5 3 2 ,1 2 3 5 5 3 5 5 6 q2 4 3 q2 q1 q2 q4 3 q2 q1 q,7
,7 ,6 ,5 ,6 ,5 ,6 1 ,1 ,6 1 5 5 3 2 ,1 2 3 q5 5 3 q5 5 6 1 7 7 6 5 3 5 6 6 ,1 4 3 2 3 4 4 3
4 3 2 q1 ,1 6 1 0 0 0 0 2 4 3 2 1 2 4 3 2 1 ,7 ,7 ,6 ,5 ,6 ,5 ,6 1 ,1 ,6 1 5 5 3 2 ,1 2 3 5
5 3 5 6 1 0 0 0 0 0 0 0 0 0 0 0 0 q3. 5 q3 q2 1 1 1 ,1 ,6 5 5 3 6 6 7 6 5 3 3 2 1 ,6 ,1
5 3 2 3 5 -
%END
