%断桥残雪钢琴.txt
% 出处 https://www.jianpujia.com/
title=断桥残雪钢琴
tag=许嵩,分类/钢琴谱
usertag=许嵩,分类/钢琴谱
tagroute=
transcriber=jianpu2-auto
status=ocr
source=jianpujia-150254
todo=refine the filename
%--
4/4
subtitle=score
x 2 5 x 1 3 3 1 7 7 1 6 5 2 6 5 3 - 1 ,6 ,6 1 2 3 7. 7 7 6 5 3 1 5 ,1 q6 3 ,6 2 5 ,7 3
6 ,1 q6 3 ,6 1 5 ,1 3 5 7 5 3 5 7 5 x 2 x 1 3 3 1 7 7 1 6 5 2 6 5 3 - 1 ,6 ,6 1 2 3 3.
3 3 2 1 ,7 ,7 ,3 1 5 ,1 q6 3 ,6 2 5 ,7 3 6 ,1 q6 3 ,6 1 5 ,1 q7 3 5 3 7 5 3 1 x 3 3 x ,6 - -
- 1 1 1 6 5 2 5 6 5 3 1 ,7 ,6 - 2 - 6 3 6 3 1 3 6 3 1 5 1 6 1 6 5 2 7 7 5 7 2 4 6
4 2 4 6 4 x 0 - - 0 - 0 0 - 0 - - 0 x 3 7 x 3 - 2 1 1 1 7 6 5 2 5 6 5 3 1 ,7 ,6 -
2 - 1 3 ,7 2 5 ,1 1 5 ,1 q6 1 ,6 q5 2 ,7 q7 5 ,7 2 4 6 4 2 4 6 4 x q4 1 x 3 6 7 1 - 3 3 3
2 1 2 2 2 3 1 ,6 2. 3 ,5 - ,7. 1 ,7 ,5 6 3 6 3 6 3 6 1 6 3 6 1 5 1 2 4 2 6 3 6 3 5 2 5
7 3 5 7 x 0 - - 0 - 0 0 - - 0 - 0 x q4 5 x x 3 - - - 3 3 3 2 1 2 2 2 3 1 ,6 2. 3 ,5
- ,7 1 ,7 ,5 1 5 7 5 3 5 7 5 6 3 6 1 5 1 2 6 2 6 3 6 3 5 2 5 7 7 2 5 7 x 0 - - 0 -
0 0 - - 0 - - 0 x 4 x ,6 - - - 3 3 3 2 1 2 2 2 3 1 ,6 2. 3 ,5 - ,7. 1 ,7 ,5 6 3 6 1 6 3
6 1 6 3 6 1 5 1 2 4 2 6 3 6 3 5 2 5 7 3 5 7 x 0 - - 0 - 0 0 - - 0 - 0
%END
