%新年好_2.txt
%新年好钢琴.txt
% 出处 https://www.jianpujia.com/
title=新年好
tag=分类/钢琴谱,分类/儿歌,儿歌
usertag=分类/钢琴谱,分类/儿歌,儿歌
tagroute=
transcriber=jianpu2-auto
status=ocr
source=jianpujia-387554
%--
4/4
subtitle=score
1 - - qx - - 6 x. x x 2 3 4 4 3 2 3 1 1 3 2 5 7 2 1 - 1 1 1 5 - - - - - ,2 ,6 ,4 ,6 ,4
,1 ,5 ,3 ,5 ,3 ,1 ,1 ,5 ,5 ,4 ,2 ,1 ,1 - ,1 ,5 ,3 ,5 ,3 3 3 3 1 1 3 5 5 4 3 2 - 2 3 4 4 3 2 3 1 ,1
,5 ,3 ,5 ,3 ,1 ,5 ,3 ,5 ,3 ,5 ,4 ,2 ,4 ,2 ,2 ,6 ,4 ,6 ,4 ,1 ,5 ,3 ,5 ,3 1 1 1 3 2 5 7 2 1 - 2 3 4 4 3 2
3 1 1 3 2 5 - - - - - ,1 ,1 ,5 ,1 ,1 ,4 ,2 ,1 ,1 - 2 6 4 6 4 1 5 3 5 3 1 1 ,5 1 1 1 6 7 2
1 - 1 1 1 5 3 3 3 1 1 3 5 5 4 3 2 - 4 2 1 1 - 1 5 3 5 3 1 5 3 5 3 1 5 3 5 3 5 2
4 4 2 2 3 4 4 3 2 3 1 1 3 2 5 7 2 1 - 0 0 0 2 6 4 6 4 1 5 3 5 3 1 1 5 1 1 4 2 1
1 - 0 0 0
%END
