%新长征路上的摇滚.txt
% 出处 https://www.qupu123.com/
title=新长征路上的摇滚
tag=
usertag=
tagroute=
transcriber=jianpu2-auto
status=ocr
source=qupu123-396060
%--
4/4
subtitle=score
5 5 3 4 4 1 2 3 5 3 2 1 1 1 0 4 3 3 3 5 5 5 3 5 ,5 6 6 5 4 6 ,5 0 5 5 5 3 5 5 3 2
1 1 1 1 0 0 3 2 3 0 2 1 2 1 1 1 6 5 5 0 0 3 2 3 0 2 1 2 1 1 1 7 1 1 0 0 3 2 3 0
2 1 2 1 1 1 6 5 5 0 0 3 2 3 0 2 1 2 1 1 1 7 1 1 0 0 4 3 4 0 5 4 5 5 0 1 7 1 1 5
5 5 5 5 5 0 0 4 3 4 0 1 7 1 1 5 5 5 5 5 5 0 0 3 2 3 0 2 1 2 1 1 1 6 5 5 0 0 3 2
3 0 2 1 2 5. 6 5 0 2 2 2 2 2 1 7 1 0
%END
