%新鸳鸯蝴蝶梦_3.txt
% 出处 https://www.qupu123.com/
title=新鸳鸯蝴蝶梦
tag=
usertag=
tagroute=
transcriber=jianpu2-auto
status=ocr
source=qupu123-369068
%--
4/4
subtitle=score
0 ,5 6 1 2 2 6 5 6 2 2 6 5 - - - 6 0 5 0 3 0 ,1 0 5 3 5 6 5 3 2 3 2 6. 3 2 3 2 6 5
6 - - - - - 3 5 6 6 5 3 3 2 2 3 2 ,6 - 2 3 2 ,6 2 3 2 - - 3 5 6 6 5 3 3 2 2 3 2 ,6
- 2 3 2 6 5 5 6 - - 0 0 q3 5. - 0 0 0 q0 3 2 2 2 3 2 2 2 ,6 ,5 6 0 2 3 5 5 6 5 3 2 1
2 1 6 2 3 5 5 6 3. 2 2 3 6. 7 6 ,5 0 ,5 3 ,5 3 ,5 ,6 0 6 6 2 ,x. - q0 q3 2 3 5. 5 6 - - - -
q0 q3 q4 5 4 3 ,6 ,6 - - - - - -
%END
