%方圆几里钢琴.txt
% 出处 https://www.jianpujia.com/
title=方圆几里钢琴
tag=薛之谦,分类/钢琴谱
usertag=薛之谦,分类/钢琴谱
tagroute=
transcriber=jianpu2-auto
status=ocr
source=jianpujia-150136
todo=refine the filename
%--
4/4
subtitle=score
x 4 5 x 3 5. 0 0 1 2 3 3 3 1 6 2. 7 1 2 2 7 5 3 2 1. 0 6 7 1 2 6 7 1 2 2 6 7 2. 1 5
3 3 5 6 3 1 1 3 2 2 2 3 4 1 5 1 1 5 ,6 1 5 ,6 1 1 3 5 2 5 5 5 5 1 2 6 6 4 2 2 5 1
5 6 1 5 4 1 6 7 5 2 3 5 3 7 6 3 2 6. 5 7 x - - - 0 0 - x q4 x q1 - - 1 - 0 0 3 1 6
2. 7 1 2 7 5 3 2 1. 0 6 7 1 - 1. 7 6 3 3 5 5 6 1 2 5 5 2 5 5 5 2 5 2 2 3 3 ,2' 4 ,6 1
1 1 1 3 ,7 2 ,5 5 2 2 5 2 5 1 7 5 2 4 6 4 ,7 2 5 2 1 5 2 5 2 5 2 3 4 4 1 6 7 5 2 3
5 3 7 6 3 2 1 6 5 5 2 1 - - - 0 0 - - 0 0 - - 5 - 0 1 2 3 3 3 1 6 2. 7 1 2 2 7 5
3 2 1. 0 0 6 6 1 6 3 2. 2 5 3 3 5 5 1 1 5 2 5 ,6 1 5 3 1 5 ,6 1 1 1 1 3 5 2 5 2 5 2
2 5 5 3 7 1 5 3 q6. q4. 1 1 ,7 2 7 5 2 7 1 5 6 1 5 4 1 6 7 5 2 3 5 3 7 6 3 2 6 4 5 5
2 7 1 - - - - - - - - 0 5 5 2 7 2 1. 1 6 7 1. 2 1. 1 7 6 2. 1 - 0 1 2 3 3 3 1 6 2. 7
1 2 5 2 ,7 1 ,7 1 5 2 2 1 5 2 2 1 5 2 2 2 5 - 1 - 1 1 1 1 ,3 1 - 7 5 2 5 3 5 2 6 3
5 3 1 6 2 4 2 2 - 1. 2. 5 5 - 4 1 5 4 7 2 1 - - - - 0 0 0 -
%END