%旅行.txt
%旅行钢琴.txt
% 出处 https://www.jianpujia.com/
title=旅行
tag=许巍,分类/钢琴谱
usertag=许巍,分类/钢琴谱
tagroute=
transcriber=jianpu2-auto
status=ocr
source=jianpujia-150100
artist=许巍
%--
4/4
subtitle=score
0 0 0 0 0 0 0 0 0 0 0 0 0 0 0 0 6 - - 6 3 - - 3 5 3 - - 3 4 2 - 0 0 1 3 3 2 6 4
1 5 1 5 6 4 1 4 4 5 3. 3 3 3 3 3 3 3 5 3. 3 3 3 3 3 4 4 2. 2 2 2 1 6 1 1 1 1 1 1 1
1 3 1. 1 1 1 1 1 1 1 3 1. 1 1 1 1 1 1 2 6. 6 6 6 2 1 2 1 7 4 4 6 6 6 6 1 5. 5 5 5 5
5 5 5 1 5. 5 5 5 5 5 6 6 4. 4 4 5 5 x 0 0 - - 0 0 0 0 0 0 - - - - - - - - - - - -
- x 5 3 x 0 0 0 0 0 0 0 0 0 0 0 0 6 - - 6 3 - 0 0 1 - - - 5 4 ,3 1 ,6 ,1 ,1 ,6 1 1 1
1 1 1 1 1 1 1 1 1 1 1 1 1 1 q,5 q,1 ,5. 1. ,5 1 ,5 1 ,5 1 q,5 q,1 ,5 1 ,5 1 ,5 1 ,5 ,3 4 4 4 6 6 6
6 6 6 6 6 1 3. 3 3 3 1 3 3 3 1 - - - x - - - 0 0 0 0 - - 0 0 0 0 1
%END
