%无言感激_2.txt
% 出处 https://www.qupu123.com/
title=无言感激
tag=
usertag=
tagroute=
transcriber=jianpu2-auto
status=ocr
source=qupu123-305324
%--
4/4
subtitle=score
x q2 3 1 5 ,5 0 3 3 4 5 5 q1' - q6 q5 4 q2 q3 q1 q5 ,5 0 3 3 4 5 6 1' 4 6 5 q1 3 5 4 1 4 6 ,,1'
4 1' 4' 0 0 3 2 1 ,x 1 1 q7 q1 1 ,7 ,,7 q7 1. ,,7 ,,6 ,,6 ,6 - - 0 1 1 1 7 1 q,7 7. q,7 q1 7 6 6 ,6 - 0
3 2 3 2 2 5 2 1. 1 1 7 7. 3 q,,,7 ,6. 1 1 5. ,5 q6 1 s1 ,6. 7 - 0 1 q1 q7 1. ,7 ,7 ,7 1 7 6 q6 ,6 - 0
1 1 7 q1 q7 q7 q1 1 q7 q6 q6 ,6 - - 0 3 2 3 2 2 5 2 1. q1 1 s7 q7 7. 7. 3 ,7 ,5. 1 1 q1 q,5. ,5 - 6 1
1 ,6 2 0 5 3 5 2' 3 3. 6 6 5. 5 q4 q4 4. 6 6 4 4 4 q4 5. 5 5 3 5 2' 3 3. 6 6 4 4 4 3 3. 6 6
4 4 3 4 3 4 5 ,,x q,2 3 1 0 5 6 4 4 4 3 4 5 7 4 4 3 4 3 4 5 ,5
%END
