%无边的思忆.txt
% 出处 https://www.qupu123.com/
title=无边的思忆
tag=分类/通俗歌曲
usertag=分类/通俗歌曲
tagroute=
transcriber=jianpu2-auto
status=ocr
source=qupu123-305415
%--
4/4
subtitle=score
0 q,6 ,,6 6 7 7 q1 7 3 1 1 2 1 2 3 - 0 ,6 ,6 6 7 7 1. 7. 5 6 - - 0 2 3 2 ,3 5 q6 6 q,2 3 3 ,2
3 q2 1 - 0 5 3 3 3 3 ,3 2 1 6 2 - - - 0 2 q,3 2 3 5 6 6 6 2 3 3 3 6 3 2 2 ,,1 1 ,3 3 q3
q3 3 q2 q1 1 ,6 2 3 4 5 5 5 5 q,,5 s5 5 5'. 5'. 5 6. 7 1' 1'. - 0 5 4 4 x 0 5 4 q3 4 4 0 3 2 ,3 4
5 5 5 5 5 q,5 q,5 q5 ,,5 5 5 6 7 1 ,1. - 0 ,5 4 ,3 x 4 0 x' 1' 7 7 7 - q,,1' q1' 1' 1' 4 3 ~ 3 ,,2 2 0
1' 0 q7 ,7 ,7 7 7 6 5 2 3 q0 ,,3 q4 q6 - q6 q5 q6 6 6 6 5 6 q,6 ,1 1 1 x' 7 2' 1' 1' ,,,1' 4 3 ,,3 2 2 0
,,1' q1' 1' 7 7 7 7 6 5 2 3 0 3 4 5 1 - 6 6 6 6 6 6 6 6 6 6 1' 1' 1' 7 7 1' 7 0 6 6 7 7 7
3 1 1 2 q7 q7 1 1 2 q2 3 - 0 6 6 q0 7 7 1'. 7 5 6 - - - x - 0 ,6 6 6 7 7 7 3 1 1 2 1 2
3 0 ,,,6 ,6 6 7 7 1'. 7 5 6
%END
