%无间道钢琴.txt
% 出处 https://www.jianpujia.com/
title=无间道钢琴
tag=分类/钢琴谱
usertag=分类/钢琴谱
tagroute=
transcriber=jianpu2-auto
status=ocr
source=jianpujia-252860
todo=refine the filename
%--
4/4
subtitle=score
3 2. 5 2 1. 3 7 7 7 1 7 6 1 7 1 1 7. 2 7 6. 2 2 3 2 1 3 2 - 0 1 7 6 6 5. 5 7 3 3. 3 3
5 4 5 3 6 3 7 3 5 7 5 3 7 3 7 3 5 3 - 4 1 4 6 5 2 5 7 3 7 3 5 6 3 6 1 x 0 - - 0
- 0 0 0 - - 0 - - 0 4 6 x 4 1 2 2. 4. 6 5. 5 1 3 2 1 1 1 6 5 6 6 - 6. 2. 4 3 - 5 - 1
6 7 1 7 6 7 1 6 6 6 6 7 3 3 3 2 3 2 6 2 4 6 4 2 6 3 7 3 5 7 3 7 5 6 3 6 1 3 1 6
3 6 3 6 1 3 1 6 3 x - - - - - - - - - - - - - - - - q4 5 6 6 6 6 3 2. 7. 5 4 4 4 4
6 7. 3. 2 3 0 4 4 4 4 6 5. 5. 6 3 - 0 2 2 2 2 2 3. 7. 7 7 - 4 1 4 6 1 6 4 1 3 7 3 5 7
5 7 3 2 6 2 4 6 4 2 6 3 7 3 5 7 3 7 5 x 0 - - - - - - - 0 - - - 0 - - - x 4 4 4
4 3 2 3. 6. 7 1 7 7 7 7 7 7 7 1 2 1 7 3 3 0 2 2 2 2 6 6. 3. 3 3 0 6 2 2 2 2 2 2 2 3
4 3 2 5 5 3 3 qx 7 7 2 6 2 4 6 4 2 6 6 3 6 1 3 1 6 3 3 7 3 5 7 3 7 5 3 7 3 5 7 3
3 3 x 5 3 1 1 1 7 6 1 7 7 7 6 7 7 2. 2. 1 7 3 6 5. 5 6 7 1 3 3 3 2 1 3 2 2 2 1 2 0
2 4. 4. 3 2 7 3 3 3 3 3 3 3 6 3 6 3 6 1 3 1 6 3 3 7 3 5 7 5 3 7 2 6 2 4 6 4 2 6 6
3 6 1 3 1 6 3 x - - - 0 - - 0 0 - - - - - - - -
%END
