%明年今日.txt
% 出处 http://www.jianpu.cn/
title=明年今日
tag=
usertag=
tagroute=
transcriber=jianpu2-auto
status=ocr
source=jianpucn-61388
todo=add tags
%--
4/4
subtitle=score
1 0 0 x. x 1 1 1 5 ,1 5 7 5 2 5 6 3 7 ,1 3 q5 q2 5 7 2 1 - ,1 5 1 5 q7 q5 q2 5 s6 q3 q7 q1 3
5 2 5 7 2 3 x 0 ,1 2 3 3 2 3 2 ,1 q7 6 q0 3 6 5. 6 7 6 5 ,6 ,1 7 6 7 ,6 ,1 4 3 ,1 q2. 3 7 7
6 7 ,6 - 0 0 ,1 2 3 3 2 3 2 3 5 ,1 ,1' 0 3 2 2 2 ,1 7 ,1 1. 7 ,1 7 6 7 ,1 q6 6 ,6. 0 ,1 ,1 7 6
5 q6 7 6 ,6. 7 ,1 5 3' ,1' 5 3 3 2 ,1 2 3 2 2 ,5. 0 ,1 6 ,1 ,1 6 5' ,1' 3 0 3 2 3 4 - 2. 3 3' 4 3
- 0 0 ,1 2 5. 3. 3 3' 4 5 6 2. 2 2' 5 q3 q1 q2 q1. 3 3' 2 ,1 7 7 6 6 q0 7 7 6 q1 3 3 2 ,1 7 7 6
q,6 6 ,1 7 6 q,7 4 3 2 3 2 2 1 0 ,1 2 3 6. 5 3 q,1 q2 2' q0 q1 1 - - - 0 q0 ,1 2 3 3 2 3 2 3 5
,1' 3 q2 q2 2 1 7 ,1 ,1 ,1 7 6 ,1 ,6 - 0 0 5 3 2 ,1 2 1 - - - 1 0 0 0
%END
