%明明白白我的心.txt
% 出处 http://www.fysongs.cn/songku_show.asp?id=42974
title=明明白白我的心
tag=
usertag=
tagroute=
confidence=0.992
conf_p10=0.989
transcriber=jianpu2-auto
status=ocr
source=fysongs-42974
%--
4/4
subtitle=score
x ,5 q,6 3 ,5 ,6 - ,5 ,6 3 q7 1 ,6. q1 1 5 5 - - 5 - - - 1 2 2 2 3 2 1 3 3 - 1 2 2 2 3 2 1
,6 ,6 - 2 3 q3 4 4 4 3 2 4 0 ,7 ,7 q,7 ,7 ,7 ,7 ,7 ,7 q1 2 2 - 3 3 3 3 3 3 3 2 2 5 5 - 1 1 1
1 1 1 2 3 1 q,6 ,6 - 0 2 2 ,6 3 2 2 0 q2 q2 ,6 3 q2 2 q,7 q,7 q,7 ,7 ,7 ,7 ,7 q1 2 2 - 5 5 5 5 5 5
3 5 5 - 0 6 6 5 6 5 6 6 5 5 3 2 1 - - - - - - - - - - 0 2 2 2 ,6 q3 2 2 0 2 2 2 ,6
3 2 2 ,7 ,7 ,7 ,7 ,7 1 2 2 0 1 1 2 2 2 3 2 1 3 3 - 1 2 2 3 3 2 1 ,6 ,6 0 2 2 3 3 4 4 4
3 2 4 4 7 7 7 7 7 7 7 7 7 1 2 2 3 3 2 1 1 - - - 1 - - 0 1 - - - - - - - - - 1
%END
