%明月几时有.txt
% 出处 https://www.jianpujia.com/
title=明月几时有
tag=
usertag=
tagroute=
transcriber=jianpu2-auto
status=ocr
source=jianpujia-245665
%--
4/4
subtitle=score
q1 - - q1 - - 6 x. qx. 0 0 0 0 0 0 0 0 0 0 0 0 0 0 0 0 ,5 ,3 ,6 ,4 ,5 ,3 ,3 1 ,4 2 ,3 1 6 4 6
1 2 6 2 6 ,3 1 1 1 1 5 6 5 1 4 4 4 5 0 5 6 5 0 3 4 3 0 6 1 2 2 3 - - 1 5 3 5 4 5
3 5 1 5 1 5 2 5 1 5 4 1 6 1 5 2 6 2 1 5 1 5 2 5 3 5 x 0 0 0 0 - - - - 0 0 0 0 -
- - - x 5 x 0 0 0 0 0 0 0 0 0 0 0 0 0 0 0 0 ,5 ,3 ,6 ,4 ,5 ,3 3' 1 4' 2 3' 1 6 4 6 1 6 1
1 1 1 5 6 5 2 4 4 0 0 0 0 0 5 6 5 0 3 4 3 0 6 1 1 1 5 2 5 3 5 1 5 1 5 3 5 4 5 3
5 1 5 1 5 2 5 1 5 4 1 6 1 5 2 5 2 x 0 0 0 0 - - - - 0 0 0 0 - - - - x x x 0 0 0
0 0 0 0 0 1 1 ,6 ,5. ,6 1 - - 0 3 5 6 5 3 4 3 1 - - 0 0 0 0 0 0 3 4 3 0 1 2 1 1 5 1
5 2 5 3 5 1 5 1 5 2 5 3 5 1 5 1 5 2 5 1 5 1 5 1 5 2 5 1 5 1 0 0 0 0 - - - - 0 0
0 0 - - - - x 1 3 x 1 1 ,6 ,5. ,6 2 - - 0 3 1 ,6 3 1 ,6 2. 1 ,6 - 1 1 1 1 4 2 4 2 2 ,7 2
,7 1 1 2 1 1 0 4 6 4 5 3 6 3 6 4 6 4 5 4 5 4 0 3 6 3 6 3 6 3 0 4 6 4 6 4 6 4 4 -
- 0 2 - 5 - 6 - - 0 2 - - 2 3 1 - x 1 7 x 4 4 ,6 1. 2 - 0 0 0 0 0 0 1 1 ,6 ,5. ,6 ,5 5
3 6 4 5 3 1 2 1 ,2 1 1 1 0 ,4 ,6 ,4 ,6 ,4 ,6 ,4 0 ,5 ,6 1 3 2 6 5 3 2 6 5 1 2 7 0 5 6 5 x
5 4 x 2 4 - - 0 x 5 - - 0 2 - - x 5 1 5 3 5 4 5 3 5 x - - - - x 2 1 x 1 - - 0 1
1 6 ,5. 6 2 - - 0 3 1 6 3 1 6 1 2 1 6 6 3 6 7 5 6 6 6 4 4 1 4 5 2 1 0 3 4 3 0 1 2
,5 0 2 2 ,7 0 3 6 3 6 3 6 3 6 3 6 3 6 3 1 3 6 3 4 1 6 3 1 5 2 6 4 6 5 2 5 2 6 - -
0 x 0 0 0 0 - - 0 0 0 0 x 2 5 x 2. 1 ,6 - 4 4 6 1. 2 - 0 0 2 ,5 7 ,6 7 2 2 0 4 6 1 4
6 1 4 6 1 4 0 4 1 1 4 6 1 4 6 1 4 0 1 2 5 1 2 5 6 5 - - 1 2 q,6 q,2' ,1' ,1 ,4' ,2 2 - - 0
4 - - 0 5 - - 0 x 5 - - 0 x x x x 2 x 1 - - 0 0 0 0 0 3 2 3 2 3 1 4 5 4 3 2 1 3'
5 1 - - 0 0 0 0 0 0 ,7 2 3 ,1 ,5 1 ,5 1 3 5 5 3 3 1 1 1 1 - 0 6 3 1 3 3 3 6 6 6 1 5
1 5 2 5 3 1 5 1 5 2 5 3 1 5 1 5 1 5 1 5 4 1 4 1 4 1 4 1 x 0 - - - - - 1 - - - -
- - - - 2 - 2 5 6 5 2 - - 0 3 2 3 2 3 1 4 5 4 4. 1 0 ,7 2 3 ,1 ,1 1 ,1 1 3 6 4 3 6 0
5 7 ,1 1 5 7 2 5 - 0 ,7 2 3 ,1 1 1 3 5 5 3 3 1 1 1 - - 1 5 4 4 4 7 7 7 3 3 3 5 5 5
2 6 2 6 2 6 2 6 5 2 5 2 5 2 5 2 1 5 1 5 1 5 1 5 4 1 4 1 4 1 4 1 x - - - - - - -
- - - - - - - - - 2 - 2 5 6 5 2 - - 0 0 0 0 0 2 - 2 3 1 5 2 5 2 5 2 5 1 ,2 ,6 4 2
4 2 x ,7 - - - ,7 - 7 5 6 5 2. 3 2 6 5 2 ,4 - ,6 ,6 5 5 5 5 5 5 5 5 6 6 6 2 2 2 2 2 2
2 2 4 4 4 5 5 7 2 4 2 4 6 7 5 7 5 7 5 7 5 7 5 7 5 7 5 7 5 2 6 2 6 2 6 2 6 x - -
- - - - - - - - - - - - - - x 4 1 x 2 - - - 5 - - 0 1 1 6 q5. 6 1 - - 0 q,5 q,7 q5 q,2 -
- - 0 5 6 1 2 4 5 6 3' 5 1 0 ,5 3' 5 1 ,6 6 4' 1 ,5 3' 5 1 0 3' 6 3 1 4' 2 6 4 3' 6 3 1 x
5 5 6 5 1 3 1 5 2 4 6 5 2 4 6 x 5 - - 0 1 5 3 5 4 5 3 5 6 3 6 3 1 3 6 3 x - - -
- - - - - - - - - x 4 5 x 1 1 6 ,5. 6 2 - - 0 3 1 6 3 1 6 2. 1 ,6 - 4 4 1 4 5 2 1 1
1 1 1 1 0 1 2 ,5 0 2 2 ,7 0 3 6 3 6 3 6 3 0 4 6 4 6 4 6 4 ,6 ,2 ,6 ,5 ,6 ,7 ,3 q,6 4 1 4 3
1 3 2 6 4 6 5 2 5 2 6 - - 0 2 - - 0 x - - - - - -
%END
