%春天（张敬轩.txt
% 出处 https://www.qupu123.com/
title=春天（张敬轩
tag=
usertag=
tagroute=
transcriber=jianpu2-auto
status=ocr
source=qupu123-307456
%--
4/4
subtitle=score
q0 0 5 3' 2' 1' 2' 2' 5 6 5 0 6 7 ,1' 7 6 6 6 7 6 5 5 3 3 2 3. x 2 1 x 0 1 2 3 5 4 3 2 1
5 q6 ,1 2 3 6 6 5. 1. 1 3 6 ,7 4 3 3 2 1 2 1 1 1 - x 0 0 0 0 3 3 3 0 3 3 2 0 ,1 1 ,1 1
2 2 5. 2 3 0 3 3 3 0 5 2 2 0 1 ,1 ,1 1 7 7 5 2 2 3. q0 6 ~ 6 0 5 3 2 ,1 0 1 0 ,1 0 1 0
2 3 2 3 0 3 ~ 3 0 5 3 2 0 1 1 ~ 1 1 2 ~ 2 3 5 ~ 5 0 3 q3 ~ 3 0 3 2 1 0 0 1 ,7 1 2
~ 2 5. 2. q3 0 3 3 0 x 0 5 2 2 0 0 1 1 1 2 1 7 7 5 2 6 5 6 0 6 7 1. 2 7 5 3 2 0 0 1
,1 2 3 5 0 0 2 2 5 6 0 q3 3 0 3 2 1 2 1 6 0 0 0 ,5 1 2 3 2 6 1 1.
%END
