%春风又绿这方土.txt
% 出处 https://www.qupu123.com/
title=春风又绿这方土
tag=分类/民歌
usertag=分类/民歌
tagroute=
transcriber=jianpu2-auto
status=ocr
source=qupu123-333698
%--
4/4
subtitle=score
x q5 q1 3 2 2 3 1 1 ~ 1 3. 3 5 1'. 6 6 x' 2' 5 3 2 5. 3 2 3 1' 1 ,6 ,5 1 q0 q1 2 3 2 1 q6 1 2
3 2 3 5 2 3 1. 2 2 1 6 5 ,5 3 5 5 3 6 5 5 2 2 ,1 q6 ,5 5 3. 5 ,6' ,6 ,1' 2' 2' 1' ,6 2. 2 2 3 5
,6' 2 1 1 - - - 6 6 1 3 6. 6 5 1 1 ,1 6 3 5 - 6. 5 6 1 2 3 5 6 5 3 2 2. ~ 2 2 5 6 2 6
5. 6 5 3 5 6 5 5 2 3 - 2 0 3 2 3 5 ,6. 5 3 1 0 5 6 1' 2'. 6 5 - 1' ~ 1 1' 0 0
%END