%是但求其爱.txt
% 出处 https://www.jianpujia.com/
title=是但求其爱
tag=
usertag=
tagroute=
transcriber=jianpu2-auto
status=ocr
source=jianpujia-248737
%--
4/4
subtitle=score
1 - - 4 qx - - 2 2. qx 0 0 3 4 3 2 1 7 6 - 0 1 7 0 1 2 1 7 1 5 - - 0 3 0 0 0 0 4 1
5 6 1 5. 5 2 6 7 2 - 3 7 3 5 2 3 5 2 x - - - - - - - - - 3 - 4 2 3 4 - - 3 1 2 4
- - 4 3 ,6 4 - 4 6 3 2 1 x 1. 6 3 5 1 1 - 2 6 1 4 1 - q7 4 3 1 ,4 - ,4. 1 3 1 5 3 2 1
1 ,7 - - 0 0 3 3 4 5 6 5. 4 4 0 0 0 2 2 3 4 5 4 ,2 ,3 ,2 ,2 ,7 5 - - 0 1 - - 5 6 - - 0
7 6 5 6 2 4 x - - 4 3 3 ,7 2 1 0 6 6 7 1 2 1 7 7 4 6. 5 5 0 ,4 ,6 2 3 4 7 3 7 5 6 3
6 7 1 - 2 6 2 4 6 - 1 - 0 5 6 1 0 4 3 1 0 3 3 4 5 6 5. 4 4 0 0 0 7 7 2 1 2 1 7 2
,1 ,2 ,5 1 5 1 3 ,3 - 2 6 1 4 ,4 - 5 5 7 2 ,2 - 2 2 3 0 5 7 6 6 0 6 7 6 5 6 7 3 4 3 2
7 0 1 1 5 7 1 5 1 ,7 - 2 6 1 4 1 - 7 3 6 2 5 3 5. ,5 6 3 7 1 5 3 1 2 7 6 1 5 2 3 6
2 0 3 4 5 2 7 1 1 - 0 0 7 1 5 4 2 4 3 1 3 2 6 1 4 1 - 5 2 4 1 2 - 1 5 1 2 5 5 1
2 1 - - - - - - - - - - x 2 x 0 0 3 4 3 2 1 7 6 0 1 7 0 1 2 5 1 7 1 1 5 - 5 1 4
4 5 q7. ,7 ,1 ,3 ,1 ,5 ,7 ,4 ,1 ,4 ,5 ,6 - ,4 ,1 ,5 ,6 ,6 ,1 ,3 ,7 ,2 ,3 ,5 - 3 3 1 0 1 5 2 1 7 1 5 0 4
3 2 1. 1 2 4 0 3 2 1 7 1 2 5 - - 1 4 3 6 3 5 1 7 1 2 6 1 4 4 6 2 5 2 4 6 7 7 1 5
2 3 5 5 2 5 x 3 7 x 0 0 3 4 3 2 1 7 6 - 5 1 7 3 2 0 1 2 5 1 7 4 1 1 - - 0 3 ,4 7
1 3 1 5 ,4 ,5 7 4 1 5 6 3 1 1 4 1 5 6 6 1 3 7 3 5 2 3 5 x 0 - - 0 - 0 0 0 - 0 3 0
3 4 3 2 1 3 2 6 6 0 1 3 2 6 6 0 1 7 1 1 - 5 1 6 5 7 6 3 5 7 1 7 2 6 1 4 1 - 5 2
5 1 5 - 1 5 1 2 3 - x - - - - - - - - x 4 5 x 4 6 1 4 - 2 - 5 - 2 4 3 2 1 - 0 0
3 2 6 1 4 6 - 7 6 5 6 2 4 3 7 3 5 7 3 6 3 6 7 1 - x 0 - - 0 0 - 0 - 3 1 3 2 ,6 1.
1 2 - 0 4 3 2 7 1 1 - 0 2 6 1 4 4 6 6 4 6 1 5 2 5 5 2 1 2 5 1 5 1 2 3 5 1 5 x -
- - - - - 1 - - - - x 5 3 x 2 1 3 4 3 2 1 7 6 0 6 7 1 7 0 1 2 1 7 1 6 5 - 0 x q,5
- - - ,4 1 5 6 6 0 ,4 1 5. 6 6 - ,3 ,7 2 3 5 - x 5 7 x x. 3. x 1. 4 4. 3 3 5 6 6. 5 7 0 0
0 x 6. 6 6. 6 5 3 4 4 5 2 1 2. 5 2 0 5 6 1 1 - - - - - - - - 1 6 3 5 1 2 3 2 6 1 3
4 6 1 3 5 5 7 5 7 5 2 1 5 2 5 5 5 1 2 x 0 - - 0 0 0 0 0 - 0 - 0 0 x 3 3 7 ,4 1 3
7 2 6 5 1 3 ,7 ,6 2 - 3 1 7 2 0 5 ,1 2 6 5 ,1 5. 1'. 7. 4. 5 ,1 ,5 2 - - 5' 2 1. ,1 1 ,4 7 1 3
1 5 ,4 ,5 7 4 6 2 4 6 - 4 7 2 5 7 7 ,2 3 7 5 7 2 7 2 3 5 7 1 0 - - 0 0 0 0 - - 0 1.
~ 1 0 3 4 3 2 1 1 2 6 6 0 1 3 2 6 6 0 1 7 1 1 - 0 ,6 ,3 ,6 1 3 ,6 ,2 ,6 ,1 ,4 ,2 ,4' ,6 ,1 ,4
,3 ,7 ,2 ,6 ,5 ,3 - ,6 ,1 ,3 ,5 ,5 ,5 ,4' x 6 x 0 3 4 3 2 1 3 2 6 6 0 1 3 2 6 6 - 4. 4 ,3 - - -
2 6 1 4 1 - 5 2 2 ,7 5 - x - - - x 7 2 x 0 0 6 7 1 1 2 3 2 1 5 2 1 5 4 1 ,4 ,3 - ,4
,3 ,2 q,7 ,1 0 0 0 0 1 - 7 - 6 5 5 - 1 x x
%END
