%是但求其爱钢琴.txt
% 出处 https://www.jianpujia.com/
title=是但求其爱钢琴
tag=
usertag=
tagroute=
transcriber=jianpu2-auto
status=ocr
source=jianpujia-248737
todo=refine the filename
%--
4/4
subtitle=score
2 2 3 0 5 7 6 6 0 6 7 6 5 6 7 3 4 3 2 7 0 1 1 5 7 1 5 1 ,7 - 2 6 1 4 1 - 7 3 6 2
5 3 5. ,5 6 3 7 1 5 3 1 2 7 6 1 5 2 3 6 2 0 3 4 5 2 7 1 1 - 0 0 7 1 5 4 2 4 3 1 3
2 6 1 4 1 - 5 2 4 1 2 - 1 5 1 2 5 5 1 2 1 - - - - - - - - - - x 2 x 0 0 3 4 3 2
1 7 6 0 1 7 0 1 2 5 1 7 1 1 5 - 5 1 4 4 5 q7. ,7 ,1 ,3 ,1 ,5 ,7 ,4 ,1 ,4 ,5 ,6 - ,4 ,1 ,5 ,6 ,6 ,1
,3 ,7 ,2 ,3 ,5 - 3 3 1 0 1 5 2 1 7 1 5 0 4 3 2 1. 1 2 4 0 3 2 1 7 1 2 5 - - 1 4 3 6 3
5 1 7 1 2 6 1 4 4 6 2 5 2 4 6 7 7 1 5 2 3 5 5 2 5 x 3 7 x 0 0 3 4 3 2 1 7 6 - 5
1 7 3 2 0 1 2 5 1 7 4 1 1 - - 0 3 ,4 7 1 3 1 5 ,4 ,5 7 4 1 5 6 3 1 1 4 1 5 6 6 1 3
7 3 5 2 3 5 x 0 - - 0 - 0 0 0 - 0
%END
