%晚风心里吹钢琴.txt
% 出处 https://www.jianpujia.com/
title=晚风心里吹钢琴
tag=分类/钢琴谱
usertag=分类/钢琴谱
tagroute=
transcriber=jianpu2-auto
status=ocr
source=jianpujia-152028
%--
4/4
subtitle=score
x 3 2 x 2. 2 2 1 7 5 6. 3 5 6. 6 6 5 3 2 3. 1 3 2. 2 2 1 7 5 6 1 6 6 3 5 1 - - - - -
- - - - - - - - - - - - - 0 - 5 5 2 5 7 6 3 6 1 3 1 6 3 4 1 4 6 1 1 5 1 3 5 5 2
5 7 2 6 1 6 6 x - - - - - - - - - - - - - - x 3 5 x 6. 6 6 5 3 2 3 5 3 3 1 3 2. 2
2 1 3 - 3 0 1 2 x 3. 3 3 7. 7 7 1 1 1 1 4 1 4 6 1 1 5 1 3 5 2 6 2 4 6 3 7 3. 3 3 1
- - - - - - - - x 3 x - 3 3 2 3 6 5 5 6 3 6 7 6 3 2 3 0 6 3 2 2 1 2 3 6 6 7 1 6
1 x - - - - - - - - - - - - - - - - - q6 3 6 1 6 3 1 3 7 3 5 3 7 5 q4 1 4 q5 2 5 1
5 1 3 1 5 3 2 6 2 4 2 6 4 q6 3 6 1 6 3 1 x 4 1 x 2 2 1 2 1 4 4 3. 3 1 2 3 3 2 3 6
5 5 6 3 6 7 6 3 2 3 0 6 3 2 6 2 4 2 6 4 3 7 3 5 3 7 5 q6 3 6 1 6 3 1 q3 7 3 5 3 7
5 q4 1 4 q5 2 5 1 5 1 3 1 5 3 x 4 4 x 2 2 1 2 3 6 6 7 1 6 1 2 2 1 7 5 6. 6 3 2 2 1
2 3 6 6 7 1 6 1 1 - - - - - - - - - - - - - - - - - - - - 1 2 6 2 4 2 6 4 6 3 6
1 6 3 1 2 6 2 3 7 3 6 3 6 1 2 6 2 4 2 6 6 3 6 1 6 3 x 4 7 x 2 2 1 ,7. ,5 ,6 - 3 3 6
1 3 4 4 3 2 1 1 - 3 - ,6 - - - x 2 3 6 6 1 6 7 3 3 6 1 7 3 1 1 1 2 3 6 6 2 4 3 6
x 1 x
%END
