%晚风心里吹_2.txt
% 出处 https://www.jianpujia.com/
title=晚风心里吹
tag=
usertag=
tagroute=
transcriber=jianpu2-auto
status=ocr
source=jianpujia-152028
%--
4/4
subtitle=score
1 - - q1 - - 6 x. q1 0 0 0 0 1 2 3 3 2 3 6 5 5 6 3 6 7 6 3 2 3 0 6 3 0 0 0 0 q6 3 6
1 6 3 q3 7 3 5 3 q7 q4 1 4 q5 2 5 q1 5 1 3 1 q5 x 4 x 2 2 1 2 3 6 6 7 1 6 1 2 2 1 7 5
6 0 6 7 1 2 7 1 3 4 6 1 - - - - - - - - - - - 0 0 - - - - x 2 3 6 q1 6 7 3 1 1 1
1 2 6 2 4 2 6 6 3 6 1 6 3 2 3 6 - 6 5 4 3 1 0 - - - 0 - - - 3 2 2 1 7 1 7 6 - 3.
3 3 2 1 2 4. 4 4 3 2 1 2. 2 2 1 7 5 6 - 1 - - - - - - - - - - - - - - - - 6 2 6 2
3 7 3 6 - 6 6 3 6 1 4 4 1 4 6 5 5 2 5 7 6 3 6 3 1 6 3 x 0 - 0 - - - - - - - - -
- - x 1 0 x 3. 3 3 2 1 2 5. 5 5 4 1 4 2. 2 2 1 7 5 6. 3 5 6. 6 6 5 3 2 3. 1 3 x - - -
- - - - - - - - - - - - - - - - - 1 6 6 3 6 1 1 1 5 1 3 5 5 2 5 7 6 3 6 3 1 6 3
4 1 4 6 1 1 5 1 3 5 x 1 3 x 2. 2 2 1 7 5 6 1 6 6 3 5 6. 6 6 5 3 2 3 5 3 3 1 3 2. 2
2 1 3 - 1 - - - - 0 - - - - - - - - - - - - - - 5 2 5 7 2 6 1 6 6 4 1 4 6 1 1 5
1 3 5 2 6 2 4 6 3 7 x 0 0 - - 0 0 0 0 0 0 x 1 6 x 0 0 1 2 3 3 2 3 6 5 5 6 3 6 7
6 3 2 3 0 6 3 x 3. 3 3 1 7. 7 7 3. 3 ,3 q6 3 6 1 6 3 1 q3 7 3 5 3 7 5 q4 1 4 q5 2 5 1 5
1 3 1 5 3 x 1 x 2 2 1 2 3 6 6 7 1 6 1 2 2 1 2 1 4 4 3. 3 1 2 3 3 2 3 6 5 5 6 3 1
- - - - - - - - - - - - - - - - - - - - - 2 6 2 4 2 6 4 q6 3 6 1 6 3 1 2 6 2 4 2
6 4 3 7 3 5 3 7 5 q6 3 6 1 6 3 1 3 7 3 5 3 7 5 x 2 2 x 6 7 6 3 2 3 0 6 3 2 2 1 2
3 6 6 7 1 6 1 2 2 1 7 5 6 - 1 - - - - - - - - - - - - - - - - 4 1 4 5 2 5 1 5 1
3 1 5 3 2 6 2 4 2 6 4 6 3 6 1 6 3 1 2 6 2 3 7 3 6 3 6 1 x - - - - - - - - - - -
- - - - - 0 0 - - - - x 2 5 x 3 3 4 4 4 2 1 1 1 6 3 2 ,7 ,5 1 3 6 1 1 3 6 4 6 2 4
4 6 2 6 1 4 6 6 1 4 5 7 3 5 5 7 3 x 2 7 x 1. 2 3 4 3 2 1 7. 7 1 3. 2 1 7 4 1 2 1 6
3 - 1 - - - - - - - - - - 1 3. 3 3 2 1 2 4. 4 4 3 2 1 2. 2 2 1 7 5 6 - 3. 3 3 2 1 2
5. 5 5 4 1 4 1 - - - - - - - - - - - - - - - - - - - - 6 6 3 6 1 4 4 1 4 6 5 5 2
5 7 6 3 6 1 3 1 6 3 6 6 3 6 1 1 1 5 1 3 x 0 0 0 0 0 0 0 0 - - - - - - x 3 2 x 2.
2 2 1 7 5 6. 3 5 6. 6 6 5 3 2 3. 1 3 2. 2 2 1 7 5 6 1 6 6 3 5 1 - - - - - - - - - -
- - - - - - - - 0 - 5 5 2 5 7 6 3 6 1 3 1 6 3 4 1 4 6 1 1 5 1 3 5 5 2 5 7 2 6 1
6 6 x - - - - - - - - - - - - - - x 3 5 x 6. 6 6 5 3 2 3 5 3 3 1 3 2. 2 2 1 3 - 3
0 1 2 x 3. 3 3 7. 7 7 1 1 1 1 4 1 4 6 1 1 5 1 3 5 2 6 2 4 6 3 7 3. 3 3 1 - - - - -
- - - x 3 x - 3 3 2 3 6 5 5 6 3 6 7 6 3 2 3 0 6 3 2 2 1 2 3 6 6 7 1 6 1 x - - -
- - - - - - - - - - - - - - q6 3 6 1 6 3 1 3 7 3 5 3 7 5 q4 1 4 q5 2 5 1 5 1 3 1 5
3 2 6 2 4 2 6 4 q6 3 6 1 6 3 1 x 4 1 x 2 2 1 2 1 4 4 3. 3 1 2 3 3 2 3 6 5 5 6 3 6
7 6 3 2 3 0 6 3 2 6 2 4 2 6 4 3 7 3 5 3 7 5 q6 3 6 1 6 3 1 q3 7 3 5 3 7 5 q4 1 4 q5
2 5 1 5 1 3 1 5 3 x 4 4 x 2 2 1 2 3 6 6 7 1 6 1 2 2 1 7 5 6. 6 3 2 2 1 2 3 6 6 7
1 6 1 1 - - - - - - - - - - - - - - - - - - - - 1 2 6 2 4 2 6 4 6 3 6 1 6 3 1 2
6 2 3 7 3 6 3 6 1 2 6 2 4 2 6 6 3 6 1 6 3 x 4 7 x 2 2 1 ,7. ,5 ,6 - 3 3 6 1 3 4 4 3
2 1 1 - 3 - ,6 - - - x 2 3 6 6 1 6 7 3 3 6 1 7 3 1 1 1 2 3 6 6 2 4 3 6 x 1 x
%END
