%普通人.txt
% 出处 https://www.qupu123.com/
title=普通人
tag=
usertag=
tagroute=
transcriber=jianpu2-auto
status=ocr
source=qupu123-312094
%--
4/4
subtitle=score
q1 0 0 7 1 x. x x 3. q3. q3 q3 q3 q5 q5 q6 5 q3 q5 q2 q7 6 - q1. q6 q6 q5 q6 q5 3 q5 q5 q6 q2 q1 1 - x 3. 3
3 2 3 3 5 3. 3 1 1 2 1 1 2 6 5. 6. 6 6 5 6 6 1 6 5 1 6 1 3 1 2 3 3 2 3 3 5 3 3. 2 2
3 6 6 5 6 5 3 3 5 2 5 6 2 1 1 5 5. 6 6 6 5 5 6. 5 3 5 5 6 6. 5 6 6 1' 6 6 1 1 2 6 3
2 2 3. 3 3 2 3 3 5 3 3 3 2 2 3 6 6 5 6 5 3 3 3 5 2 5 6 2 1 1 5 5. 6 6 6 5 5 6 6 5
6 5 6 6. 5 6 6 1' 6 6 1 1 2 6 3 2 2 3. 3 3 2 3 3 5 3 3 3 2 2 3 6 6 5 6 5 3 3 3 5 2
5 6 2 1 1 3. 3 3 2 3 3 5 3 3 3 2 2 3 6 6 5 6 5 3 3 3 5 6 1 3 2 1 1
%END
