%智慧山谷圆舞.txt
% 出处 https://www.qupu123.com/
title=智慧山谷圆舞
tag=分类/美声
usertag=分类/美声
tagroute=
transcriber=jianpu2-auto
status=ocr
source=qupu123-305573
%--
3/4
subtitle=score
5 3' 7 6 7 1' 2' q1' q7 6 q5 q5 3 q5 q3 6 5 6 2' 7 5 5 3 7 1 3 5 7 1' 7 6 - 5 5 3 5 6 7 7 5
3 5 6 7 2' 1' 7 1' 7 6 5 4 3 2 1 3 3 3 ,5 3 3 1 3 q3 3 ,5 3 ,5 3 0 0 3 2 1 3 6 5 5 2 3
4 3 2 1 ,7. 1 2 ,5 ,5 3 0 0 3 2 1 3 6 - 3 4 5 6 5 4 3 q5 2 2 ,5 3 0 0 3 2 1 ,7 - 1 ,6 1
1 2 3 3 2 1 4 5 6 1 - 3 - 6 - 5 - 2 2 3 4 6 5 4 2 3 1 1 0 q3 q4 5 0 q6 q5 5 0 0 6 5
4 3 5 2 - 2 2 3 4 0 q5 4 4 0 0 3 6 5 4. 3 2 3 - 3 0 3 5 1' 2'
%END
