%暗涌钢琴.txt
% 出处 https://www.jianpujia.com/
title=暗涌钢琴
tag=
usertag=
tagroute=
transcriber=jianpu2-auto
status=ocr
source=jianpujia-245798
todo=refine the filename
%--
4/4
subtitle=score
x 2 0 x 1 1 1 1 3 1 7 1. 5 7 6 7 1 1 1 1 2 1 3. 5. 3 5 0 3 6 6 6 1 1 1 7 1 7 5 3 3
6. ,3. 2. 7. 1 1 7 7 7 7 3. 1. 7. 5. 6 6 5 5 4 2 5. 5 5 1. 5. 5. 3. 4 4 4 4 3 3 3 3 0 4 0 2 0
3 0 3 6. 3. 2. 7. 4 1 4 1 4 1 4 1 4 1 4 1 3 7 3 7 3 7 3 7 3 7 3 7 4 1 4 1 4 1 2 1 4
1 4 1 3 5 3 3 3 1 5 1 1 5 1 5 2 2 5 3 7 3 3 7 3 6 5 3 6. 0 1 2 5 5 5 2 2. 5 3 3 5
6 5 5 6 1 2 2 7 6 - - 5. 2. 3. 6. 3. 7. 7. 3. 1. 6. 1. 5. 5. 1. 6. 4. 3 7 3 4 7 5 3 3 4 1 3 1 3
1 3 1 2 3 5. 2. 3. ,6. 4. 2. 6 3 1 1 1 6 3 1 x 0 0 - - - - - - 0 0 0 0 0 0 0 0 0 0 x 2
6 x x 0 0 0 0 0 0 0 0 0 0 0 0 0 0 0 0 0 0 - - - - - - - - - - - - - - - - - - -
- - - - - - - - - - x - - - - - - - - - - - - - - - - - -
%END
