%暗涌钢琴_2.txt
% 出处 https://www.jianpujia.com/
title=暗涌钢琴
tag=
usertag=
tagroute=
transcriber=jianpu2-auto
status=ocr
source=jianpujia-245798
%--
4/4
subtitle=score
q1 - - q1 - - 5 x. 1 - 3 3 3 3 3 3 ,3 3 3 3 3 3 3 0 0 0 0 0 0 0 6 6 6 6 6 6 3 3 0 6
6 6 6 7 7 1 6 1 6 1 6 1 6 1 6 3 6 1 6 1 6 3 6 1 6 1 6 3 6 1 6 2 6 2 6 3 1 6 1 3
1 2 6 1 1 6 2 6 3 5 7 5 1 6 3 6 1 6 - - - - - - - - - - - - - - - - - - - - - -
- - - - - - 4 1 4 1 4 1 5 2 5 2 5 2 3 7 3 7 3 7 6 4 1 4 1 4 1 5 2 5 2 5 2 6 1 6
3 4 1 4 1 4 1 5 2 5 2 5 2 3 7 3 7 3 0 0 0 0 0 3 6 6 5 6 1 3 2 7 5 6 6 6 1 7 5. 0
1 1 ,3 ,7 1. 1. 2. 3. 5. 1 6 1 6 5 6 7 6 2 6 3 7 1 2 7 5 7 3 7. 6 - - 5 - - 6. 7. 1. 3. - -
- - - - - 0 - x 1 0 x 1 1 6 6 5 6 1 3 2 1 2 0 3 7 7 7 5 6. 0 3 5 6 6. 5 6 1 3 2 7
5 1 6 7. 7. 1 6 6. 5 6. 5. 5. ,6 - - 2 - - 5. 5. 6 - - 3 3. 2 3. 3. 3. 1 - - - - - - - - - -
- - - - - - - - - - - - - - x 1 3 x 1 1 1 1 1 1 5. 3 1 2 3 6 1 3 6 1 6 6 4 6 7. 7.
6. 0 6. 1'. 1. 5. 1'. 1. 5. 3. 1'. 3'. 7. 5. 6 3 ,6. 3. ,5 2 ,6. 3. 4. 2. ,4. 2. 3. 7. 5. 7. 5. 3. 1 1 1 - - x - -
- - - - - - - - - - - - - - - - x 1 6 x 5 3 1 5 1 2 7 5 7 5 7 1 6 4 4 3 1 7 1. 7
5 0 3 5 5 4 4 4 3 1 7 1. 7 5 0 1 1 0 3 5 3 1 1 0 0 5 3 7 5 3 7 0 2 7 7 0 1 6 6 5
3 2 3. 2 ,7 0 1 5 2 5 2 5 1 5 2 5 2 5 5 2 5 2 5 2 5 2 5 2 5 2 4 4 6 1 6 4 4 4 6 1
6 4 4 5 7 3 5 3 4 5 7 3 5 3 x 1 x 5 3 1 5 1 2 7 5. 7 5 7 1 6 4 4 3 1 7 1 2 3 6 7
,3 5 5 4 4 4 3 1 7 1 2 5 1 1 1 0 3 5 3 1 1 0 0 5 3 7 5 0 2 7 7 0 1 6 6 5 3 2 3 4
3 0 1 5 2 5 2 5 1 5 2 5 2 5 5 2 5 2 5 2 5 2 5 2 5 2 4 4 6 1 6 4 4 4 6 1 6 4 3 7
3 5 3 7 3 7 3 5 3 7 x 2 0 x 1 1 1 1 3 1 7 1. 5 7 6 7 1 1 1 1 2 1 3. 5. 3 5 0 3 6 6
6 1 1 1 7 1 7 5 3 3 6. ,3. 2. 7. 1 1 7 7 7 7 3. 1. 7. 5. 6 6 5 5 4 2 5. 5 5 1. 5. 5. 3. 4 4 4
4 3 3 3 3 0 4 0 2 0 3 0 3 6. 3. 2. 7. 4 1 4 1 4 1 4 1 4 1 4 1 3 7 3 7 3 7 3 7 3 7 3
7 4 1 4 1 4 1 2 1 4 1 4 1 3 5 3 3 3 1 5 1 1 5 1 5 2 2 5 3 7 3 3 7 3 6 5 3 6. 0 1
2 5 5 5 2 2. 5 3 3 5 6 5 5 6 1 2 2 7 6 - - 5. 2. 3. 6. 3. 7. 7. 3. 1. 6. 1. 5. 5. 1. 6. 4. 3 7 3
4 7 5 3 3 4 1 3 1 3 1 3 1 2 3 5. 2. 3. ,6. 4. 2. 6 3 1 1 1 6 3 1 x 0 0 - - - - - - 0 0
0 0 0 0 0 0 0 0 x 2 6 x x 0 0 0 0 0 0 0 0 0 0 0 0 0 0 0 0 0 0 - - - - - - - - -
- - - - - - - - - - - - - - - - - - - - x - - - - - - - - - - - - - - - - - - 0
0 0 0 0 0 0 0 0 0 0 0 0 0 0 0 0 3 5 x 3 2 x 5 5 6 1 2 2 7 6. 0 0 3 6 6 6 1 1 1 7
1 7 5 0 3 1 7 5. 6. 4. 1. 7. 5. 6 1 - - q6 q6 q,6 q6 q,3 q3 q,1 q1 q,1 q1 q5 q5 q2 q7 q,5 q5 q,2 q2 7. 2. 4 1 4
4 1 4 5 2 5 5 2 5 6 3 6 6 3 6 6 1 3 6 6 3 6 3 6 3 6 6 1 5 1 1 5 1 5 2 5 5 2 5 3
7 3 3 7 3 x - - - - - - - - - - - - - - - - x 3 q4 x 6 5 6 5 3 6. 0 1 2 5 5 5 2 2.
5 3 3 5 6 5 6 1 2 3. ,5 2 3 6. 6 1 2 7 1. 1 1 ,5 ,2 7 ,5 ,2 7 ,3 7 3. 4 6 7 5 6. 6 3 5 5 2
5 5 2 5 3 7 1. 4 1 4 4 1 4 5 2 5 5 2 5 6 3 6 6 3 6 6 1 3 6 6 1 1 5 1 1 5 1 5 2 5
5 2 5 3 7 3 3 7 3 6 3 6 6 3 6
%END
