%暗里着迷钢琴.txt
% 出处 https://www.jianpujia.com/
title=暗里着迷钢琴
tag=
usertag=
tagroute=
transcriber=jianpu2-auto
status=ocr
source=jianpujia-248454
todo=refine the filename
%--
4/4
subtitle=score
1 - - q1 q1 - - 6 3 1 1 1 0 6 6 6 5 6 3 0 1 2 3 3 5 3 3. 1 1 2. 2 2 2 3 2 1 6 5. 6 -
- - 6 3 6 1 6 3 6 1 5 1 3 1 5 3 2 6 2 4 5 2 5 7 6 3 6 1 3 6 x - - - - - - - - -
- - - x 5 x 0 6 6 6 5 6 3 0 1 2 3 3 5 3 3. 1 1 2. 2 2 2 3 2 1 6 - - 0 6 3 6 3 6 1
6 3 6 1 5 1 3 1 5 3 2 6 2 4 5 2 5 7 6 3 6 1 6 3 6 x 0 - - - 0 0 0 0 - - 0 - - x
x 3 2 2 1 2. 5 6. 6 3 3 2 2 1 2 5 2 3. 3 5 6 6 6 3 5 6 6 6 7 1 7 - - 0 6 7 5 2 5 6
3 6 5 2 5 1 5 1 4 1 4 2 6 2 3 7 3 5 7 6 x - - - - - - - - x 1 3 x 1 1 1 1 1 1 6
~ 6 6 0 6 7 1 1 1 1 1 2 6 ~ 6 6 0 6 1 7 7 7 7 7 7 7 ~ 7 6 5 6 3 3 0 2 1 2 3. 6 7
1 6 3 6 1 6 3 6 3 4 1 4 6 4 1 4 1 5 2 5 7 5 2 5 2 1 5 1 5 3 7 3 7 x - - - - - -
- - - - - - - - - - x 1 7 x 1 1 1 1 1 1 6 ~ 6 6 0 6 7 1 1 1 1 1 2 6 ~ 6 6 0 6 1
7 7 7 7 7 7 7 ~ 7 6 5 3 3 6 6 - - - 1 6 3 6 1 6 3 6 3 4 1 4 6 4 1 4 1 5 2 5 7 5
2 5 2 6 3 6 1 3 1 x 2 1 x 0 6 6 6 5 6 3 0 1 2 3 3 5 3 3. 1 1 2. 2 2 2 3 2 1 6 - -
- 6 3 6 1 6 3 6 1 5 1 3 1 5 3 2 6 2 4 5 2 5 7 6 3 6 1 3 6 x 0 - - - 0 0 0 0 - -
0 -
%END
