%暧昧钢琴_2.txt
% 出处 https://www.jianpujia.com/
title=暧昧钢琴
tag=
usertag=
tagroute=
transcriber=jianpu2-auto
status=ocr
source=jianpujia-149618
%--
4/4
subtitle=score
q1 - - 4 qx - - 5 0 1' qx' 0 6 2 3 6 2 2 0 0 5 2 3 5 1 1 0 0 4 5 3 6 4 5 3 6 x x x x
x 5 x 0 0 0 0 0 1 2 1 2 1 5 6 6 3 3 2 ,2 ,5 ,5 2 - 5 - 5 - 4 1 4 1 1 4 x - - - x x
2 0 1 2 1 1 7 3 5 5 7 2 1 1 0 6 7 6 7 6 3 4 0 1 6 7 1 - - - - - 0 0 - - 0 0 - -
- 5 2 5 2 2 5 3 7 3 3 7 3 6 3. 3 2 6 2 2 6 2 x 0 0 - - - 0 0 0 0 - - 0 0 x 1 3 x
7 5 7 7 2 2 4 3 3 2 1 2 3 0 1 2 1 2 1 5 6 6 3 3 2 1 - - - - - - - - - - - - - -
- - - 5 2. 2 1 5 5 5 1 5 5 5 4 1 4 4 1 4 1 x - - 0 - - - - - - - 0 0 2 0 1 1 1 1
7 3 5 5 7 2 1 1 0 6 7 6 7 6 3 4 0 6 1 7 5 2 5 2 2 5 2 3 7 3 7 7 3 6 3 3 3 3 2 6
2 6 2 x 0 0 0 0 - - 0 0 0 - - - - x 2 1 x 7 0 3 5 2 2 1 0 0 0 1 1 6 1 1 1 6 7 1
- - - - - - - - - 5 2 5 0 1 5. 5 1 5 1. 4 1 4 1 1 4 x 0 0 - - 0 0 - - 0 x 2 5 x 7
0 0 7 7 5 7 7 1 2 1 1 0 0 1 1 1 6 1 1 2. 1 - - - - - - - - - - - - 5 2 5 2 2 5 3
7 3 3 7 3 6 3 6 3 6 2 6 2 2 6 2 x 2 x 7 7 6 7 7 5 3 0 0 0 0 3 3 1 1 6 1 1 1 1 7
1 0 0 - - - 0 0 - - 0 0 5 2 5 2 1 5 1 5 5 1 1 5 1 5 5 1 4 1 4 4 1 4 1 x - - - -
0 - - - - - - - x 3 3 x 7 0 0 3 7 7 5 7 7 1 2 1 1 0 0 1 1 6 1 1 2 7 1 - - - - -
- - - - - 0 - 0 5 2 5 2 2 0 3 7 3 7 7 3 6 3 6 3 6 3 2 6 2 6 2 x 0 0 - - - 0 0 0
- - - x 3 7 x 7 7 6 7 7 1 2 1 1 0 0 1 2 1 2 1 5 6 6 3 3 2 1 - - - - - - - - - -
- 5 2 5. 1 5. 5 1 5. 5 4 1 4 1 1 4 2 0 1 2 1 1 7 3 5 5 7 2 1 1 0 6 7 6 7 6 3 4 0 1
6 7 1 - - - - - - - - - - - - - - 5 2 5 2 2 5 3 7 3 3 7 3 6 3. 3 2 6 2 2 6 2 x -
- 0 - - - 0 - - - - - 0 x 4 5 x 7 5 7 7 2 2 4 3 2 2 4 3 3 0 1 2 1 2 1 5 6 6 3 3
2 x - - - - - - - - - - - - - - - - - 5 2. 2 5 1 5 1 5 5 1 1 5 5 5 4 1 4 4 1 4 1
x 0 0 - - - 0 0 0 - - - 0 0 x 4 x 2 0 1 1 1 1 7 3 5 5 7 2 1 1 0 6 7 6 7 6 3 4 0
6 1 7 1 - - - - - - - - - - - - - - 5 2 5 2 2 5 2 3 7 3 7 7 3 6 3 3 3 3 2 6 2 6
2 x - - - - - - - - - - 0 - - 7 0 5 3 5 2 2 1 0 0 0 0 6 2 3 6 2 1 - - - - - - -
- - - 5 2. 2 1 5. 5 1 5 1. 4 1 4 1 1 4 x 0 0 - - 0 0 - - 0 2 5 2 3 5 1 1 6 2 3 6 2
2 0 0 0 5 2 3 5 1 1 0 0 0 6 2 3 6 2 1 - - - - - - - - - - 5 2 5 2 2 5 3 7 3 3 7
3 6 3 6 3 6 2 6 2 2 6 2 2 5 2 3 5 3 3 6 2 3 6 3 2 0 0 0 5 2 3 5 3 3 0 0 0 6 2 3
6 3 1 - - - - - - - - - - 5 2 5 2 5 1 1 5 1 5 5 1 4 1 4 4 1 4 1 3 2. 5 2 3 5 2 2
1. 6 2 3 6 3 3 2. 0 0 5 2 3 5 2 2 1. 0 0 6 2 3 6 3 1 - - - - - - - - - - - - 5 2 5
2 2 5 2 3 7 3 7 7 3 6 3 6 3 6 3 2 6 2 6 2 x 0 0 0 0 - - 0 0 0 - - - 3 2. 0 1 7 6
0 0 0 0 6 1 1 6 1 1 1 2 7 1 - - - - - - - - - - 1 1 5 2 5. 1 5 1. 1 5 1. 4 1 4 1 1
4 x 0 0 - - 0 0 - - 0 x 7 3 x 7 0 0 3 7 7 5 7 7 1 2 1 1 0 0 1 1 1 6 1 1 2 3 1 -
- - - - 0 0 - - - - - - - - 5 2 5 2 2 0 3 7 3 3 7 3 6 3 6 3 6 2 6 2 2 6 2 x 7 7
x 7 7 6 7 7 7 5 3 3 0 0 0 6 1 1 6 1 1 1 6 7 1 - - - - - - - - - - 5 2. 2 1 5 1 5
5 1 1 5 1 5 5 0 4 1 4 4 1 4 1 x 0 0 - - 0 0 0 - - - 0 0 x 1 x 7 0 0 3 7 7 5 7 7
1 6 1 1 2. 0 6 1 1 6 1 1 2 3 1 - - - - - - - - - - - - - 0 - 0 5 2 5 2 2 0 3 7 3
7 7 3 6 3 6 3 6 0 2 6 2 6 2 x - - - - - - - - 0 - - 5 x 1 - - 7 7 6 7 7 1 2 1 1
0 0 1 2 1 2 1 5 6 6 3 3 2 1 0 0 - - - - - - - - - 5 2 5. 1 5. 5 7 4 7. 4 1 4 1 1 4
x x 2 0 1 2 1 1 7 3 5 5 7 2 1 1 0 6 7 6 7 6 3 4 0 1 6 7 1 - - - - - - - - - - -
- - - 5 2 5 2 2 5 3 7 3 3 7 3 6 3. 3 2 6 2 2 6 2 x - - 0 - - - 0 - - - - - 0
%END
