%最佳损友钢琴.txt
% 出处 https://www.jianpujia.com/
title=最佳损友钢琴
tag=
usertag=
tagroute=
transcriber=jianpu2-auto
status=ocr
source=jianpujia-148533
todo=refine the filename
%--
4/4
subtitle=score
5 5 5 5 5 3 5 5 3 4 5 3 5 5 5 3 5 3 5 5 3 5 3 5 3 5 5 5 3 5 3 1 1 2 3 6 6 6 7 1
1 7. 1 2 2 2 5 7 7 7 2 7 1 5 1 5 2 4 6 4 3 7 3 7 4 1 4 1 2 6 2 6 4 1 4 1 x 0 0 -
- - 0 0 - 0 - - 0 - 0 x 4 5 x 2 1 1 1 - 7 6 5 3 5 3 5 5 5 3 5 3 5 5 3 5 3 5 5 5
3 5 3 1 1 2 3 6 6 6 7 1 1 7. 1 2 6 2 6 2 6 4 5 1 5 1 5 2 4 6 4 3 7 3 7 4 1 4 1 2
6 2 6 4 1 4 1 x - - - - - - - - - - - - - - x 4 x x 1 x x 2 1 1 1 3 3 3 2 1 6 1
6 1 1 1 6 1 6 5 5 6 5 6 1 6 1 1 1 6 1 6 2 1 6 5 6 1 6 1 1 1 6 1 6 5 5 6 2 6 2 6
5 2 5 2 4 1 4 1 5 2 5 2 4 1 4 1 5 2 5 2 4 1 4 1 5 2 5 2 x 0 - 0 - - 0 - 0 0 - 0
- - 0 - 0 x 5 3 x 1 6 1 1 3 3 3 2 2 3 4 3 4 3 1 4 3 4 3 1 4 3 4 3 4 3 4 3 1 4 3
4 3 1 4 3. 4 3 4 3 1 4 3 4 3. 4 3 2 4 1 4 1 5 2 5 2 2 6 2 6 5 2 5 2 4 1 4 1 5 2 5
2 2 6 2 6 5 2 5 2 x - - - - - - - - - - - - - - - - x 5 7 x 2 1 7 6 5 3 5 5 5 3
5 3 5 5 3 5 3 5 3 5 5 5 3 5 3 1 1 2 3 6 6 6 7 1 1 7. 1 2 x 5 4 7 1 5 6 3 4 5 1 1
5 1 5 2 4 6 4 3 7 3 7 4 1 4 1 2 6 2 6 4 1 4 1 x 6 1 x 2 1 1 1 - 7 6 5 3 5 3 5 5
5 3 5 3 5 5 3 5 3 5 5 5 3 5 3 1 1 2 3 6 6 6 7 1 1 7. 1 2 5 2 6 2 6 5 - 1 5 1 5 2
4 6 4 3 7 3 7 4 1 4 1 2 6 2 6 4 1 4 1 x 0 - - - - 0 0 - 0 - - 0 - 0
%END
