%最佳福星.txt
% 出处 https://www.qupu123.com/
title=最佳福星
tag=分类/通俗歌曲
usertag=分类/通俗歌曲
tagroute=
transcriber=jianpu2-auto
status=ocr
source=qupu123-305321
%--
2/4
subtitle=score
1' - - 2 x ,x x x 1 1' x 4 4 3 3. 3 - 2 1 1 1 3 3 2 1 1 4 4 6 5 4 3 3 2 1 2 - 2 2 4
4 4 4 4 3 3 4. 3 3 - 0 3 2 1 ,7 1. ,6 ,6 0 0 0 ,6 ,6 4 4 4 4 0 3 4 2 1 2 ,7 ,7 7 - x 0 5.
5 x 5 4 5 0 2 3 4 2 1 3 6 6 6 0 0 0 6 6 1 5 4 3 4 4 q5. 4 3 4 4 5 6 6. 5 5 ,x 0 5. 5
5 1 - x 1 0 6 qx 7 6 6 3 3 7 1' 7 7 0 7 1 6 0 6 5 3 5. 1 1 1 0 4 3 4 3 4. 0 5 5 5 5
5. 0 6 4 1 6 4 1 6 6 6 6 7 1' 7 7 7 - 7 0 0 6 5 5 3 3 2 3 3 6 5 5 5 4 3 2. 3 3 - 0
5 5 5 5 4. q3 ,4 3' 2 2 0 3 3 3 x 0 5. 7 6 3 ,7 1 0 ,6 q,,6 q,6 q6 1 ,7 ,7 ,7 ,7' 7 2 5. 0 1 ,1 1 6
0 6 5 5 5 5 5 5 5 6 5 0 5 0 5 ~ 5 ~ ,,5 6' 5 0 5 5 5 2. 0 ,5 0 5 0 5 5 5 6 5 0 5 5 5
6 5 3 2 1 1 x x x 0 5 0 5 0 1 1
%END
