%最好的安排钢琴_2.txt
% 出处 https://www.jianpujia.com/
title=最好的安排钢琴
tag=
usertag=
tagroute=
transcriber=jianpu2-auto
status=ocr
source=jianpujia-383205
%--
4/4
subtitle=score
1 - - 4 qx - - 6 7 0 0 0 5 6 1 2 3 2 2 2 3 2 2 3 4 3 3 3 2 3 3 2 1 1 2 5 0 0 0 0
,4 - ,5 - ,1 - ,1 ,5 ,2 ,1 3. 2 2 6 3. 2 2 1 4 3 3 - 0 3 2 1 3. 2 2 3. 2 2 1 2 5 5 1 4 2 5
4 - 5 - 1 1 1 - 4 1 5 2 x 1 1 x 4. 3 3 3 2 3 3 2 1 3. 2 2. 6 3 2 2 2. 1 1 - - 0 5 1
5 5 5 1 4 2 5 1 4 3 1 1 2 1 4 1 5 2 1 1 1 x x 1 x 1 0 x 5 1 1 1 5 5 5 2 2 2 3 4
3 3 5 6 6 0 1 2 3 4 3 3 2 2 2 1. 1 2 ,1 ,3 ,5 ,5 ,6 ,6 ,4 ,1 ,3 ,4 ,4 ,1 ,1 ,5 ,2 ,6 ,3 ,4 - ,1 ,1 ,4
,1 x 1 3 x 3 4 3 3 2 2 2 0 5 5 1 1 1 5 5 5 2 2 2 3 4 5 5 3 2 1 0 1 2 1 3 5 5 1 1
5 2 1 5 1 5 2 5 3 7 3 4 1 4 1 0 0 0 0 x 1 6 x 3 4 3 2 2 2 1. 1 2 1 3 4 4 4 2 2 2
1 1 5 2 3 2 2 2 3 2 2 3 7 3 4 1 4 3 7 3 5 2 5 4 1 4 1 5 2 5 2 x 0 0 0 0 0 - - -
3 4 3 3 3 2 3 3 2 1 3. 2 2 6 3. 2 2 1 4 3 3 - 0 3 2 1 1 5 1 5 3 5 1 5 4 1 4 1 5 2
5 2 1 5 1 5 3 5 1 5 x 0 - - - 0 0 0 - 0 0 0 0 x 2 2 x 3. 2 2 3. 2 2 4. 3 3 3 2 3 3
2 1 3. 2 2. 6 3 2 2 2. 1 4 1 4 1 5 2 5 2 1 5 1 5 3 5 1 5 4 1 4 1 5 2 5 2 x - - - -
- - - - - - - - x 2 5 x 1 - - 0 5 5 1 1 1 5 5 5 2 2 2 3 4 3 3 5 6 6 0 1 2 1 5 1
5 3 5 1 5 1 5 1 5 5 2 5 2 6 3 6 3 4 1 4 1 x 0 - - - 0 - 0 - 0 - - - x 2 x 3 4 3
3 2 2 2 1. 1 1 2 3 4 3 3 2 2 2 0 5 5 1 1 1 5 5 5 2 2 2 1 5 1 5 4 1 4 1 1 5 1 5 5
2 5 2 1 5 1 5 5 2 5 2 x - - - - - - - - - - - - x 3 1 x 5 4 3 3 6 6 6 0 1 2 3 4
3 3 2 2 2 1. 1 2 1 3 4 3 3 1 1 5 4 4 4 3 2 1 5 5 5 3 7 3 7 4 1 4 1 3 7 3 7 4 1 4
1 5 2 2 2 2 - 1 0 0 0 0 0 0 0 - 0 - x 3 4 x 2 3 2 2 2 3 2 2 3 4 3 3 3 2 3 3 2 1
3. 2 2 6 3. 2 2 1 4 3 4 1 4 1 5 2 5 2 1 5 1 5 3 5 1 5 4 1 4 1 5 2 5 2 x - - - - -
- - - - - - - x 3 7 x 3 - 0 3 2 1 3. 2 2 3. 2 2 4. 3 3 3 2 3 3 2 1 1 5 1 5 3 5 1 5
4 1 4 1 5 2 5 2 1 5 1 5 3 5 1 5 x 0 - - - 0 0 0 - 0 0 - - x 4 0 x 3. 2 2. 6 3 2 2
2. 1 1 - - 5 3. 2 2 2 2 1 2 2 6 5 3. 4 1 4 1 5 2 5 2 1 5 1 5 3 5 1 5 4 1 4 1 6 1 4
1 x 0 0 0 0 0 - 0 0 0 - - - x 4 3 x 2 2 2 2 1 3 3 5 3. 2 2 2 2 1 1 1 6 6 6 1 3 2
- - 5 3. 6 3 6 3 1 3 6 3 4 1 4 1 6 1 4 1 5 2 5 2 7 2 5 2 x - - - - - - - - - - -
- x 4 6 x 2 2 2 2 1 2 2 6 5 6 3 2 2 2 2 1 3 3 5 4 3 2 1 6. 6 6 1 2 2. 6 4 1 4 1 6
1 4 1 6 3 6 3 1 3 6 3 4 1 4 1 6 1 4 1 x 0 0 0 0 0 0 0 - 0 - - - 3 3 3 3 4 2 - 2
- 0 5 4 3 2. 1 1 3. 2 2 5 2 5 2 7 2 5 2 5 - - - 4 1 4 1 5 2 5 2 x - - - - - - - -
4. 3 3 3 2 3. 3 2 1 3. 2 2 6 3. 2 2 1 3 3 4 3. 0 5 2 1 1 5 1 5 3 5 1 5 4 1 4 1 5 2 5
2 1 5 1 5 3 5 1 5 x - - - - - - - - - - - - x 5 5 x 3. 2 2 3. 2 2 4. 3 3 3 2 3 3 1
6 3. 2 2 6 3 2 2 2 4 1 4 1 5 2 5 2 1 5 1 5 3 5 1 5 4 1 4 1 5 2 5 2 x - - - - - -
- - - - - - 1 1. 1 - 5 6 1 3. 2 2 1 6 3 2 2 2 1 1. 1 - - 1 5 1 5 3 5 1 5 4 1 4 1 5
2 5 2 1 5 1 2 3 - x 0 - - - 0 0 0 - 0 - 1
%END
