%最好的安排钢琴.txt
% 出处 https://www.jianpujia.com/
title=最好的安排钢琴
tag=分类/钢琴谱
usertag=分类/钢琴谱
tagroute=
transcriber=jianpu2-auto
status=ocr
source=jianpujia-383205
%--
4/4
subtitle=score
x 1 6 x 3 4 3 2 2 2 1. 1 2 1 3 4 4 4 2 2 2 1 1 5 2 3 2 2 2 3 2 2 3 7 3 4 1 4 3 7
3 5 2 5 4 1 4 1 5 2 5 2 x 0 0 0 0 0 - - - 3 4 3 3 3 2 3 3 2 1 3. 2 2 6 3. 2 2 1 4
3 3 - 0 3 2 1 1 5 1 5 3 5 1 5 4 1 4 1 5 2 5 2 1 5 1 5 3 5 1 5 x 0 - - - 0 0 0 -
0 0 0 0 x 2 2 x 3. 2 2 3. 2 2 4. 3 3 3 2 3 3 2 1 3. 2 2. 6 3 2 2 2. 1 4 1 4 1 5 2 5 2
1 5 1 5 3 5 1 5 4 1 4 1 5 2 5 2 x - - - - - - - - - - - - x 2 5 x 1 - - 0 5 5 1
1 1 5 5 5 2 2 2 3 4 3 3 5 6 6 0 1 2 1 5 1 5 3 5 1 5 1 5 1 5 5 2 5 2 6 3 6 3 4 1
4 1 x 0 - - - 0 - 0 - 0 - - - x 2 x 3 4 3 3 2 2 2 1. 1 1 2 3 4 3 3 2 2 2 0 5 5 1
1 1 5 5 5 2 2 2 1 5 1 5 4 1 4 1 1 5 1 5 5 2 5 2 1 5 1 5 5 2 5 2 x - - - - - - -
- - - - - x 3 1 x 5 4 3 3 6 6 6 0 1 2 3 4 3 3 2 2 2 1. 1 2 1 3 4 3 3 1 1 5 4 4 4
3 2 1 5 5 5 3 7 3 7 4 1 4 1 3 7 3 7 4 1 4 1 5 2 2 2 2 - 1 0 0 0 0 0 0 0 - 0 -
%END
