%最美祖国.txt
% 出处 https://www.qupu123.com/
title=最美祖国
tag=
usertag=
tagroute=
transcriber=jianpu2-auto
status=ocr
source=qupu123-381546
%--
4/4
subtitle=score
- - 5 5 4 1 0 x 1' x' 1'. 1 - - 6 3 2 3 1 - 2. 1 6 5 6 5 - 5 5 6 1 1 2 6. 1 q6 5 3 5 1
q1 q1 2 ,3 ,6 1 1. 1 2 3 5 6 5 3 - 2 2 3 1 2 q,6 ,5 ,5 1. 2 3 1 6 5 6 1 ,6 1. 1 1 q,6 2 3 ,6 2
- 3 3 q2 3 6 5 3 2 1 - 2 2 3 1 2 ,7 ,6 ,5 ,3 ,5 ,6 1 2 6 5 3 2 - 2 2 3 5 6 3 2 1 - 1 6
3 2 3 1 2. 1 1' 6 5 - - 5 5 6 1 2 6 1 - 3 5 1 1 1 ,6 1 2 3 1 2 - 1 - 6 3 2 3 1 - 2.
q1 6 5 6 5 - - 5 5 6 1 1 2 6. 1 6 5 3 5 1 1 q1 ,6 3 2 3 ,6 1 1 1 6 3 2 3 q6 1
%END
