%最长的电影钢琴.txt
% 出处 https://www.jianpujia.com/
title=最长的电影钢琴
tag=分类/钢琴谱,分类/影视
usertag=分类/钢琴谱,分类/影视
tagroute=
transcriber=jianpu2-auto
status=ocr
source=jianpujia-252875
%--
4/4
subtitle=score
1 0 0 1 2 4 3 3 3 ,1 3 4 3 1 1 ,1 1 2 4 3 3 3 q3 3 2 1 x 3 3 4 4 3 4 3 1 1 1 1 1 1
3. 3 1 4. 4 2 3 5 5 5 5 5 5 5 5 1. 1 6 1 6 1. 5 1 5 1 3 6 3 1 - - - - - - - q6 2 2 0
,4 1 2 4 3 3 3 ,4 3 4 3 1 2 2 1 0 0 1 4 3 1 1 5 3 2 1 1 7 x 3 x 4 3 4 4 4 4 1 3 3
1 4 4 1 3 2 2 1 1 5 5 7 5 1 1 6 1 6 1 6 5 1 5 1 5 7 7 x - - - - 1 0 2 2 3 3 2 1
6 2 2 0 0 3 2 1 5 2 2 2 1 1 0 3 2 1 6 2 2 2 1 4 4 3 2 1 5 1 - - - - - - - - - -
- - - - - - - - - - ,3 q,3 ,1 ,2 ,2 ,1 ,2 1 1 3 1 6 1 7 2 7 3 3 5 6 1 7 2 5 5 1 q5 q3 5 1
3 ,4 6 2 ,5 ,7 ,3 ,7 ,6 ,3 ,4 ,6 ,5 ,7 x 4 - 4 3 3 3 2 3 3 3 3 4 3 1 3 3 3 2 2 2 7 1 2 7 2
2 2 2 7 2 2 1 1 5 3 4 1 1 1 2 4 3 2 1 ,3 x 1 x 2 1 ,5 ,1 ,1 1 1 6 ,1 1 ,3 1 ,5 3 ,6 ,4 ,6
1 ,5 ,4 5 1 3 3 5 1 2 6 3 5 1 ,2 ,4 ,4 1 ,5 1 ,5 2 6 5 1 - 0 0 1 3 3 3 2 2 2 7 1 2 7 2
2 2 7 2 2 1 1 5 3 4 1 1 1 2 4 3 2 1 ,5 ,3 ,1 - ,5 1 - ,6 ,4 1 ,6 1 ,5 ,4 1 5 1 3 ,5 ,3 1 2
,5 ,3 6. ,5 ,3 ,6 ,6 ,5 ,2 ,4 ,1 - ,5 2 ,4 3
%END
