%月下情.txt
% 出处 http://www.fysongs.cn/songku_show.asp?id=48099
title=月下情
tag=
usertag=
tagroute=
confidence=0.971
conf_p10=0.981
transcriber=jianpu2-auto
status=ocr
source=fysongs-48099
%--
3/4
subtitle=score
x ,6 ,7 1 3 - 3 1 6 5 3 5. 6 4 2 3 1 ,6 ,7 1 ,7 3 2 1 ,7 1 2 ,7 1 ,6 ,3 ,4 ,5 ,6 ,7 1 2 2 3 6
1 3 6 2 ,6 2 3 x 4 5 x 6 - 5 x q4 4. q7 6 q5 q7 x q4 q5 q4 q2 x q4 q2 2 - 6 6 q5 qx q4 x 4. q7 6
5 7 x 4 5 4 2 x 4 2 2 - ,6 ,7 1 3 - 3 1 6 5 3 q5. q5 4 2 3 1 ,6 ,7 1 ,7 3 2 1 ,7 1 2 ,7 1
,6 - - 6 - 6 6 - 6 1 7 1 6 3 - 6 1 2' 7 1' 6 5. 6 5 x 4 3 ,6 ,7 1 3 - q3 q1' 6 5 3 5. 6 x
4 2 3 1 ,6 ,7 1 ,7 3 2 q1 ,7 1 2 ,7 1 ,6 - - 1 x x ,6 ,7 1 3 - 3 1 5. 6 4 2 3 1 ,6 ,7 1 ,7 3
2 1 ,7 1 2 ,7 1 ,6 ,3 ,6 1 3 ,6 1 3 2 ,6 2 3 4 5 x 6 - 5 4 4. 7 6 5 7 4 5 4 2 4 2 2 - 6
- 5 4 x 4. q7 6 q5 7 x q4 5 4 2 x 4 2 2 - ,6 ,7 1 3 - 3 1' 6 5 3 5. 6 x 4 2 3 1 ,6 ,7 1 ,7
3 2 q1 ,7 1 2 ,7 1 ,6 - - 5 x 4 5 7 6' - -
%END
