%月亮照在心上.txt
% 出处 https://www.qupu123.com/
title=月亮照在心上
tag=分类/通俗歌曲
usertag=分类/通俗歌曲
tagroute=
transcriber=jianpu2-auto
status=ocr
source=qupu123-381570
%--
4/4
subtitle=score
0 0 0 1 2 3 3 0 3 2 1 2 ,6 1 - 0 3 5 6 6 0 6 1 6 6' 5' 3 - 0 6 3 2 1 2' 3' 2 0 3 5 6
6 6' 5' 3 0 3 1' 6 5 3 3 5 3 0 2 3 5 5 3 6 - 0 0 0 1 2 0 1 2 3 5 3 q0 q3 q1' q6 5 3 q0 q3
q1' q6 5 6 q0 q6 q1' q6 q3' q2' 2' q0 q1 q2 q3 5 3 0 3 1 6 5 6 0 6 1 6 3 2 0 3 7 6 5. 3 3 6. 6 1 2
3 5 3 0 3 1' 6 5 3 0 3 1' 6 5 6 0 6 1' 6 3' 2' 2' 0 1 2 3 5 3 0 3 1' 6 5 6 0 6 1' 6 3' 2'
0 3 7 6 5. 3 3 6. 6 3 7 6 5. 3 6 - - 0
%END