%月光绕人间.txt
% 出处 https://www.qupu123.com/
title=月光绕人间
tag=分类/谱友上传
usertag=分类/谱友上传
tagroute=
transcriber=jianpu2-auto
status=ocr
source=qupu123-396608
%--
4/4
subtitle=score
q1 - - - - 6 5 - x x x x 1' x x' 6 3 6 7 1 7 1 6 1 7 1 6 7 5 1 7 1 6 1 3. 6 1 7 1 6
1 7 1 6 7 5 6 3 2 3 6 6 6 1 2 3 3 5 6 1 6 5 3 2 3 1 2 3 2 3 7 6 5 6 1 1 6 6 2 6
6 1 2 3 3 5 - - - - - - - - - - - - - - - - 6 1 6 5 3 2 3 1 2 3 2 3 7 6 5 6 3 2
1 7 1 1 1 7 6 3 3 3 5 6 1 2 5 3 2 2 3 1 2 2 3 ,7 2 3 ,6 3 ,5 ,6 ,6 1 0 0 3 3 3 3 1 6
7 7 6 5 6 5 3 6 6 6 5 6 2. 1 2 3 5 6 5 3 3 3 3 3 1 6 7 7 6 5 6 5 3 6 6 6 6 6 2. 1
- - - - - - - - - - - - - - - - - - - - 2 1 7 5 6 3. 5 3 2 1 2 3 2 3 3. 5 3 2 3 6
5 6 1 6 2 1 7 5 6 - - - - - - - - - - 1 - - 2 1 7 5 6 3 6 5 6. 6 1 7 6 7 6 5 6 3
6 3 3 1 2. 3 7 1 7 6 5 6 - - - - - - - - - - - - - - 1
%END