%月夜.txt
% 出处 https://www.qupu123.com/
title=月夜
tag=分类/通俗歌曲
usertag=分类/通俗歌曲
tagroute=
transcriber=jianpu2-auto
status=ocr
source=qupu123-382894
%--
4/4
subtitle=score
1 x - x 6 0 x 2 5 3 3 2 5 1 ,4 ,5 ,6 1 2 3 5 1' 2' 1' 6 4 3 2 1 1 ,5 3 3 2 1 2 2 1 1 q6
1 5 3 3 2 1 2 2 1 ,6 ,5 5 5 3 2 1 1 6 2 1 1 6 ,3 ,5 ,6 ,6 ,5 ,5 1 3 5 3 6 5 6 1 6 6 5 6
1 6 5 3 2 1 1 1 3 3 3 2 1 2 2 1 ,6 ,5 ,5 3 5 5 3. 3 ,6 ,6 ,5 ,5 2 2 3 2 1 1 2 3 2 ,5 1 ,4
,5 ,4 1 ,5 1 3 5 7. 6 5 2 3 2 ,5 5 2 3 2 ,5 ,6 1 2 1 1 - 5 3 3 2 1 2 2 1 1 6 1 5 3 3 2
1 2 2 1 6 5 x 0 5 x 0 - - - - - - - - - ,3 ,5 ,6 ,6 ,5 ,5 1 3 3 5 3 6 5 6 1 6 6 5 6 1
6 5 3 2 1 2 2 1 ,6 ,5 ,5 3 5 5 3. 3 ,6 ,6 ,5 ,5 2 2 3 2 1 1 ,6 ,6 ,5 ,5 2 2 3 2 1 1 ,1'
%END
