%月球上的人钢琴_2.txt
% 出处 https://www.jianpujia.com/
title=月球上的人钢琴
tag=
usertag=
tagroute=
transcriber=jianpu2-auto
status=ocr
source=jianpujia-245617
%--
4/4
subtitle=score
1 - - 4 qx - - 7 6 x. x. 0 1 1 x. 1 1 0 x 2 7 6 7 5 3. 0 1 5 - 0 5 1 5 2 5 3 5 7 5 0
1 5 2 5 3 5 5 6 0 1 3 1 4 1 6 1 1 0 0 0 0 4 - - - 5 - - - 4 - - - x 5 x 7 5 2 -
0 1 6 5 5 5 3. 0 2 1 2 3 3 3 5 3 3 - 0 1 6 5 5 5 3. 0 2 2 1 1 5 - - - 4 1 4 1 4 1
4 1 5 2 5 2 5 2 5 2 4 1 4 1 4 1 4 1 x - - - - 0 0 0 0 - - - - x x 7. 5 5 6 5 0 0
3 0 1 1 7 6 5 5 5 6 5 6 3 3 0 1 5 4 4 4 1 2 2 0 2 3 1 5 2 5 2 5 2 5 2 4 1 4 1 4
1 4 1 3 7 3 7 3 7 3 7 2 6 2 6 2 6 2 6 x - - - - - - - - - - - - - - - - x 1 3 x
4 3 4 4 5 3 - 3 - 2 - q6. 1 6 5 3. 0 2 1 2 3 3 3 2 3 3 - 1 4 1 4 1 5 2 5 2 5 2 5 2
5 - 4 1 4 1 4 1 4 1 5 2 5 2 5 2 5 2 x - - - - - - - - - - - - - - 1 7 x q6. 1 6 5
5 5 3 2 2 1. 7 5 5 3 5 5 0 3 1 1 7 6 6 5 5 5 6 5 3 1 1 1 2 3 ,4 ,1 ,4 ,1 ,4 ,1 ,4 ,1 ,5 ,2
,5 ,2 ,5 ,2 ,5 ,2 ,4 ,1 ,4 ,1 ,4 ,1 ,4 ,1 ,3 ,7 ,3 ,7 ,3 ,7 ,3 ,7 x 2 1 x 4 3 4 5 5 4. 0 2 3 4 3 4 5 5
- 0 0 0 1 2 1 5 5 1 2 2 2 1 0 x 3 6 2 6 3 6 2 6 4 1 4 1 5 2 5 2 5 2 5 2 5 - 1 5
1 5 1 5 1 5 x 0 0 0 0 - - - - 0 0 - - - - x 2 5 x 7 5 5 5 3 5 0 1 1 1 2 3 3 5 5
6 5 3 3 3 1 2 1 6 5 1 2 2 2 1 1 5 2 5 2 5 2 5 2 4 1 4 2 4 1 4 1 5 2 5 2 5 2 5 2
6 3 6 3 6 3 6 3 x 0 0 0 0 - - - - 0 0 0 0 - - - - x 2 x 7 5 6 5 5 5 3 2 3 2 1 1
1 1 0 2 3 4 4 4 3 1 1 1. 1 1 4 1 1 4 1 4 1 4 1 4 x 3 7 3 7 3 7 3 7 4 1 4 1 4 1 4
1 5 2 5 2 5 2 5 2 2 6 2 6 2 6 2 6 x - - - - - - - - - - - - - - - - x 3 3 x 7. 5
5 5 0 7 7 7 6. 4 4 4 0 6 6 6 3. 7 7 6 7 7 - q6. 1 6 5 5 5 3. 0 2 1 1 5 2 5 2 5 2 5 2
4 1 4 1 4 1 4 1 5 2 5 2 5 2 5 2 4 1 4 1 4 1 4 1 x 0 0 0 0 - - - - 0 0 0 0 - - -
- x 3 7 x 2 3 3 3 2 3 3 - q6. 1 6 5 5 5 3 2 2 1. 7 5 5 3 5 5 0 3 1 1 7 6 6 5 5 5 1
5 2 5 2 5 2 5 2 4 1 4 1 4 1 4 1 5 2 5 2 5 2 5 2 4 1 4 1 4 1 4 1 x - - - - - - -
- - - - - - - - - 6 5 3 1 1 1 2 3 4 3 4 5 5 4. 0 2 3 4 3 4 5 5 - 0 0 0 1 2 1 1 3
7 3 7 3 7 3 7 3 6 2 6 2 6 2 6 4 1 4 1 5 2 5 2 5 2 5 2 5 - x - - - - - - - - - -
- - - - x 4 5 x 5 5 1 2 2 2 1 0 7 5 5 6 5 5 3 5 0 1 1 1 2 3 3 5 5 6 5 3 3 3 1 2
1 1 1 5 1 5 1 5 1 5 5 2 5 2 5 2 5 2 4 1 4 1 4 1 4 1 5 2 5 2 5 2 5 2 x 0 0 0 0 -
- - - 0 0 0 0 - - - - x 4 x 6 5 1 2 2 2 1 7 5 6 5 5 5 3 2 3 2 1 1 1 1 0 2 3 4 4
4 3 2 x 6 3 6 3 6 3 6 3 3 7 3 7 3 7 3 7 4 1 4 1 4 1 4 1 5 2 5 2 5 2 5 2 x 0 0 0
0 - - - - 0 0 0 0 - - - - x 5 3 x 5 5 1 2 2 2 1 7 5 5 6 5 5 0 3 5 1 1 1 2 3 3 5
5 6 5 3 3 3 1 2 1 1 1 5 1 5 1 5 1 5 5 2 5 2 5 2 5 2 4 1 4 1 4 1 4 1 5 2 5 2 5 2
5 2 x 0 0 0 0 - - - - 0 0 0 0 - - - - 6 5 1 2 2 2 1 7 5 6 5 5 5 3 2 3 2 1 1 1 q6
1 1 0 2 3 4 4 4 4 5 6 1 1 x 6 3 6 3 6 3 6 3 3 7 3 7 3 7 3 7 4 1 4 1 4 1 4 1 5 2
5 2 5 - x - - - - - - - - - - - - - - 1. 1. 1 1 6 4 1 1 - 7. 5 5 2 5 5 - 4. 1 1 5 1
- 7 2 5 6 2 2 1 2 6 2 6 2 - 5 - - - 4 - - - 5 - - - x - - x 6 5 x x 2 x 0 0 0 0
%END
