%有心人钢琴.txt
% 出处 https://www.jianpujia.com/
title=有心人钢琴
tag=
usertag=
tagroute=
transcriber=jianpu2-auto
status=ocr
source=jianpujia-149317
todo=refine the filename
%--
4/4
subtitle=score
x 2 0 x x x x x 5 6 1 1. 6 1. 2 1. 7 7 6 7 1 - 0 0 5 3 3 3 2 3 3. 5 ,3 1 3 7 6 3 6 1
3 3 2 6 2 4 5 2 5 7 2 1 5 1 2 3 2 1 5 4 1 5 2 5 7 1 5 1 5 1 2 3 x 0 0 - - - - -
- 0 0 0 0 0 0 0 0 - - 2 2 2 3 2 2. 3 2 1 7 1 7 1 1 2 3 3 7 7 - 0 6 5 6 6 7 1 2. 7
6 5 6 5 2 5 2 5 6 7 6 3 6 3 1 3 3 7 5 7 3 7 3 7 5 4 1 6 1 5 2 7 2 x - - - - - -
- - - - - - - x 2 x 5. 7 1. 6 7 1. 1 1 1 2 3 1 2 - - 0 5 5 3 3 3 2 3 3. 5 ,5 1 3 7 5
7 6 3 1 3 4 1 6 1 2 6 4 6 5 2 7 2 5 6 1 2 1 5 1 5 1 2 3 x 0 0 0 0 - - - - 0 0 0
- - - 2 2 2 3 2 2. 3 2 1 7 1 7 1 1 2 3 3 7 7 - 0 6 5 6 6 7 1 2. 7 6 qx 5 6 5 2 5 2
5 6 7 6 3 6 3 1 3 3 7 5 7 3 7 3 7 5 4 1 6 1 5 2 7 2 x 0 0 - - - - 0 0 - - - - -
5. 6 7 1. 6 7 1. 2 1 7 6 7 3 - 0 0 5 3 3 3 3 6 5. 5 5 1 1 1 2 3 7 5 7 6 3 1 3 2 6 4
6 5 2 7 2 1 5 1 2 3 4 5 6 3 1 3 3 7 5 7 x - - - - - - - - - - - - - - - - - x 4
0 x ,5. ,5 5 ,6 4 5 ,6 4 6' 4 4 ,1 1 ,4 1 1 2 7 6. 1. 3 2. 7. 5 5 2 6 ,1 7 6 ,1 6 7. 2. 2 7 4 7
- 1 5 6 3 5 2 3 1. x 5 2 5 5 4 1 6 1 1 5 3 5 6 3 1 3 3 7 5 7 4 1 6 1 5 1 2 4 5 5
- - 5 5. x 0 0 0 0 - - - - 0 0 0 - - 0 1
%END
