%有谁共鸣钢琴.txt
% 出处 https://www.jianpujia.com/
title=有谁共鸣钢琴
tag=
usertag=
tagroute=
transcriber=jianpu2-auto
status=ocr
source=jianpujia-251700
todo=refine the filename
%--
4/4
subtitle=score
2 1 1. 7 3 3 7 6 5 6 1 2 1 1 6 5 1 6 5 6 5 3 - 0 3 2 3 5. ,5 5 2' 2 1 - x 1 7 ,2 2 2
,6 2 ,6 ,4 5 ,2 ,5 ,7 2 2 ,1 ,1 ,1 ,3 ,5 ,7 ,3 3 ,3 ,7 ,6 ,3 ,5 ,3 2 1 6 5 6. ,1 ,2 2 3 5 3 2 3 5 3 2
2 3 5 3 2 6 5 6. 1 2 1 6 5 3 5 6 6 2 1 2 2 2 6 6 6 1 6 5 2 5 6 7 2 2 4 1 4 6 1 1
7 6 6 5 3 x - - 0 - - - - - - - 2 1 5 6 5 3 2 2 3 3 3 2. 3 5 3 2 1 1 5 3 2 3 1 -
1 5 6 5 3 2 2 3 3 3 - x 5 ,5 2 2 4 6 5 4 2 1 5 1 1 3 5 1 5 1 1 3 - 6 3 5 3 1 3 6
3 x - - - - - - - - - - - x 5 5 3 ,1 1 ,1 5 ,6 6 ,5 5 ,3 3 ,5 5 5 ,7 - 7 5 ,6 6 ,5 5 6. 6.
,1 1 ,2 2 ,1 1 6 6 ,5 5 ,3 3 ,5 5 ,6 6 6 6 ,2 2 ,1 1 1 ,7 1 1 1 3 1 5 3 5 2 5 6 7 2 2 4 1
4 4 6 - 1 7 6 3 5 x - - - - - - - - - 3 ,2. 2. ,3 3 ,5 5 ,3 3 ,2 2 ,1 1 ,1 1 - - - 0 3 5
6 1 6 5 3 - - 5 3 1 2 2 4 6 5 4 2 7 1 5 1 2 3 5 1 2 1 1 1 3 1 5 3 1 6 3 5 3 1 3
6 5 x - - - - - - - - - - - - - - - - x 4 1 x 2 - 0 3 5 3 2 5 3 2 - 0 3 5 6 1 6
5 3 6 5 3 5 3 qx 5 2 2 4 6 2 6 5 2 5 6 7 2 1 2 1 1 1 3 1 5 3 7 6 3 5 3 1 3 6 3 x
0 - - 0 0 - 0 0 - - 0 - 0 0
%END
