%木瓜恰恰恰钢琴.txt
% 出处 https://www.jianpujia.com/
title=木瓜恰恰恰钢琴
tag=分类/钢琴谱,分类/儿歌
usertag=分类/钢琴谱,分类/儿歌
tagroute=
transcriber=jianpu2-auto
status=ocr
source=jianpujia-149655
todo=refine the filename
%--
4/4
subtitle=score
1. 1 4 4 6 6 5 - 0 2 2 2. 4 3 3 2 2 4 4 4 4 3 3 3 6 4 4 4 4 x 1 1 1 1 1 1 1 3 1 1
1 1 0 6 6 0 6 0 6 ,5 5 5 1 0 0 0 6 6 0 6 0 6 ,4 - ,1 ,1 ,1 ,1 ,1 ,6 0 0 ,1 - ,5 ,5 1 - 0 1
6 4 5 6 7 6 5 3 4 5 6 5 3 1 1 1 4 4 4 4 3 3 3 3 qx 1 5 5 5 1 1 1 1 1 1 1 1 ,5 3 3
3 0 0 0 ,6 ,6 0 ,6 0 ,6 0 ,5 ,5 0 ,5 0 ,5 ,1 1 1 1 0 0 ,4 - ,1 ,1 ,1 - ,3 ,5 x 1 5 x 4 2 3 4 3
4 5 - 0 1 6 4 5 6 7 6 4 4 4 4 5 5 5 5 4 4 4 4 x 1 1 1 1 2 2 2 2 1 1 1 1 0 ,6 ,6 0
,6 0 ,6 0 ,7 ,7 0 ,7 0 ,7 0 ,6 ,6 0 ,6 0 ,6 2 5 4 2 - 4 6 5 - 2 5 4 - 1 1
%END