%李白钢琴.txt
% 出处 https://www.jianpujia.com/
title=李白钢琴
tag=李荣浩,分类/钢琴谱
usertag=李荣浩,分类/钢琴谱
tagroute=
transcriber=jianpu2-auto
status=ocr
source=jianpujia-150454
todo=refine the filename
artist=李荣浩
%--
4/4
subtitle=score
x 2 1 x 6 5 6 5 6 3 5 6 5 3 5 5 5 1 1 2 2 - - 0 0 0 0 6 3 2 3 6 6 3 6 3 3 3 7 3
3 7 2 2 6 2 2 6 3 3 7 3 3 7 x - - - - - - - x 2 5 x 0 5 6 5 6 5 6 6 6 5 6 6 0 1
1 2 3. 5 5 - 0 0 0 0 0 5 6 5 6 6 5 ,4 ,4 1 1 ,4 ,4 4 1 ,4 ,1 ,4 4 1 ,4 ,1 ,1 1 5 1 1 ,5 ,1 1
5 1 1 ,5 ,4 4 1 ,4 ,1 x 3 0 x x 6 5 6 6 0 6 6 1 5. 3 3 - 0 0 0 0 5 6 5 6 5 6 3 5 ,4 1
1 ,6 ,4 4 1 ,4 ,1 ,1 1 5 1 1 ,5 ,1 1 5 1 1 ,5 ,6 6 3 ,6 ,3 x 3 4 x x 6 5 3 5 5. 5 6 5 6 5 6
3 5 3 - - 0 5 6 5 6 5 6 3 5 x 3 6 3 6 1 3 3 7 3 3 7 6 6 3 6 3 3 3 7 3 3 7 6 6 3
6 3 x - - - - - - x 3 x x 6 5 3 5 5 5 5 5 4 4 3 2 1 2 3 3 - 1 1 1 1 1. 1 1 1 1 1
qx 3 2 3 4 4 1 3 3 7 3 3 7 2 2 6 2 2 6 3 3 7 3 3 7 4 1 4 4 4 1 x - - - - - - - -
x 4 2 x 1 7 7 7 7 7 6 7 7 6 7 7 6 1 6 5 6 1 1 1 1 1. 1 1 1 1 1 ,5 ,5 1 1 ,6 ,6 ,2 ,2 1
5 2 5 5 5 2 1 5 1 1 1 5 6 3 6 6 6 3 2 6 2 2 2 6 x - - - - - - - - x 4 6 x 1 7 7
7 6 6 6 1 6 5 6 5 6 6 3 6 5 6 1 1 1 1 1. 1 1 1 1 1 x 3 3 6 6 6 6 4 4 1 3 7 3 3 3
7 6 3 6 6 6 3 6 3 6 6 6 3 4 1 4 4 4 1 x - 0 0 - - 0 0 -
%END
