%李香兰钢琴.txt
% 出处 https://www.jianpujia.com/
title=李香兰钢琴
tag=分类/钢琴谱
usertag=分类/钢琴谱
tagroute=
transcriber=jianpu2-auto
status=ocr
source=jianpujia-245847
todo=refine the filename
%--
4/4
subtitle=score
x 4 5 x 6. 7 7 - 0 5 1. 7 5 - - - 2. 4 1 1 - 6 2 2 6 3 4 6 3 4 1 5 2 4 5 7 5 2 1 5
2 3 5 7 3 5 5 2 4 6 3 5 1 x - - - - - - - - - - - - - - 3. 4 4 - 4. 5 6 5 4 5 2. 3
3 - 3 - - 4 4 1 2 6 2 3 4 3 2 6 5 2 4 7 2 4 2 1 5 2 3 5 7 3 5 4 1 5 6 1 5 6 7 x
- - - - - - - - - - - - - - - 1. 7 7. 6 5. 1. 7 7. 2. 3 7 2 1 1 7 2 3 1 3. 1. 1 2 5 1 2
3 5 5 3 - 2 6 2 4 6 1 6 3 7 3 5 7 2 7 6 3 7 3 1 3 7 6 3 5 6 3 1 5 x - - - - - -
- - - - - - 3 6 - - - 0 3 6 6. 3 7 2 - - - 0 2 5 5. 2 1 4 1 5 6 1 3 6 1 4 1 5 6 1
3 6 3 7 3 5 7 2 5 7 3 7 3 5 7 2 5 7 x 0 0 - 0 - - - 0 0 0 0 - - - - 6 1 1. ,3 6 1
- - - 0 1 7 1 2 4 4. 3 3 3 2 1 2. 4. 3 5 1 - 2 6 2 4 6 2 4 6 5 2 4 6 5 6 7 1 5 1 2
3 - 5 2 6 6 3 1 5 6 5 x. 3 6 - 3 4 3' 5 3 3 6 6. 3 5 2 - - - 0 3 6 7. 3 1 4 1 5 6 1
3 6 1 4 1 5 6 1 3 6 1 3 7 3 5 7 2 5 7 6 3 1 3 5 3 1 x - - - - - - - - - - - - -
- -
%END
