%来日方长钢琴_2.txt
% 出处 https://www.jianpujia.com/
title=来日方长钢琴
tag=
usertag=
tagroute=
transcriber=jianpu2-auto
status=ocr
source=jianpujia-149762
%--
4/4
subtitle=score
0 0 0 6 1 3 2. 0 0 0 0 0 5 6 1 2 3. 0 0 0 0 0 0 2 6 1 4 4 - 6 2 6 7 7 - 1 5 1 2 3
- x - - - - - - 5 x x 0 0 0 3 5 6 3 2 0 0 0 1 0 0 0 0 0 5 5 0 1 5 1 7 6 0 0 2 6
2 3 4 - ,4 - - - 1 5 1 - - x x 0 0 5 5 6 1 3 2 0 0 5 6 1 3 2 0 0 5 6 1 2 3. 0 6 1
5 2 2 6 2 4 4 6 2 6 1 1 1 5 2 5 3 5. x - - - - - - - - 1 3 x 5 - 0 3 5 6 3 2 6 2
6 5 3 3 2 3 2 3 5 5 3 2 3 3 0 x - - - 0 - - - - - - - 1 5 2 5 3 0 2 - - - 5 2 5
- - 1 5 1 - - 1 7 x x 0 0 3 5 6 3 3 0 0 1 1 7 6 5 0 5 3 5. 3 2. 0 0 1 1 - - - 6 3
6 - - 5 2 5 - - 4 1 4 - - x - 0 - 0 0 0 3 5 6 3 2 6 2 6 5 3 3 2 6 2 2 3 3 3 2 1
1 - - - - - - - - - - ,2 - ,4 - 2 ,6 6 2. ,6 - 5 ,2 ,5 ,2 - ,4 5 1 2 ,4 - 2 5 x 0 0 0 1 2
3 - 0 3 2 3 5 6 1 7 7 5 6 3 - 0 3 5 6 3 - 2 - 1 5 1 5 5 - 6 3 6 3 3 - 3 7 3 7 7
- x - - - - - - 2 x 6 - 0 6 1 6 1 7 6 5 3 - 0 3 2 3 5 6 1 2 2 3 1 4 1 4 1 1 - 2
3 4 5 1 5 1 - - 6 3 6 - - x - - - - 3 3 qx - - 6 6 6 0 0 6 5 - 0 3 2 3 ,6. 6 3 3 1
- - - 6 - - - 4 1 4 - - 2 6 2 5 2 5 1 - - - x - 0 0 3 7 qx - - 7 5 0 2 5 6 0 2 3
5 0 2 5 6 0 2 3 5 1 ,6. ,6 - 1 ,5. ,5 - 1 ,6. ,6 - 1 ,5. ,5 - 4 1 qx - - 7 7 0 2 5 6 0 2 3 5
0 2 5 6 0 2 3 5 1 ,6. ,6 - 1 ,5. ,5 - 1 ,6. ,6 - 1 ,5. ,5 - 4 5 x q1 - - 7 0 2 5 6 0 2 3 5 0
0 0 6 1 3 2 0 0 5 6 1 1 - - - - - 1 ,6. ,6 - 1 ,5. ,5 - 1 ,6. ,6 - 2 6 2 4 4 - x 3 2 0 0
5 6 1 2 3. 0 0 0 0 0 3 5 6 3 2 6 2 6 5 3 1 - - - - - - - - - - - 6 2 6 1 1 - 1 5
2 5 3 5. 1 5 2 5 3 0 2 - - - x 0 0 0 - - - 0 3 2 6 2 2 3 3 3 2 1 0 0 0 0 1 2 3 -
0 3 2 3 1 1 1 1 5 2 5 - - 1 5 1 - - 1 - - - 1 5 1 5 5 - x - - - - 5 6 1 7 7 5 6
3 - 0 3 5 6 6 - 0 6 1 6 1 7 6 5 1 6 3 6 3 3 - 3 7 3 7 7 - 4 1 4 1 1 - ,2 2 ,3 3 ,4
4 ,5 5 x - - - - - - 3 0 3 2 3 5 6 1 2 2 3 1 6 0 0 6 5 0 3 2 3 1 - - - - - - - 1
5 1 - - 6 3 6 - - 6 - - - 4 1 4 - - 1 - - - 6 5 x ,6. ,6 3 3 1 - - - 0 0 0 6 ,5 2 2
6 ,2 5 2 ,5 ,1 - - - ,2 - - - 6 qx - - 7 7 q1 - - 6 6 5 - 0 3 2 3 ,6. 6 3 3 1 - - - ,5 1
4 1 ,4 - - 2 6 ,2 5 2 ,5 ,1 - - -
%END
