%来生缘_5.txt
% 出处 https://www.qupu123.com/
title=来生缘
tag=
usertag=
tagroute=
transcriber=jianpu2-auto
status=ocr
source=qupu123-379022
%--
4/4
subtitle=score
6 6. 7 1 0 6 3 2 2 2 2 6 2 2 0 7 7 7 7 7 6 5 5 0 5 6 7 1 6 6 6 6 5 6 6 0 6 6 6 6
6 7 1 1 0 6 3 2 2 2 2 6 2 2 0 5 5 5 5 5 2 5 6 5 6 5 3 3 0 6 6 6 6 6 3 6 6 0 5 3
- - - - - - - - - - - - - - - 2 2 2 2 2 6 2 2 0 5 5 5 5 5 2 5 6 5 - 6 5 3 3 3. 3
0 - - - - - - - - - - - - - 3 3 3 3 0 0 3. 2 3 2 1 0 ,6 3 2 2 2 2 6 2 2 0 7 7 7 7
,7 5 3 3 0 2 2 ,7 6 6 6 6 6 5 6 6 x 0 3 2 3 2 1 6 5 6 x. 7 7 7 7 7 5 3 3 0 2 2 7 6
6 6 6 6 5 6 6 0 7 7 7 7 7 5 3 3 0 2 2 7 6 6 6 6 6 5 6 6 x 3 2 1 6 5 6 3 2 1 6 5
6 3 2 1 6 5 6 x - - - - - - 1 1
%END
