%杯酒阳光总在风雨后.txt
% 出处 http://www.jianpu.cn/
title=杯酒阳光总在风雨后
tag=许美静
usertag=许美静
tagroute=
transcriber=jianpu2-auto
status=ocr
source=jianpucn-173035
%--
4/4
subtitle=score
x 1 0 0 5 0 7 - 7 6 5 2 1 2 3 4 3 2 1 2 3 0 5 6 7 7 6 5 7 2 1 0 3 4 3 2 1 ,7 1 4
2 3 x 3 4 1 5 5 1 2 1 q3' 3'. q2 1 1 0 1 ,6 q,6 5 ,5 0 q3 4 5 5 5 1 2 1 1 3. 2 1 1 ,6 ,6 1 2
~ 2 - - 3 2 1 1 2 1 ,6 ,6 ,5 0 3 3' 3' q3 q3 2 1 1 ,6 1 2 1 3 3 3 2 1 1 2 1 ,5 ,5 3 q3 3 0
3 3 2 ,1 0 ,1 0 1 5 0 0 0 0 5 6 3 3 6 3' 3 5 6 1 1 2 2 3 q5 ~ 5 - 0 1 5 3 3 5 6 1 1.
3 0 3 2 1 1 0 1 ,1 ,1 0 2 6 3 6 3 3 6 5 1 1 7 q3 1 0 0 1 5 3 5 6 1 1. 3 2 3 2 1 1 ,6
2 1 1 1' - 0 0 q5 3 5 0 3 3 3 2 3 6 - 1 - ,6 1 1 - -
%END