%梦一场_2.txt
% 出处 https://www.qupu123.com/
title=梦一场
tag=
usertag=
tagroute=
transcriber=jianpu2-auto
status=ocr
source=qupu123-381809
%--
4/4
subtitle=score
- - 1 0 6 x 3 5 5 2 2 2 1 2 1 2 1 2 1 1. 5 5 2 2 2 2 2 1 2 1 - - - - - - - - - -
- 2 q3 1. q3 q3 q4 q3 q1 1 q,6 0 q4 q3 q1 1 q,6 0 1 1 ,5 ,5 0 0 0 5 5 2 2 2 1 2 1 2 1 2 1 1. 5 5
- - - - - - - 2 2 2 2 2 1 2 1 2 3 1. 3 3 4 3 1 1 6 0 4 3 1 1 6 0 1 - 1 5 1 - - -
0 0 0 3 4 5 5 5 5 5 7 1 1 - 0 3 4 5 5 5 5 5 - - 6 1 1 - 0 3 3 4 3 1 1 1 1 1 6 1
- - 1 1 5 4 4 4 3 1 6 2 - - 0 - - - - - - - - 0 0 0 3 3 4 5 3 5. 0 5 5 3 2. 1 1 1
7 6 7 6 5 5 3 6 5 3 5. 0 5 5 4 3 4. 0 4 3 2 2 1. 6 1 2 2 2 3 2 3 2 6 2 - 0 3 3 4 5
3 5. 0 5 5 3 2. 1 1 1 7 6 7 6 5 5 3 6 5 3 5. 0 5 5 4 3 4. 0 4 3 2 2 1. 6 1 4 3 1 4 3
1 6 2 2 1 1 - 0 0 0 0 6 1 4 3 1 4 3 1 1 6 1 - - - 1 - - - - - - -
%END
