%梦姑娘.txt
% 出处 http://www.jianpu.cn/
title=梦姑娘
tag=腾格尔
usertag=腾格尔
tagroute=
transcriber=jianpu2-auto
status=ocr
source=jianpucn-248702
%--
4/4
subtitle=score
,3 q,3 s,3 ,6 ,1 ,7 ,6 3 q,3 q,,3 6 q,1 7 6 3 3 3 ,6 ,1 7 ,6 3. ,3 3 6 ,1 7 6 3 3 3 6 1 7 6 3 3 ,3 6 ,6
,6 q1 ,1 ,1 2 2 3 q3 q4 3 2 3 2. 1 2 ,1 ,7 ,7 ,6' ,6' - - 6 6' ,1 7 6 q2 2 3 4 6 5 5 4 ,4 ,3' ~ ,3 -
- ,3 ~ q,3 s,6 ,6 q,7 2 q1 7 6 ,6 2 ~ 2 2 2 ,1 s2 1 ,7 - ,3 ,3 3 ,3 ,4 ,5 7' ,1 ,7 6' ,6 - - ,3. ,6 ,3 ,6 6
6 6 ,3 6 6 ,3 ,6 q6 6 6 3 6 6 3 6 6 q6 6 6 6 q1 q1 2. 2 3 - - - 3. 3 3 q6 3'. q,,5' 4' 4' 3' 3'. ,1 3
- 2. 2 q2 q,6 2 3 4 3 2 q2 1 q2 s1 ,7 - ,3. 6 ,6 q7 q2 1 q7 ,6 ,6 2. 2 2 ,1' 2 ,1' ,7 - 3 ,3 3 ,3 4 ,5 ,1
q2 q1 ,6 x 3. ,3' ,6 ,3 3 ,5 ,3 q,3 q,3 1. q3 q2 3 2 ,1 7. 2 ,1 2 ,1 7 6. 6 ,6 ,6 6 q1 7 2 3. 3 3 3 3. 3 5
4 5 4 3 2. 2 2 2 2 2 4 3 4 3 2 1. 3 2 3 2 ,,1 7. 2 ,1 2 ,1 7 6. 6 6 ,1 7 6 5 4 3. ,3 ,3 6 6
7 6 7 ,1 2 ,1 ,7 ,1 6 6 q,1 7 ,1 2. 2 2 2 2 3 2 q1 2 7 7 7 7 ,1 7 6 q,1 3. 3 3 3 3. q,3 4' 4 5 q5
s5 5 s7 s2 q1 7 6 q6 q6 6 6 s6 q6 q6 q6 6 q6 q6 1 2 3 - - ,x ,1 3 3 q3 3 2 0 3 5 q5 4 5 4. 4 - 0
3 3 q3 3 2 3 5 4 q3 2. ~ 2 - - 0 s6 6 s3 3 6 0 q6 6 3 5 4 6 3 5 1'. 4 - 0 6 ,6 q3 3 5 0 5
5 4 6 3 5 4 5 3. 3 0 1
%END
