%梦想的幻彩.txt
% 出处 https://www.qupu123.com/
title=梦想的幻彩
tag=
usertag=
tagroute=
transcriber=jianpu2-auto
status=ocr
source=qupu123-305326
%--
2/4
subtitle=score
3 5 2 2 2 2'. 0 2. 5 3 3 3 0 3 5 2 2 - 2 - 2 0 2 5 3 3 - 3 x 0 5 5 5 6 3 ,1 1 2. 0 5
5 3 5 6 1. 0 0 0 3 2 1 2 x 1 1 3 6 2 1 0 1 0 3 2 1 2. 0 0 0 5 5 5 5 6 1 1 2. 0 5 5
3 3 5 1. 0 0 0 3 3 1 1 3 2 1 2 3 2 1 0 6 6 1 1 1 ,7 3 3 2 1 0 0 5 0 0 q5 6 4 0 0 0
5 5 3 5 ~ 5 5 6 4 3. 0 0 0 5 5 3 5 5 1 5 6 4 3'. 0 0 0 1 2 3 3 2 1 2' 3 x'. 5 3' 1 3' 5'
3' 1' 1' 6 1' 2' 4 0 x' 3' x'. 3' 5' 1' 2' 2' 2' 0 3' 5' ,1' 6 2' 4 4 0 1 2 3 2 1 1 0 1 2 3 2 1 1 0
1 2 3 2 5 5 0 0 0 ,6 1 1 0 5 6 4 1. 0 ,6 1 1 0 5 6 4 1. 0 ,6 1 1 -
%END
