%楚河汉界.txt
% 出处 https://www.qupu123.com/
title=楚河汉界
tag=分类/通俗歌曲
usertag=分类/通俗歌曲
tagroute=
transcriber=jianpu2-auto
status=ocr
source=qupu123-305303
%--
4/4
subtitle=score
x 0 7 1 6 ,7 ,1 q6 q7 q1 q6 s,7 q1 q5 4 - 2 - 0 3 4 2 3 4 2 3 4 2 4 1 7 5 6 6 - - x 3 6 -
3 1 2 2 2 2 1 ,4 - ,,1 0 ,7 - - 3 6 3 1 3 2 2 2 2 2 3 5 - 7 5 6 6 - 6 - - 6 - - 6 ,6
3 3. 3 3 2 2. 2 1 2 1 ,6 - - - ,6 3. 3 3 2 2. 2 5 6 5. 2 3 - - 3 6 6. 6 7 6. 6. 6 5. 4 4 3
2 3 4. 4 ,6 2 2. 2 3 2 2. 2 5. 4 4 2 3 - 3 - 0 3 ,6 6. 6 7 ,6 6. 6 5. 4 4 3 2 3 x. 4 ,6 3 2.
2 3 2 2. 2 1 7 ,7 ,5 ,1 ,1' - - ,6 - - x 1. 2 2 1 2 2 2 1 7 6 5 ,3 2 ,1 6 5 3 5 - 4 3 2 1
2 1 7 ,1 7 6 q7 q6 q5 ,,6 6 6 1 1 2 1 ,2 3 2 3 5 5 6 5 0 7 q6 7 2' 2' 1' 2' 3' 3'. x' - 3' 3' x 2.
- ,6 0 0 0 3 1 2 2 7 1 - 1. - 2. - 0 - 1. ,,7 ,7 ,5 ,6 - - 2. 3 5 6 - - 6
%END
