%楼上来的声音.txt
% 出处 http://www.jianpu.cn/
title=楼上来的声音
tag=张学友
usertag=张学友
tagroute=
transcriber=jianpu2-auto
status=ocr
source=jianpucn-34732
%--
2/4
subtitle=score
x ,1 ,1 ,1 ,1 ,1 2 7 ,1 1 4 5 5 4 ,1 7 6 5 2 4 5 ,1 ,1 5 2 5 2. ,1 ,5 5 5 5 2 4 5 1 ,1 6 3 4
5 1 1 0 5 6 5 2 3 3 0 5 6 5 2 5 0 3 ,1 ,6 6 7 ,1 7 6 4 ,6 0 5 6 5 2 3 3 0 3 4 2 5 0
2 ,1 1 ,1 2 3 4 3 ,1 1 0 3 5 3 ,1 7 6 5 5 5 3 0 3 5 1 7 6 5 5 5 2 1 0 ,1 2 3 3 3 3 3
6 5 5 0 ,1 6 1' 1' 6 - 6 0 6 6 6 4 5. 6 5 5 0 ,1 ,1 ,1 1 6 5 5 6 6 5 5 5 3 5 ,1 6 5 5 5
2 2 ,1 ,1 ,1 6 1 ,1 1 6 5 3 6 6 5 5 5 2 1 3 3 3 2 2 0 ,1 ,1 ,1 q1 q6 q5 5 6 6 5 5 5 3 q5 ,1
q6 5 q5 5 2 2 ,1 ,1 ,1 6 1 ,1 1' 6 5 3 ,1' ,1' 6 5 5 2 3 2 1 - x 2 0 2 2 ,x ,1 ,1 ,1 3 - 2 4 ,1
2 3 3 ,1 1 0 5 6 5 3 2 3 0 3 2 ,1 ,1 ,5 0 3 2 3 5 0 2 1 - 1 0
%END