%橄榄树_3.txt
% 出处 https://www.qupu123.com/
title=橄榄树
tag=
usertag=
tagroute=
transcriber=jianpu2-auto
status=ocr
source=qupu123-382312
%--
4/4
subtitle=score
0 3 q1 q2 3 3 q1 q2 3 q4 q3 2 q7 q1 2 - 2 q7 q1 2 q7 q1 1 ,6 - 1 ,7 ,5 - ,7 ,6 - - - ,6 - 0 6 6 3
5 4 3 2 3 3 6 6 3 4 4 3 2 1 1 6 5 6 3 1 2 3 0 2 2 2 1 1 0 ,7 2 1 ,6 ,6 0 6 6 ,6 ,6 0
7 6. 7 3 - - - 0 7 - 6 3 5 5 4 3 2 3 - 2 1 2 - - - 0 3 - 5 6 3 4 3 2 3 - - - 0 1
- 2 3 5 - 3 7 - - 1 7 6 6 0 5 5. 5 6 3 3 0 5 5. 5 3 6 7 1 7 6 6 0 0 5 3 6 7 6 3 2
1 1 0 ,7 2 1 ,6 ,6 0 6 6 3 5 4 3 2 3 3 0 6 6 3 5 4 3 2 1 1 6 5 6 3 1 2 3 0 2 2 2 1
1 0 ,7 2 1 ,6 ,6 0 3 q1 q2 3 3 s1 q2 3 q4 q3 2 q,7 q1 2 - 2 q,7 q1 2 q,7 q1 1 ,6 - 1 ,7 ,5 - ,7 ,6 - -
- ,6 - - - x
%END
