%欢庆.txt
% 出处 https://www.qupu123.com/
title=欢庆
tag=分类/谱友上传
usertag=分类/谱友上传
tagroute=
transcriber=jianpu2-auto
status=ocr
source=qupu123-396879
%--
2/4
subtitle=score
1 ,x - - q1 2 0 x x 2 2 2 2 2. 2 3 5 3 2 1 6 5 0 6 5 6 1 2 0 0 0 0 2 - - - - - - -
- - - 1 2 2 2 2 2 0 0 0 0 0 0 2 0 0 0 0 2 2 2 2 5 1 4 2 4 2 4 2 4 2 4 2 0 0 0 0
0 1. 1 2 2 0 2 0 2 0 2 0 2 0 2 2 2 2 2 2 0 0 0 0 0 3 2 ,6 2 ,6 2 ,6 x 6. 1 2. 3 6 1 2
1 2 6 - 1. 6 5 5 1 6 2 5 6 6 1 3 2 1 6 2 - 2 - 2 2 5 3 2 1 6 5 - 5 - 6 6 1 0 1 0
1 2. 3 6 1 2 1 2 0 2 0 2 0 1 0 1 5 5 1 6 2 5 0 1 1 1 1 ,6 2 0 2 0 ,6 2 2 ,6 1 ,6 ,5 0
,6 ,6 ,5 ,6 3 2 2 3 5. 5 5 3 2 1 6 0 5 4 5 6 1 3 2 - 2 5 6 1 2 2 3 5. 5 5 3 2 1 6 0 5
4 5 6 1 3 2 2 2 2 0 0 0 2 2 2 0 2 2 2 0 1 1 0 0 2 2 2 0 1 1 1 0 2 2 2 5 6 1 2. 3
2 3 5 3 2 6 0 6 0 6 2 2. 3 2 3 5 3 2 6 0 6 0 0 0 0 6. 1 6 1 1 2 0 0 0 0 6. 1 6 1 2.
3 2 3 5 3 2 3 0 3 0 3 2 2. 3 2 3 5 3 2 3 0 3 2. 3 2 3 5 3 2 ,6 0 ,6 0 ,6 ,6 2. 3 2 3 5
3 2 ,6 0 ,6 x 3 1 x 0 6 2 5. 3 2 6 6 2 5. 3 2 6 6 2 5 - 3 2 1 2 0 0 6 1 6 1 2 0 0 6
1 6 1 2 0 3 3 2 2 0 3 2 5. 3 2 0 0 5. 3 2 0 0 5 2 1 2 0 q6 ,6 5. 3 2 1 1 2 5. 3 2 1 1
2 5 2
%END