%死不了.txt
% 出处 https://www.qupu123.com/
title=死不了
tag=分类/通俗歌曲
usertag=分类/通俗歌曲
tagroute=
transcriber=jianpu2-auto
status=ocr
source=qupu123-330825
%--
4/4
subtitle=score
0 q5 q3 5 q6 5 6 3 - 0 q5 q3 q5 q6 q5 q6 3 - x ,5 ,6 1 - - - ,6 3 2 ,6 5 6 1 - - - ,6 q3 q2 ,6 q3
q5 6 6 5 6 1' 6 5 6 5 3 - 2. 3 2 ,6 1 2 1 - - - 1 1 2 3 5 3 2 ,1 1 ,6 ,6 7 ,1 3 - 2 2 3
4 q6 q4 s2 s1 q1 q7 q,7 q,7 1 2 - 1 1 2 3 5 3 2 ,1 q1 q,6 q,6 ,7 1 3 - 2 2 3 4 6 4 2 ,1 q1 ,7 ,7 ,7 1
5 q1 q2 5 1 2 5 3 5 6 1' 6 5 3 3 2 3 6 2 3 6 2 3 6 5 3 5 2 2 1 2 5 1 2 5 q3 q5 6 1' 6
5 s3 3 q2 3 6 q2 3 ,1 1 ,6 1 2 3 ,6 2 ,1 1 3 5 6 1' - q0 q6 q5 q6 3 0 3 q5 6 1 - 0 6 5 6 3 2
3 ,6 2 ,1 1 x 5 1 2 2 3 q,6 2 ,1 1 0 2 2 2 3 q2 1 2 ,7 1 2 1 ,6 6 ,6 q2 3 ,6 q2 q3 6 5 6 6 5
2 ,1 2 5 1 2 3 3 5 6 q6 q5 6 1' 6 5 q6 5 3 ,6 3 2 2 3 2 1 1 2 1 - 1 - 1 0 0 0
%END