%母亲.txt
% 出处 https://www.qupu123.com/
title=母亲
tag=分类/通俗歌曲
usertag=分类/通俗歌曲
tagroute=
transcriber=jianpu2-auto
status=ocr
source=qupu123-332853
%--
6/8
subtitle=score
3. 3. 3. 3 q2 3 6. 6. 2. 6 2' 3'. 3' 2' 2'. 2'. 2'. 2' 1' 1'. 1' 7 6 5. 3. 2. 3. ,6. ,6. ,6. ,6. 3 2 3. 3 3 3 q2 q1 3
2 2. 2 1 1. 1. 1. q,6 q1 q1 q2 q2 q1 2. 2 q1 q2 q2 q1 2 q2 5 q3 3. 3. 3 3 6 6 5 6. 6 6 5 6 6 7 3 3. 3.
3 ,6 1 2 2 1 2 2 1 ,6 ,6 5 2. ,5 ,6 1 ,6. ,6. ,6. ,6 3 6 6 5 6 7 7 q7 6 5 6 q3 3. 3. 3 q3 6 6 5 6
7 7 7 6 5 6 6. 2' 1' 7 1'. 1'. 1'. 0 ,6 2 2 1 2 5 3 ,5 ,6 3 2. 2. 2. 2 ,5 2 q1 2 q3 5 q5 5 q3 2. ,5 q,6
q1 ,6. ,6. ,6. ,6. 3 2 3. 3. 3. 3 2 1. 1. 1 ,3 3 2 ,5 1. 1. ,6. ,6. ,6. ,6. ,6. ,6. ,6 0 0 0
%END
