%每一刻都是崭新的.txt
% 出处 http://www.jianpu.cn/
title=每一刻都是崭新的
tag=许巍
usertag=许巍
tagroute=
transcriber=jianpu2-auto
status=ocr
source=jianpucn-89168
%--
4/4
subtitle=score
x 0 5 6 1' 6 - 5 5 5 2' 2' 2' 2' ,1' 1' 5 6 1' 1' - - 3' 5 3' 1' 3 q4 4 0 0 0 2' 7 5 2' 7 2 3 0
0 0 3' 1' 5 3' 1' 3 4 6 6 6 0 0 2' 7 q7 5 5 5 2 4 3 - 0 0 5 3' 1' 5 3' 1' 3 4 4 0 0 0 4 2'
7 5 2' 7 2 3 3 0 0 0 3' 1' 5 3' 1' 3 q4 6 6 6 0 0 q2 2' 7 7 5 5 5 2 4 3 2 1 1 0 0 0 0 0
0 0 5 5 5 5 4 q6 6 - 6 - 0 4 4 4 4 3 5 - 5 0 5 5 5 5 4 q6 6 6 6 - 6 - - - 0 4 4 4
4 3 2 3 3 - - 0 0 0 0 0 0 0 0 5 0 0 0 0 0 0 4 3 2 3 3 0 0 0 0 0 4 4 4 4 3 2 3 3
- 0 0 0 0 0 4 q4 4 4 3 2 3 3 0 0 0 0
%END
