%每天爱你多一些钢琴.txt
% 出处 https://www.jianpujia.com/
title=每天爱你多一些钢琴
tag=
usertag=
tagroute=
transcriber=jianpu2-auto
status=ocr
source=jianpujia-150760
todo=refine the filename
%--
4/4
subtitle=score
0 1 1 1 1 1 1 1 2 3 3 3 2 1 1 1 0 1 6 1 4 4 4 0 4 3 1 1 2. 2 1. 1 4. 4 5 0 ,4 ,6 1 1
4 ,5. ,5 ,6. ,6 0 ,2 ,6 2 2 4 1. 1 0 2 1 - - - 2 - 2 5 1 1 - - 2 5 5 - - 0 5 2 1 5 1 2 2
5 5 2 1 5 1 2 2 5 5 0 6 3 6 7 1 7 6 3 0 3 7 3 4 5 4 3 7 x - - - - - - - - - - -
- - - - - 5 4 3 2 4 3 2 1 1 2 2 - - 2 0 5. 1 2 3 5 4 1 4 5 5 0 6 6. 0 1 5 1 2 2 0
3 3. 0 2 6 2 3 3 6 6 5 2 5 6 6 0 7 7. 0 x - - - - - - - - - - - - - - - - - - - -
- x 5 7 x 5 0 0 1 2. 3 3 5 5. 3 5 6 3 3. 3 2 3 5 5. 3 2 1 ,6 ,1 5 1 2 2 ,5 5 ,1 ,5 1 2 2
0 3 3. 0 ,6 3 ,6 ,7 ,7 ,3 3 ,3 ,7 3 4 4 0 5 5. 0 ,6. ,5 ,6 1 1 1 - ,1 1 1 2 2 - 2 3 2 1 - - -
,4 1 4 5 5 0 6 6. 0 ,1 ,5 1 2 2. 2 0 ,2 ,6 2 4 ,5 ,2 ,5 ,7 ,1 5 1 2 2 ,5 5 0 6 6 6. 6 6 5 2 2
5. 5. 3 5 3 5 7. 7 7 6 7 6. 5 4 1 4 5 5. 5 0 ,6 5 2 5 6 6. 6 0 5 3 7 3 5 5 7 3 0 0 6 3
6 7 1 7 6 3 1 - - - - - - 0 0 - - - - - - - - -
%END
