%每当我走过老师窗前_3.txt
% 出处 https://www.qupu123.com/
title=每当我走过老师窗前
tag=
usertag=
tagroute=
transcriber=jianpu2-auto
status=ocr
source=qupu123-329444
todo=add tags
%--
2/4
subtitle=score
1' 1' 7 6 5 x 3 2 2 2 ,1 2 5 - 1' 7 6 5 4 3 2 2 2 ,1 2 1 ,5 ,1 2 x 3 2 2 2 ,1 2 ,5 ,7 1 1
2 3 5 4 3 ,1 ,6 ,1 1 7 2 1 ,7 0 ,5 ,5 0 ,5 ,6 ,7 1 3 2 1 1 1 2 - 3 0 3 0 6 6 6 6 5 4 0 3
- 2 2 2 0 4' 4' 3 2 ,1 ,1 1 4 4 3 x 3 2 3 2 ,7 ,6 ,7 2 1 2 2 2 ,1 2 1 3. 4 6 1' 7 5 3 2. 3
7 5 ,7 1 - 1. 2 3 4 5 4 3 2 1 - ,x. 1 4 3 4 5 6 - x - ,1' 7 5 1 3 2 2 ,1 2 2 ,1 2 3 x -
4 6 5 4 2 1 ,5 ,7 2 1 - x ,1' 7 5 4 3 2 2 2 ,1 2 5 - 3 x 1' 7 6 7 2' - 2' x' 3' 3' 2' 3' 2' ,1'
7 - 1 0 5 4 5 7 7 - ,1' ,1' 7 ,1' 7 q0 5 - 7 ,1' 7 0 5 4 3 2 2 2 ,1 2 1 - 7 6 5 4 3 0 6 5
4 3 2 1 ,5 7 2 ,x 1 6 5 4 3 2 1 2 2 2 ,1 2 1 x' 2 2 2 ,1 2 1 1 - ,5 ,x 2 ,1 1 - ,5 ,7 2 ,7
1 1 - x x
%END