%比翼鸟.txt
% 出处 http://www.jianpu.cn/
title=比翼鸟
tag=
usertag=
tagroute=
transcriber=jianpu2-auto
status=ocr
source=jianpucn-48317
todo=add tags
%--
2/4
subtitle=score
0 3 3 1' 7 1' 0 3 7 7 1' 0 6 6 6 2' 1' 2' 0 6 6 2' 1' 1' 1' 2' 0 3 2 1 ,7. 1 2 4 4 4 4 4 4 5
5 ~ 5 5 5 5 6 6' 6 6 - 6 - 6 - 6 - 6 - - 6 0 ,3 ,3 q,,,6 1 1 0 1 ,7 ,6 q,,6 q,,7 ,7 0 q,,2 q,,3 ,4. ,6 ,6
1 7 6 ,6 ,7. ,7 - 0 0 ,3 ,3 q,,,3 ,,6 q1 1 0 1 ,7 q1 1 2 2 ,7 0 ,7 1 2. 4 3 3 1 1 x 1 x 1 q3 ,6. ,6 -
,6 - 0 ,,6 0 ,,6 5 5 0 5 5 5 6 5 4 4 0 ,5 0 ,5 2 4 4 0 4 4 4 5 4 3 0 ,6 0 ,6 3 5 5 0 5 5
6 5 4 4 q0 ,5 0 q,5 2 4 4 0 4 4 4 5 4 3 - 3 ,x 3. 3 3. 3 3 3 x ,,3 q,3 ,6 1 1 1 0 1 7 6 1 2
2 3 0 3 2 1 ,7 0 1 2 1 ,7 x 3. 3 3 0 - ,1 3 1' 3 ,6. 1 ,6 0 0 3 3 6 - 6 6 6 5 4 - 4 4 4
4 5 5 5 5 5 6 0 6 x 0
%END