%水上人.txt
% 出处 http://www.jianpu.cn/
title=水上人
tag=邓丽君
usertag=邓丽君
tagroute=
transcriber=jianpu2-auto
status=ocr
source=jianpucn-71315
%--
4/4
subtitle=score
x 5 5 ,1 ,1 ,1 ,1 6 6 6 6 5 5 5 5 3 3 3 3 6 6 6 6 5 5 5 5 3 ,3 3 q3 ,1 q,1 0 0 s3' 2' 6 1 1
6 q,,5 3 0 2 q2 q3 q5 q2 q3 q2 1 q,5 0 1 q1' q,,7. 6 q5 5 1 ,3 3 3'. ,5 6 3 q5 6 q6 1 q5 6 q3 3 2 2 q1 2 q3
q5 5 6 ,6 ,6 3 2 2 2 3 5 6 ,1 1' 3 2 1 0 1' 2 3' 2' 3 q2' q1' q7 6 0 7 1 2 s1 2 1 7 q7 q,6 5 0 ,1
2 3 5. 6 3 5 6 7 x 6 6 0 6 6' q2' 6 q2 7 6 5 - q,5 1 q,1 7. 6 5 5 ,1 q1 3. 3 3 6 3 5 ,,6 ,,,6 ,1 q,,5
,6 ,3 3 3 2 1 2 ,,3 5 5 6 q,,6 q6 3 2 2 2 3 5 6 ,1 3 2 1 x q1 2 3 5 6 ,6 ,,3 3 2. 2 q2 2 3 5 q6
,1' 3 2 1 ,1 2 q3 q,5 2' q3' 1 2 3 2' ,3' 2' 1' ,1 ,1' 2 q3 5 5 6 q,6 6 3 2 2 2 3 ,,,5 6 ,1 3 2 1 q1 2 q,3
6 6 3 2 3 2 1 1 x
%END