%水汪汪.txt
% 出处 http://www.jianpu.cn/
title=水汪汪
tag=费玉清
usertag=费玉清
tagroute=
transcriber=jianpu2-auto
status=ocr
source=jianpucn-47523
%--
2/4
subtitle=score
6 6 6' 6' 5'. ,6. 6 5 5 2 6 6 sx q6 q6 q,5 q,6 6 7 7 ,6 5 5 5 6 6 5 6 1 q1 0 q2 3 2 6 x' ,6' 1. ,6 ,5
,6 6 5 5 2 x x 1 q2 q2 7 7 6 5. 6 x q6. q6 6 qx 6 5 5 3 2 6 6 q6 q6 6 qx q6 6 ,7 7 6 5 2 2 5
s2 q2 5 5 7 7 6 5 x q2 5 6 5 3. q5 3 5 6. 1 3 5 5 6 ,1 3 2. 3 2. 1 1 6 1 2 3. 3. 5 3 2 2 q2
3 ,2 1 q6 q1 2. 1 2 3. 5 3 5 6. 1' q3 1 2 2. 2. q5 2 1 ,6 1 2 3 5 2' ,7 6 1' 1'. 6 6 6 6 5 ,6 6 5
q5 q3 2 ,6 ,5 ,5 q6 q6 q5 6 6 7 7 6 5 3 5 6 q6 6 6 q6 6 5 2 5 1. x x 2 2 q7 6 5 ,6 x ,6 ,6 6 6
5 2 6 6 6 6 5 5 2 6 3 3 5 1 1 x ,1 ,1 2 2 1 6 6 1 2 2 2 q6 1 2 q3 6 ,6 6 ,6 2 6 6 ,6 5
3 6 qx q,6 ,5 ,6' q6' 7 7' 5 5. 5 x 1 6 q,,,6. 6 5 6. 6. q,,,1 1 1 2 ,,,3 3 2 q5 6 ,6
%END