%永不想你.txt
% 出处 https://www.qupu123.com/
title=永不想你
tag=
usertag=
tagroute=
transcriber=jianpu2-auto
status=ocr
source=qupu123-305314
%--
4/4
subtitle=score
x. 1 1 ,,5 1 5 5 q,5 q,5 1 5 5 4 4 4 2 3 4 ,,,7 5 3 3 3 6 3. 3 q3 q,,,3 q6 2 2 2 1 2 4 4 5' 3 2 1.
0 4 3 ,2 1 ,6 - 3. x ,,6 d6 1 2 1 3. 0 3 4 3 2 7 7 5 q,6 ,7 ,6 0 0 2 3 4 4 4 4. 3 3 ,3 2 q,7 1
- 0 q3 ,,6 q1 5 4 2 0 q0 s6 s7 1 - 2. q0 ,,6 q,,,6 q,1 s2 1 5 3. 0 ,3 3 4 3 q,3 s2 q,7 7 q5 6 q7 ,6 0 0 2 3
4 q4 s4 4 0 ,,,6 4 2 2 2 s1 s1 q2 2 - 0 ,,,6 ,,,7 1 4 q3 q3 2'. 0 q6 q1' s5 5 0 q0 q1 q2 5 4 4 4 0 3 2 3
4 4 ,5 3. q1 q,5 ,6 - 0 q,,,6 ,,,7 1 3 2 q6 q1' q6 q5 5 - 0 0 1 q,2 q3 5 4 4 4 0 q3 2 3 4 4 5 6. 5 3 3
- 0 q6 ,7 1 3 2 2 1 x 1 q1 q,x. d,5 s1 5 5 q5 q,5 1 5 5 4 4 4 3 2 3 4 ,7 5 3 3 3 6 3 3 3 3 6
3 2 2 2 1 2 3 4 ,,4 5 2 1. 1 x
%END
