%江湖钢琴_2.txt
% 出处 https://www.jianpujia.com/
title=江湖钢琴
tag=
usertag=
tagroute=
transcriber=jianpu2-auto
status=ocr
source=jianpujia-149000
%--
4/4
subtitle=score
0 6 3 2 3 5 0 6 3 2 3 - 0 6 3 2 3 5 0 6 3 2 3 - 6 - - - 6 - - - 6 - - - 6 - - -
x 1 1 1 x 5 x 3 4 3 1 2 - 6 3 2 1 ,7 1 7 ,6 0 7 7 1 2 7 ,5 - 0 0 x x qx - x 0 - x 3
2 3 2 1 2 1 6 - 5 - 6 - 5 - 4 - 5 - 5 - - - x x x 1 x x 3 4 3 1 2 - 6 3 2 1 ,7 1
7 ,6 0 1 ,7 1 2 7 ,6 - 0 6 1 3 3 2 3 2 1 2 3 6 5 6 5 4 5 6 x x 1 1 x 1 3 x 4 0 4 4
3 2 4 3 ,6. 0 6 7 1 4. 6 7 3 4 2 6 3 4 3 0 3 3 1 x ,2 6 ,4 3 ,7 ,3 q6 3 6 7 ,1 - ,2 ,6 ,4 ,3
,7 ,3 q6 3 6 7 ,1 - 6 7 6 3 1 1 7 1 2 3 ,6 0 6 2 2 3 4 6 7 7 - - 0 6 3 6 4 1 6 5 2 5
6 3 1 2 6 2 3 4 3 7 3 5 7 x - - - - - - - - 1 7 6 5 6 0 5 3 2 5 3 2 1 2 3 ,6 2 3
,6 5 3 3 2 3 - 4 1 4 1 5 2 5 2 3 7 3 7 6 3 6 3 2 6 2 6 5 2 5 2 1 5 1 5 1 5 1 x 0
0 0 0 - - - - 0 0 0 0 - - - x 2 5 x 1 7 6 5 6 5 3 2 5 3 3 2 1 1 2 3 ,6 2 3 6 5 1.
6 ,6 - 6. 0 4 1 4 1 5 2 5 2 3 7 3 7 6 3 6 3 2 6 2 6 5 2 5 2 6 3 6 7 1 - x - - - -
- - - - - - - - - - x 2 x 5 3 2 1 2 ,6 2 3 5 ,7 ,6 1 - - - 3 2 1 ,6 - 1. 1 1 1 2. 2 2
2 3. 3 3 1. 1 1 1 4. 4 4 4 5. 5 5 5 6. 6 6 4. 4 4 4 x - - - - 5 2 1 ,6 - 6. 0 ,6 - - - ,6
- 0 6 7 1 2 1 2 3 1 2 1 2 3 1 2 3 2. 2 2 2 3. 3 3 3 3. 3 3 1. 1 1 1 ,5. 5 ,5 ,5 ,6. 6 ,6 ,6
,6. 6 ,6 - ,4. 4 ,4 ,4 2 1 2 3 1 2 1 2 3 1 2 3 2 1 2 3 1 2 1 2 3 1 2 3 5 2 1 2 3 1 2 1
2 3 1 2 3 3 - 3. 0 0 3 2. 2 2 2 3. 3 3 3 2. 2 2 2 3. 3 3 5. 5 5 5 6. 6 6 6 5. 5 5 5 6. 6
6 - x - - - - 3 - - 0 1 7 6 5 6 0 5 3 2 5 3 2 1 2 3 6 2 3 6 3. 3 3 ,6. ,6 ,6 - ,4 1 4
1 ,5 2 5 2 ,3 ,7 3 ,7 ,6 3 6 3 ,2 ,6 2 ,6 ,5 2 5 2 x 4 5 x 5 3 3 2 3 - 1 7 6 5 6 5 3 2 5
3 3 2 1 1 2 3 6 2 3 6 5 1 5 1 5 1 5 1 ,4 1 4 1 ,5 2 5 2 ,3 ,7 3 ,7 ,6 3 6 3 ,2 ,6 2 ,6 ,5
,2 ,5 ,2 x 1 1. 6 6 - 6. 0 0 0 0 0 5 5 1 6 6 - 4 5 6 6 3 6 7 1 - ,4 - ,5 - ,6 - - -
%END
