%江湖钢琴.txt
% 出处 https://www.jianpujia.com/
title=江湖钢琴
tag=许嵩,分类/钢琴谱
usertag=许嵩,分类/钢琴谱
tagroute=
transcriber=jianpu2-auto
status=ocr
source=jianpujia-149000
todo=refine the filename
%--
4/4
subtitle=score
1 7 6 5 6 0 5 3 2 5 3 2 1 2 3 ,6 2 3 ,6 5 3 3 2 3 - 4 1 4 1 5 2 5 2 3 7 3 7 6 3 6
3 2 6 2 6 5 2 5 2 1 5 1 5 1 5 1 x 0 0 0 0 - - - - 0 0 0 0 - - - x 2 5 x 1 7 6 5
6 5 3 2 5 3 3 2 1 1 2 3 ,6 2 3 6 5 1. 6 ,6 - 6. 0 4 1 4 1 5 2 5 2 3 7 3 7 6 3 6 3 2
6 2 6 5 2 5 2 6 3 6 7 1 - x - - - - - - - - - - - - - - x 2 x 5 3 2 1 2 ,6 2 3 5
,7 ,6 1 - - - 3 2 1 ,6 - 1. 1 1 1 2. 2 2 2 3. 3 3 1. 1 1 1 4. 4 4 4 5. 5 5 5 6. 6 6 4. 4 4
4 x - - - - 5 2 1 ,6 - 6. 0 ,6 - - - ,6 - 0 6 7 1 2 1 2 3 1 2 1 2 3 1 2 3 2. 2 2 2 3.
3 3 3 3. 3 3 1. 1 1 1 ,5. 5 ,5 ,5 ,6. 6 ,6 ,6 ,6. 6 ,6 - ,4. 4 ,4 ,4 2 1 2 3 1 2 1 2 3 1 2 3 2 1
2 3 1 2 1 2 3 1 2 3 5 2 1 2 3 1 2 1 2 3 1 2 3 3 - 3. 0 0 3 2. 2 2 2 3. 3 3 3 2. 2 2
2 3. 3 3 5. 5 5 5 6. 6 6 6 5. 5 5 5 6. 6 6 - x - - - - 3 - - 0 1 7 6 5 6 0 5 3 2 5 3
2 1 2 3 6 2 3 6 3. 3 3 ,6. ,6 ,6 - ,4 1 4 1 ,5 2 5 2 ,3 ,7 3 ,7 ,6 3 6 3 ,2 ,6 2 ,6 ,5 2 5 2
%END
