%洪湖岸边.txt
% 出处 https://www.qupu123.com/
title=洪湖岸边
tag=分类/合唱
usertag=分类/合唱
tagroute=
transcriber=jianpu2-auto
status=ocr
source=qupu123-333704
%--
4/4
subtitle=score
x 2 5 6 5' 5' 5 x 2 1' 1 ,1 1 1 1 1 2'. 3' 6 ,2 1. 2 x 0 1 6 5 2 3 ,5 x 3. 2 q3 q5 2 3 2 7 6
5 6 1 ,5 qx 5 x q6 ,1 6 3 2 3 2 6 5 3 3 2 3 5 3 2 ,1 1 6 5 0 0 0 2 3 1. 2 5. 3 3 2 3. q2
5 3 5 6 x 6 5. 3 2 2 2 3 5 3 2 1 6 5 6 x' 5 - ,7. 7 6 7 q5 6 ,5 2. 1 2 5' ~ 5 2 ,5 x 5'. 5
6 2 5 5'. 5 5 q2 q1 2 5 6 5 5 5. 6 ,1 1 6 1 1 ,6 2 1 2 3 5. s3 q5 1 2. 2 2 1 ,6 5' 5 6 6 5 5.
q6 2 2 ~ 2 - 2. q3 2 1 ,5 ~ ,5 5 2 5 3. 2 1 1 2 2. q2 q3 q5 q6 5 5 5 3 q5 6 1 1 - 5 2 3 2 ,1
,6 1 4.
%END
