%浪漫手机.txt
% 出处 http://www.jianpu.cn/
title=浪漫手机
tag=周杰伦
usertag=周杰伦
tagroute=
transcriber=jianpu2-auto
status=ocr
source=jianpucn-89372
%--
4/4
subtitle=score
q1 1 3 5 5 3 7 7 3. 5 5 3 6 ,1 6 6 q4. 5 1 5 - - 1 ,1 3 5 5 3 7 7. 3 5 5 3 5 6 6 q1 5 q,1
3 3 4 4 0 ,5 1 1 q1 0 0 ,5 1 1 1 1 1 ,1 2 ,6 q1 q1 1 0 0 1 2 3 3 3 4 3 2 2 1 1 0 0 ,5 1
,7 q1 q1 q1 q1 2 ,6 q1 1 1 0 0 q1 q2 3 q3 q3 q2 4 3 2 4 3 - 0 3 6 7 7 7 7 6 7 1' 3 3 2 1 0 3
3 3 q2 q1 1 q0 3 4 5 5 q1 1 6 2 1 5 5 1 1 ,6 2 1 0 3 3 2 1 2 3 3 q2 q2 2 q0 q1 q1 ,7 q1 5 5
0 ,1 ,1 ,7 q1 6 5 5 1 q1 7 q1 1' 7 7 6 6 5 5 3 3 5 5 5 3 2 2 2 0 q5 5 3 3 2 2 1 0 1 1 2
1 2 3 2 3 2 1 2 3 2 3 2 2 0 1 1 ,7 1 q5 5 0 1 1 ,7 2 6 5 5 0 1 1 ,7 1 1' 7 7 6 6 5 5
3 3 q5 0 5 5 3 2 2 2 0 ,5 5 3 2 2 2 1 0 1 1 2 1 2 3 2 3 q2 q1 2 3 3 3 2 0 3 3 2 2 1
1 1 qx 5 5 1 2 0 ,5 2 3 3 3 4 4 3 3 1 2 2 2 3 3 ,5 1 2 2 x 0 ,5 1 1 1' 2' 7 - - 5 6 -
4 5 5. 5. 4 5 ~ 5 4 5 -
%END