%浮夸钢琴.txt
% 出处 https://www.jianpujia.com/
title=浮夸钢琴
tag=分类/钢琴谱,陈奕迅
usertag=分类/钢琴谱,陈奕迅
tagroute=
transcriber=jianpu2-auto
status=ocr
source=jianpujia-379990
todo=refine the filename
artist=陈奕迅
%--
4/4
subtitle=score
3 1 1 1 7 6 5. 3. 7. 4 1 1 1 7 6 7. 5. 1 7 6 1 7 6 3. 7 5 6 1 7 6 6 6. 6 6 7 1 7 6 6 3
6 1 6 3 5 3 5 7 5 3 4 1 4 6 4 1 3 7 3 5 3 7 6 3 6 1 6 3 5 3 5 7 5 3 4 1 2 6 2 1
2 6 4 2 4 x - - - - - - - - - - - - - - - - 1 1 1 7 6 3. 7. 7 7 1 1 1 7 6 7. 5. 1 7
6 1 7 6 3. 5. 5. 7. 1 7 1 1 1. 1. 6 5 4 6 3 6 1 6 3 5 3 5 7 5 3 4 1 4 6 4 1 3 7 3 5 3
7 6 3 6 1 6 3 5 3 5 7 5 3 4 1 2 6 2 1 1 4 1 4 6 4 1 x - - - - - - - - - - - - -
- - - 1 - - 3 4 5 6 6 7 3 2 2 1 2 ,7 5 5 ,2 4 5 3 1 ,6 3 1 ,6 2 ,7 ,6 2 ,7 ,6 3 1 ,6 3 1
,6 3 ,7 ,5 3 ,7 ,5' 1 - - 2 - - 3 3 3 3. ,5 ,2 ,1 ,1 q,7 q,2 q,6 q,1 5'. q,7 q,5 q,7 q,5 q,7 q,5 q,7. q,5. 2 6 2 4 2 7
5 - - 6 - - 6 - - 4 - - 3 3 3 3. 6 6 1 3 1 6 5 5 1 3 1 5 1 0 - 0 1 0 - - 0 x 3 3
,6 6 1 3 1 1 3 - - - 0 0 6 - - 5 - - 6 - - 6 3 3 2 3 6 - - 7. 7 6 7 q4 6 1 3 1 6 6
3 1 6 3 1 q6 6 1 3 1 6 q5 5 1 3 1 5 q4 6 1 3 1 6 6 3 1 6 3 1 6 1 3 6 3 1 5 7 2 5 2
7 1 7 1 2 1 3 3 - - 3. - - - 3 2 3 2 3 6 6 2 3 6 5 6 1 6 6. 6. 6 5 6 4 6 1 4 1 6 6
4 1 5. 6 1 3 6 3 1 5 1 3 6 3 1 4 6 1 3 1 6 6 3 1 5. 6 1 3 6 3 1 5 1 3 6 3 1 x 0 -
- - 0 0 0 0 0 - 0 - - 0 1 6 7 1 6 7 1 2 3 3. 6. 6. - - - 0 0 0 0 0 0 ,3. - - - 1. 4 6
1 3 1 6 6 3 1 5. 6 1 3 6 3 1 5 1 3 6 3 1 4 6 1 3 1 6 6 3 1 7 5 7 6. - - - x 0 - -
- 0 0 0 0 0 - - 1
%END
