%海天风景线.txt
% 出处 https://www.qupu123.com/
title=海天风景线
tag=分类/通俗歌曲
usertag=分类/通俗歌曲
tagroute=
transcriber=jianpu2-auto
status=ocr
source=qupu123-370781
%--
4/4
subtitle=score
3 1. 7 6 3 5 6 7 6 - - 2 6. 7 6 5 6 2 3 - - ,6 3. 6 3 2 3 1 2 - - ,6 ,7 1. 2 3 2 1 1 ,5
,6 - - - 0 ,6 1 2 3 2 1 1 ,5 ,6 - - 3 5 6. 6 6 3 7 6 7 5 6 3 - - - 0 6 6 3 2 2 3 3 1
2 - - ,6 ,7 1. 1 1 2 3 2 1 ,7 3 ,6 - - - 0 ,6 1 2 3 2 1 1 ,5 ,6 - - 3 5 6. 6 6 3 7 6 7 5
6 3 - - - 0 6 6 3 2 2 3 3 1 2 - - 1 2 3. 2 3 5 5 5 3 5 6 7 6 - - 3 1. 7 6 3 5 6 7
6 - - 2 6. 7 6 5 6 2 3 - - ,6 3 x' 3. 3 x 3 3. 6 3 3 2 3 1 2. 2 - ,6. q1 2 3 5. 3 5 6 7. 6
5 5 6 7 6 - - - - 1. 7 6 3 5 6 7 6 - - 2 6. 7 6 5 6 2 3 - - ,6 3. 6 3 2 3 1 2 - - ,6
,7 1. 2 3 2 1 1 ,5 ,6 - - - 3 1 1 3 1 6 - - 3 1. 7 6 3 5 6 7 6 - - 2 6. 7 6 5 6 2 3 -
- ,6 3. 6 3 3 2 3 1 2. 2 - ,6. 1 2 3 5. 3 5 6 7. 6 5 5 6 7 6 - - 5 6 - - - 6 0 0 0
%END
