%海阔天空伴奏版钢琴_2.txt
% 出处 https://www.jianpujia.com/
title=海阔天空伴奏版钢琴
tag=
usertag=
tagroute=
transcriber=jianpu2-auto
status=ocr
source=jianpujia-150416
%--
4/4
subtitle=score
1 - - 4 qx - - 6 x. 0 1 q1 x. qx'. 1 qx 0 0 0 0 3 2 1 - - 0 2 3 5 5 5 5 6 5 0 6 7 1 1 1
1 1 1 7 6 5 6 1 2 1 5 7 6 0 0 0 0 3 5 3 0 0 0 0 1 5 1 5 5 2 5 2 6 3 6 3 x 1 x 5
x 6 - - 6 5 5. 5 3 2 1 3 4 3 2 2 3 2 2 3 2 2 2 1 1 1 1 1 2 1 1 1 7 1 x 6 5 5 6 4
- - - 3 - - - 2 - - - 4 - - - 4 1 4 1 1 5 1 5 5 2 5 2 4 1 4 1 x 1 x x 1 - - 3 2
1 - - 0 2 3 5 5 5 5 6 5 0 6 7 1 1 1 1 1 1 7 6 5 6 1 1 2 1 5 5 7 6 3 - - - 3 - -
- 5 - - - 3 - - - 1 5 1 5 1 5 1 5 1 5 1 5 5 2 5 2 5 2 5 2 6 3 6 3 6 3 6 3 x - -
- - - - - - - - - - x 1 3 x 6 - - 6 5 5. 5 3 2 1 3 4 3 2 2 3 2 2 3 2 2 2 1 1 1 1
1 2 1 1 1 7 1 6 5 5 6 4 - - - 3 - - - 2 - - - 4 - - - 4 1 4 1 4 1 4 1 1 5 1 5 1
5 1 5 5 2 5 2 5 2 5 2 4 1 4 1 4 1 4 1 1 - - - - - - - - - - - - - - - - x 1 7 x
1 - - 0 6 7 1 1 1 1 1 7 6 5 5. 5 3 2 1 - 0 1 1 1 1 2 2 2 1 2 3 1 1 2 1 1 2 5 6 7
5 6 7 3 - - - 4 - - - 5 - 3 - 4 - 5 - 1 5 1 5 1 5 1 5 4 1 4 1 4 1 4 1 5 2 5 2 1
5 1 5 4 1 4 1 5 2 5 2 1 - - - - - - - - - - - - - - - - 3 - 3. 2 1 0 1 1 1 2 2 2
0 5 6 3 2 1 - 0 1 1 1 1 2 2 2 2 1 7 1 1 1 2 ,3 3 ,3 1 2 5 6 7 1 7 1 6 7 3 - - - 4
- 5 - 5 5 6 - 4 - 5 - 1 3 1 5 1 5 1 5 1 5 4 1 4 1 5 2 5 2 1 3 6 3 6 3 4 1 4 1 5
2 5 2 x 0 0 0 0 - 0 0 0 - - 0 - - 0 1 - - - 0 6 6 7 6 7 1 1. 1 1 2 1 2 3 3. 3 2. 3
1 1 2 3 2 5 6 7 1 7 3 - - - 0 0 4 - 5 - - - 6 - 5 - 1 5 1 5 1 5 1 5 4 1 4 1 4 1
4 1 5 2 5 2 5 2 5 2 4 1 4 1 5 2 5 2 1 0 0 0 0 - 0 0 0 0 0 0 - 0 - - 0 x 2 x 1 -
- 0 6 7 1 1 1 1 1 7 6 5 5. 5 3 2 1 - 0 1 1 1 1 2 2 2 1 2 3 1 2 1 1 2 5 7 5 6 7 3
- - - 5 - - - 3 - - - 4 - 5 - 1 5 1 5 1 5 1 5 5 2 5 2 5 2 5 2 1 5 1 5 1 5 1 5 4
1 4 1 5 2 5 2 1 - - - - - - - - - - - - - - - - 3 - 3. 2 1 0 1 1 1 2 2 2 0 5 6 3
2 1 - 0 1 1 1 1 2 2 2 2 1 7 1 5 1 6 1 7 2 ,3 1 3 7 ,3 1 6 1 7 2 3 - - - 4 - 5 - 5
5 6 - 4 - 5 - 1 3 1 5 1 5 1 5 1 5 4 1 4 1 5 2 5 2 1 3 6 3 6 3 4 1 4 1 5 2 5 2 x
- - - - - - - - - - - - - - 1 - - - 0 1 1 1 2 2 2 0 5 6 3 2 1 - 1 1 2 ,3 3 ,3 5 6
7 1 7 1 3 - - - 4 - 5 - 5 5 6 - 1 ,1 ,3 ,1 - - - 0 0 0 0 ,1 ,3 ,6. 6 0 1 1 1 1 2 2 2 2
1 7 1 1 - - - 1 2 1 6 7 5 4 - 5 - 3 - - - 1 ,4. 4 ,5. 5 ,1 - - -
%END
