%海阔天空钢琴_2.txt
% 出处 https://www.jianpujia.com/
title=海阔天空钢琴
tag=Beyond,分类/钢琴谱
usertag=Beyond,分类/钢琴谱
tagroute=
transcriber=jianpu2-auto
status=ocr
source=jianpujia-252426
%--
4/4
subtitle=score
1 - - x. qx - - 7 2 x 4 3 2 1 7 6 6 0 6 5 - 4 3 2 4 4 4 5 1 1 - 0 4 5 1 1 - 0 4 5
2 1 ,1 - - - 2 1 7 6' ,6' - q,6 ,4 6' ,6' - q,4 ,1 ,4' ,4' - 1. 4 ,4 ,5 1 ,5 - 2 - ,5 1 - - - ,2 - 0 0
x 1 q6 4 ,5 0 5 1 4 q5 2 5 2 0 0 5 1 5 1 ,1 - q5 2 5 2 2 ,5 1 1 1 ,6. ,3. 1. ,6 ,5 3 ,6' ,5 ,3 -
,6 ,4 - 0 0 1 1 ,5 1 - - 3 2 1 - - 0 2 3 x 1 5 q,6 ,3 ,6 ,1 0 0 ,6 ,4 ,1 ,4 ,1 ,4 ,4 5 ,5 4 ,1 ,5
,1 ,5 0 0 q,5 q,2 ,2 ,5 ,2 ,2 ,7 ,2 ,7 x 1 3 x 5 5 5 5 6 5 0 6 7 1 1 1 1 1 1 7 6 5 6 6 - 0 6
5 5. 5 3 2 1 3 4 x 1 ,6 ,1 3 3 3 3 2 2 2 2 4 1 6 1 1 - 1 - 5 - 1 5 1 5 1 5 1 5 7 5
7 5 7 5 7 5 1 0 0 0 - 0 0 - - - - 3 2 2 3 2 2 3 2 2 2 1 1 1 1 1 2 1 1 1 1 ,1 1 3
2 1 - - 0 2 3 x 1 1 1 1 1 1 1 1 ,6 ,6 ,6 ,6 1 1 1 1 ,7 ,7 ,7 ,7 6 3 6 3 6 3 6 3 5 4 5 4
5 4 5 4 5 3 5 3 5 3 5 3 5 2 5 2 5 2 5 2 x 2 1 x 5 5 5 5 6 5 0 6 7 1 1 1 1 1 1 7
6 5 6 6 - 0 6 5 5 0 5 3 2 1 3 4 ,6 ,6 ,6 ,6 ,5 ,5 ,3 q,6 4 1 4 1 4 1 4 1 3 1 3 1 1 1 4 4
5 6 5 2 0 1 5 3 5 1 1 - - - - - - - - - - - 3 2 2 3 2 2 3 2 2 2 1 1 1 1 1 2 1 1
1 1 1 1 1 6 7 1 1 1 1 1 7 6 5 5. 1 7 6 x 5 5 3 1 1 ,3 ,3 ,1 1 4 1 4 4 5 2 5 2 1 5 1
5 5 1 7 5 4 1 4 4 5 2 5 5 1 7 6 0 6 1 - - - - - - - - - - - - - 5 3 2. 1 - 0 1 1
1 1 2 2 2 1 2 3 3 - 3 2 1. 0 1 1 1 1 2 0 5 5 4 1 1 4 5 2 5 6 4 6 2 2 - 4 6 1 4 6
6 4 1 4 1 4 1 1 4 1 3 3 3 2 1 - 0 1 1 1 1 2 2 2 2 1 7 1 4 4 2 ,6 ,6 4 2 - ,6'. ,4. 6 4
,1 6 4 1 ,6' ,4 5 2 5 2 - 1 5 1 3 5 3 1 5 5 2 5 7 5 2 7 2 6 3 6 1 6 3 1 6 x 0 0 - 0
0 - 0 0 - - 0 - - 0 3 7 ,6 1 5 4 ,5 ,6 0 1 4 1 0 0 0 3 2 1 - - 0 2 3 5 5 5 5 6 5 0
6 7 1 6 5 6 4 1 4 6 4 3 4 1 5 1 5 3 5 1 5 5 2 5 6 7 5 2 4 1 4 6 1 6 4 1 x 0 - 0
- 0 0 0 0 0 - 0 - 0 0 x 4 1 x 1 1 1 1 1 1 7 6 5 6 6 - 0 6 5 5. 5 3 2 1 3 4 3 2 2
3 2 2 3 2 2 ,5 1 q,5 q,1 q,5 q,1 1 5 1 3 3 2 5 4 1 4 4 5 2 5 5 1 5 1 1 1 5 1 5 4 1 4 4 5
2 5 5 1 - - - - - - - - - 0 - - - - - 2 1 1 1 1 1 2 1 1 1 1 1 1 1 6 7 1 1 1 1 1
7 6 5 3 2. 1 - x 1 1 1 5 5 1 7 5 1 7 1 1 1 1 1 5 1 1 1 1 7 5 4 1 4 4 5 2 5 5 1 5
7 3 6 3 6 6 4 1 4 4 5 2 5 5 1 0 - 0 0 - 0 0 0 0 0 - - 0 - - 0 0 1 1 1 1 2 2 2 1
2 3 3 - 3 2 1. 0 1 1 1 1 2 2 0 5 5 3 2 1 - x 1 1 1 1 1 5 1 1 1 1 1 1 5 1 1 1 1 1
1 4 1 3 4 5 7 5 5 6 3 6. 1 6 5 x 5 3 x 0 1 1 1 1 2 2 2 2 1 7 1 1 - 0 3 2 1. 3. 2 3
5. 6 ~ 6 3 0 0 0 0 3 4 1 3 4 5 7 5 5 1 5 1 5 6 5 4 1 3 4 5 7 5 5 6 6 7 7 1 1 2 2
x - - - - - - - - - - - - - - x 5 7 x 0 0 0 0 0 0 0 0 0 0 0 0 0 0 0 0 3 6 6. 2 6
2 6 2 6 2 6 3 7 3 7 ,3 ,7 q6 3 1 3 1 3 1 3 q6 3 1 3 q6 3 6 q6. 6 1 ,3 6 3 7 3 3 1 0 5 6
3 3. 2 2 6 6 5 6 3. 2 2 6 6 5 6 1 - 6 2 1 6 3 3 2. q,6 q,6 q,6 q,5 q,5 q,5 q,4 q,4 q,4 q,5 q,5 q,5 q,6 q,6 q,6 q,5
q,5 q,5 ,1 ,1 ,1 ,1 ,1 ,1 1 3 3 3 2 2 2 1 1 1 2 2 2 3 3 3 2 2 2 5 5 5 5 5 5 1 x x 1 6 6 6
5 5 5 4 4 4 5 5 5 6 6 6 5 5 5 1 1 1 1 1 1 x 0 - - 0 0 - 0 0 6 3 ~ 3 2 ,6 3 ,3. 0 6
6 7 6 7 1 1. 1 1 2 1 2 3 3. 3 2 0 3 x 1 1 5 1 5 5 3 4 1 4 4 5 2 5 5 1 5 1 1 1 5 1
1 4 1 4 4 5 2 5 5 1 5 1 3 3 1 7 1 x - - - - - - - - - - - - - - 0 - x 6 x 1 - -
0 6 7 1 1 1 1 1 7 6 5 5. 5 3 ,2. 1 - 0 1 1 1 1 2 2 2 1 2 3 1 7 5 1 4 1 4 4 5 2 5 5
1 5 7 5 6 3 6 6 4 1 4 4 5 2 5 5 1 - - - x 7 3 x 3 - 3 2 1. 0 1 1 1 1 2 2 0 5 5 3
2 1 - 0 1 1 1 1 2 2 2 2 1 7 1 ,5 1 ,7 ,5 ,6 ,3 q,5 q,1 q,5 q,1 q,5 q,1 q,5 q,1 q,5 q,1 q,5 q,1 q,5 q,1 q,5 q,1 4 6 1
4 5 7 2 5 3 3 1 7 6 4 1 4 6 5 2 5 7 1 1 1 1 1 1 1 1 x - - - - - - - - - - - - -
x 7 7 x 1 - - - 0 1 1 1 1 2 2 0 5 5 3 2 1 - 0 1 1 1 1 2 2 2 2 1 7 1 1 1 5 1 5 5
3 4 1 4 4 5 2 5 5 1 5 1 1 1 5 1 1 4 1 4 4 5 2 5 5 1 5 1 3 3 1 7 1 x 0 - - 0 - 0
0 - 0 0 - - 0 - - 0 1 - 0 3 2 1 6 7 1 1 1 1 1 7 6 5 5. 5 3 2. 1 1 1 1. 0 1 1 1 1 2
2 2 1 2 3 1 7 1 1 1 1 4 1 4 4 5 2 5 5 1 5 q7 5 q6 3 6 q6 q4 1 4 q4 q5 2 5 q5 4 1 3 4 5
7 5 5 3 - 3 1 6 5. 0 1 1 1 1 2 2 0 5 5 3 2 1 1 1 1. 0 1 1 1 1 2 2 2 2 1 7 1 x 5 5
5 5 3 3 3 3 3 6 3 6 1 3 1 4 1 3 4 5 7 5 5 1 5 1 3 1 1 1 1 4 1 3 4 5 7 5 5 x 0 -
- 0 0 0 0 0 - - 0 - - 0 x x 7 1 6 1 2 1 7 1 6 1 2 1 3 5. 6 6 7 1 3. 4 4 3 3 3 6 5
7 6 1 7 2 1 3 2 5 4 3. 2 3 5. 6 6 1 - - - - - - - - - - 0 - - - - - - - - - - - -
- - - 5 5 5 5 3 3 3 3 3 6 3 6 6 6 3 6 6 4 1 3 4 5 3 7 5 1 5 1 3 1 1 1 1 4 1 3 4
5 7 5 5 x 3 x 1 6 2 1 6 2 1 3. 2 3 5. 6 ~ 6 3 3. 2 1 7 1 6 7 5 1 1 1 2 5 5 5 7 qx 5
5 5 5 1 3 3 3 3 3 3 6 3 6 1 3 1 6 3 4 1 3 4 5 7 5 5 1 5 1 3 1 1 1 1 4 1 3 4 5 7
5 5 x - - - - - - - - - - - - - - - - x 1 1 1 7 1 6 - 3. 2 1 2 3 2 1 7 1 1 2 3 4
5 6 7 1 2 3 3 3 3. 2 3 5. 6 6 5 - - - - - - - - - - - - - - - - - - - 5 5 5 5 1 3
3 3 3 3 6 3 6 6 6 3 6 3 4 1 3 4 5 7 5 5 1 5 1 3 1 1 1 1 4 1 3 4 5 7 5 5 x 0 - -
0 - 0 0 - 0 0 - - 0 - - 0 x 1 0 1 x 5 1 1 3 1 3. 2 1 3 5 3 2 1 5 3. 2 3 5. 6 6 5 1
- - - 5 6 3 6 1 3 1 6 3 4 1 3 4 5 7 5 5 1 - - - x 0 0 0 0 0 0 0 - 1
%END
