%海阔天空钢琴.txt
% 出处 https://www.jianpujia.com/
title=海阔天空钢琴
tag=
usertag=
tagroute=
transcriber=jianpu2-auto
status=ocr
source=jianpujia-252426
todo=refine the filename
%--
4/4
subtitle=score
x 7 7 x 1 - - - 0 1 1 1 1 2 2 0 5 5 3 2 1 - 0 1 1 1 1 2 2 2 2 1 7 1 1 1 5 1 5 5
3 4 1 4 4 5 2 5 5 1 5 1 1 1 5 1 1 4 1 4 4 5 2 5 5 1 5 1 3 3 1 7 1 x 0 - - 0 - 0
0 - 0 0 - - 0 - - 0 1 - 0 3 2 1 6 7 1 1 1 1 1 7 6 5 5. 5 3 2. 1 1 1 1. 0 1 1 1 1 2
2 2 1 2 3 1 7 1 1 1 1 4 1 4 4 5 2 5 5 1 5 q7 5 q6 3 6 q6 q4 1 4 q4 q5 2 5 q5 4 1 3 4 5
7 5 5 3 - 3 1 6 5. 0 1 1 1 1 2 2 0 5 5 3 2 1 1 1 1. 0 1 1 1 1 2 2 2 2 1 7 1 x 5 5
5 5 3 3 3 3 3 6 3 6 1 3 1 4 1 3 4 5 7 5 5 1 5 1 3 1 1 1 1 4 1 3 4 5 7 5 5 x 0 -
- 0 0 0 0 0 - - 0 - - 0 x x 7 1 6 1 2 1 7 1 6 1 2 1 3 5. 6 6 7 1 3. 4 4 3 3 3 6 5
7 6 1 7 2 1 3 2 5 4 3. 2 3 5. 6 6 1 - - - - - - - - - - 0 - - - - - - - - - - - -
- - - 5 5 5 5 3 3 3 3 3 6 3 6 6 6 3 6 6 4 1 3 4 5 3 7 5 1 5 1 3 1 1 1 1 4 1 3 4
5 7 5 5 x 3 x 1 6 2 1 6 2 1 3. 2 3 5. 6 ~ 6 3 3. 2 1 7 1 6 7 5 1 1 1 2 5 5 5 7 qx 5
5 5 5 1 3 3 3 3 3 3 6 3 6 1 3 1 6 3 4 1 3 4 5 7 5 5 1 5 1 3 1 1 1 1 4 1 3 4 5 7
5 5 x - - - - - - - - - - - - - - - -
%END
