%深夜书店钢琴.txt
% 出处 https://www.jianpujia.com/
title=深夜书店钢琴
tag=许嵩,分类/钢琴谱
usertag=许嵩,分类/钢琴谱
tagroute=
transcriber=jianpu2-auto
status=ocr
source=jianpujia-149467
todo=refine the filename
%--
4/4
subtitle=score
0 1 1 1 1 1 1 1 0 1 1 1 1 1 1 1 1 5 6 1 5 6 2 5 6 3 5 6 6 1 - - - - - - - - - -
- - - - - - - 1 ,6 4 7 2 1 7 2 7 3 6 6 - 7 5 2 - - 5 x 7 0 x 0 1 1 1 1 1 0 1 1 1
1 1 6 6 0 1 1 1 1 1 1 0 1 1 1 1 1 1 1 0 1 1 1 1 1 1 1 1 1 1 1 1 1 1 1 1 1 1 1 ,6'
,4 ,2 ,7 1. 1. 1 1 1 1 1 1 1 1 1 7 7 5 2 3 6 7. 7 7 7 7 ,6 6 3 6 1 3 2 1 2 1 ,6 ,2 - - ,5
,6. ,6 ,6 ,6 6 0 6 6 x 7 3 x 7 2 2 4 6 2 1 1 2 7 6 5 7 6 3 1 2 3 1 6 3 4 2 6 5 6 3 1
6 7 5 3 1 4 7 7 7 1 6 5 4 1 2 6 5 5 6 4 3 2 7 5 3 3 3 2 1 7 5 6 6 6 6 6 6 6 6 6
5 7 1 2 3' 2. 2 2 3 3 3 3 3' 3 3 3 3' 3 3 3 3' 3 ,3 3 ,3 3 3. 0 0 1 1 1 1 1 1 0 1 1 1 1
1 1 1 2 4 3 2 1 1 1 1. 1 1 1 3 6 7 1 7 6. 6 6 6 6 0 6 6 0 6 2 - - 5 x 0 0 - -
%END