%深深爱过你钢琴.txt
% 出处 https://www.jianpujia.com/
title=深深爱过你钢琴
tag=薛之谦,分类/钢琴谱
usertag=薛之谦,分类/钢琴谱
tagroute=
transcriber=jianpu2-auto
status=ocr
source=jianpujia-150016
todo=refine the filename
artist=薛之谦
%--
4/4
subtitle=score
1 5. 3 3 2 1 5 5. 3 3 2 1 6 6 5. 5 5 5 5 5 1 1 6 1 2 3 2 q7 5 2 3 ,5 ,3 q6 1 2 3 ,5 ,3 q5
6 2 4 1 6 ,3 4 1 ,5 1 4 ,5 x 2 5 x 2 3 5 5 5 5 5 5 1 1 6 6 5 3 6 6 5. 0 0 ,6. 5 7 2 2
1 4. 5 3 7 2 5 6 1 5 2 6 4 4 6 1 4 5 2 4 5 6 7 1 5. 0 5 - x 0 0 0 - - - 0 0 0 - x.
1. 7. 5 2 5 3 1. 7. 3. 2. ,7 ,7 ,7 ,5 - 3 3. 2. 5 3 3 - 0 1 2 5 1 2 5 1 2 5 1 5 1 2 7 5 2 6
3 6 7 3 6 7 3 6 3 6 7 5 7 3 5 x 0 0 0 0 - - - 0 0 0 0 - - - - x 3 3 x 6. 1 6. 1 5.
1 5. 3 4. 3 4. 3 3 1 3 2 5 3 2 2 1 1 4 1 6 4 1 6 3 7 5 6 1 5 2 6 4 2 6 4 6 5 2 7 2
5 2 7 x 0 0 0 0 0 0 - 0 - 0 1. 7. 5 2 5 3 1. 7. 3. 2. ,7 ,7 ,7 ,5 - 3 3 3. 2. 5 3 3 - 0 1 1
x 1 1 1 1 1 5 1 2 5 1 2 5 1 5 1 2 q7 5 ,2 q6 3 6 7 3 6 7 3 q5 2 5 6 1 3 5 6 6. 5. 3 2
2 3. 1 1 1 2. 1 1 - 1 7 5 3 1 7 5 3 1 7 0 ,5 - - - 3 4 1 4 4 1. 5 1 4 1 5 1 2 3 1 1
7 5 3 1 x - - - - - - - 1
%END
