%深深爱过你钢琴_2.txt
% 出处 https://www.jianpujia.com/
title=深深爱过你钢琴
tag=
usertag=
tagroute=
transcriber=jianpu2-auto
status=ocr
source=jianpujia-150016
%--
4/4
subtitle=score
q1 - - 4 q1 - - 0 x. 0 1 1 x. x'. 1 1 0 1 x 1. 3 1. 0 0 3 2 2 1 5. 3. 7. 5 ,5 ,5' 2 3 5 5. 3. 2.
3 0 0 0 0 1 5 1 2 2 - ,7. 5 7 2 1 6 5 ,6 2 - x 5 x x 1. 6'. 4. 6 1 3 4. 1 5 4 3 1 2 3 6
- 3 1 6 4 6 6 4 6 1 5 4 5 5 4 5 1 5 1 3 5 1 3 5 1 4 1 3 6 6 3 6 1 x 0 0 0 - - -
0 0 0 0 - - - - x x 4 4 5 6 2 - - - 0 3 3. 2 2 1 5. 3 3 2 1 5 2 6 1 4 4 1 4 6 5 1
4 6 1 4 6 1 5 0 0 0 1 2 3 5 1 - x - - - - - - - - - - x 1 3 x 5. 3 3 2 1 5 5. 3 3
2 1 5 5 3 2 3 2 ,6 1 1. 1 3 2 ,6 1 1 1 7 2 3 5 7 - 6 1 2 3 6 - 5 7 2 3 5 - 4 1 3 5
6 - x 1 7 x 1. 5 3 2 3 4 4 1 1 1 1 6 1 2 2. 3 3. 2 2 1 5. 3 3 2 1 5 3 1 2 3 5 - 2 6
1 2 4 - 5 2 4 6 1 - 1 5 2 3 5 3 x 0 - 0 - 0 0 0 - 1 5. 3 3 2 1 5 5. 3 3 2 1 6 6 5.
5 5 5 5 5 1 1 6 1 2 3 2 q7 5 2 3 ,5 ,3 q6 1 2 3 ,5 ,3 q5 6 2 4 1 6 ,3 4 1 ,5 1 4 ,5 x 2 5
x 2 3 5 5 5 5 5 5 1 1 6 6 5 3 6 6 5. 0 0 ,6. 5 7 2 2 1 4. 5 3 7 2 5 6 1 5 2 6 4 4 6
1 4 5 2 4 5 6 7 1 5. 0 5 - x 0 0 0 - - - 0 0 0 - x. 1. 7. 5 2 5 3 1. 7. 3. 2. ,7 ,7 ,7 ,5 -
3 3. 2. 5 3 3 - 0 1 2 5 1 2 5 1 2 5 1 5 1 2 7 5 2 6 3 6 7 3 6 7 3 6 3 6 7 5 7 3 5
x 0 0 0 0 - - - 0 0 0 0 - - - - x 3 3 x 6. 1 6. 1 5. 1 5. 3 4. 3 4. 3 3 1 3 2 5 3 2 2
1 1 4 1 6 4 1 6 3 7 5 6 1 5 2 6 4 2 6 4 6 5 2 7 2 5 2 7 x 0 0 0 0 0 0 - 0 - 0 1.
7. 5 2 5 3 1. 7. 3. 2. ,7 ,7 ,7 ,5 - 3 3 3. 2. 5 3 3 - 0 1 1 1 1 1 1 1 1 5 1 2 5 1 2 5 1 5
1 2 q7 5 ,2 q6 3 6 7 3 6 7 3 q5 2 5 6 1 3 5 6 6. 5. 3 2 2 3. 1 1 1 2. 1 1 - 1 7 5 3 1 7
5 3 1 7 0 ,5 - - - 3 4 1 4 4 1. 5 1 4 1 5 1 2 3 1 1 7 5 3 1 x - - - - - - - 1
%END
