%清明雨上钢琴.txt
% 出处 https://www.jianpujia.com/
title=清明雨上钢琴
tag=许嵩,分类/钢琴谱
usertag=许嵩,分类/钢琴谱
tagroute=
transcriber=jianpu2-auto
status=ocr
source=jianpujia-380540
todo=refine the filename
artist=许嵩
%--
4/4
subtitle=score
x 2 1 x 2 - 0 5 6 5. 3 3 6 2 2 1 7 5 2 3 1 1 2 3. 2 2 1 2 1 5 6 5 2 5 6 7 6 5 2 4
1 4 6 5 2 5 7 3 7 3 5 6 3 6 1 4 1 4 6 5 2 5 7 x - - - - - - - - - - - - - - - -
x 2 5 x 3 - 0 5 6 5. 3 3 6 2 2 1 7 5 2 3 1 0 6 3 1 1 6 6 3 1 1 6 3 1 1 5 1 5 7 5
7 0 4 1 4 6 5 2 5 7 3 7 3 5 6 3 6 1 4 1 4 6 5 2 5 7 x 0 0 0 - 0 - 0 - 0 - - - -
- - 0 2 1 6 1 1 - 5 6 ,1. ,3'. 4. ,1. 3 ,7'. ,5. 2. 2. 2 ,5'. ,7. 5. ,2'. 2 ,6' ,3 1' 1 - ,6' ,2' ,4 2 3 ,5'. ,7. 5. ,2'.
6 x 5 1 x 3 ,1 ,5 1 2 1 0 0 0 0 0 0 0 0 0 0 0 0 0 0 x 1 x 5 3 3 3 1 - - - 2 3 5 ~
5 6 2 3 5 ~ 5 6 3 2 3 5 1 - 6 6 6 5 5 3 2 1 3 0 0 0 0 1 5 2 3 7 5 2 1 6 3 5 3 5
3 5 0 4 1 4 1 5 2 5 2 x - - - - - - - - - - - - x 3 7 x 3 - 0 0 2 3 5 5 6 2 3 5
5 6 3 2 3 5 1 0 1 6 6 6 5 5 3 2 3 2 1 5 7 5 1 0 0 1 5 2 3 7 5 2 1 6 3 6 3 5 3 5
0 4 1 4 1 5 2 5 2 x 0 - - 0 - 0 - 0 0 - - - 0 0 - x 4 1 x 1 - 0 0 3 5 3 5 3 6 3
2 1 ,6 1 5 3 - 6 6 6 5 6 6 3 1 qx x 5 1 5 1 2 1 1 0 0 3 7 3 5 6 3 6 0 ,4 ,5 1 5 5' 3
0 4 1 4 1 2 6 2 4
%END
