%渡.txt
%渡钢琴.txt
% 出处 https://www.jianpujia.com/
title=渡
tag=薛之谦,分类/钢琴谱
usertag=薛之谦,分类/钢琴谱
tagroute=
transcriber=jianpu2-auto
status=ocr
source=jianpujia-150766
artist=薛之谦
%--
4/4
subtitle=score
3 - 3 7 2 0 0 0 0 2 0 0 0 5 7 1 6 - - - 6. 3 1 3 0 2. 4 1 4 0 3. 3 7 3 0 6. 3 1 3 0
x 0 0 0 0 - - - 0 0 3 3 3 2 4 4 - 0 0 6 2. 2 2 2 2 1 2 3 - 0 0 1 - - - - - - - -
- ,6. ,3 1 ,3 0 ,2. ,4 1 ,4 0 ,3. ,3 ,7 ,3 0 ,6. ,3 1 ,3 0 0 3 3 3 2 4 4 - 0 0 2 2 2 2 1. 6 - 0 0
,6. 3 1 3 0 ,2. 4 1 4 0 ,3. 3 7 3 0 ,6. 3 1 3 0 0 5 5 5 5 5 5 4. 0 0 6 2. 2 2 2 2 5 2 3 -
0 0 1 - - - - - - - - - ,6. 3 1 ,3 0 ,2. 4 1 ,4 0 ,3. 3 7 3 0 ,6. 3 1 3 0 0 5 5 5 5 6 6 4.
0 0 6 2. 2 2 2 2 1 1 6 - 0 0 1 - - - - - - - - - ,6. 3 1 3 0 ,2. 4 1 4 0 ,3. 3 7 3 0 ,6.
3 1 3 0 3 - 3 7 2 0 0 0 0 2 0 0 0 5 7 1 0 0 0 7 1 3 ,6. 3 1 ,3 0 ,2. 4 1 4 0 ,3. 3 7 3
0 ,6. 3 1 3 0
%END
