%温暖的季节.txt
% 出处 http://www.jianpu.cn/
title=温暖的季节
tag=许巍
usertag=许巍
tagroute=
transcriber=jianpu2-auto
status=ocr
source=jianpucn-89184
%--
4/4
subtitle=score
5 5 5 5 5 5 5 4 4 4 4 4 q4 q4 q5 q5 q5 q5 q5 q5 q5 q3 q3 q3 q3 q3 q3 q3 6 6 6 6 6 6 6 5 5 5 5 5
5 5 6 6 6 6 ~ 6 ~ 6 ~ 6 7 7 7 7 7 7 7 7. 6 6 6 6 6 6 6 6 6 6 6 6 6 6 q6 6 6 6 6 6
0 3 3 2 q4 3 2 3 0 3 3 2 4 3 2 3 1 0 0 0 0 0 0 0 3 3 2 4 3 2 3 0 3 3 2 4 3 2 3 q1
0 0 0 0 0 0 0 2 ,6 ,6 0 ,6 5 4 ,6 5 4 3 2 2 2 0 0 0 0 2 ,6 6 0 ,6 3 2 ,6 3 2 1 ,6 6 0 0
0 0 0 0 0 0 6 6 5 x 7 6 5 6 6 6 6 5 7 6 5 6 3 - 0 0 0 0 0 0 q0 q6 q6 5 0 7 6 5 6 6
6 6 5 7 6 5 6 6 5 5 - 0 0 0 0 0 5 5 5 7 5 5 5 q4 4 q4 0 0 q1 4 3 3 0 0 0 0 0 0 0 5
5 5 7 5 5 5 4 4 4 0 0 3 2 q1 0 0 0 0 0 0 0 7 7 7 2' 7 7 7 6 6 ~ 6 0 6 1' 5 0 0 0 0
0 0 0 7 7 q7 2' q7 7 7 7 6 6 - 1 0 0 0 0 0 0 5' x' 5 q5 q5 5 5 5 5 ,x 4' 4 4 4 4 q4 q4 4 5
5 5 5 5 5 5 5 3'. 3 3 q3 q3 3 s3 s3 6 6 6 6 6 6 6 6 5 5 5 5 5 q5 q5 5 q6 q6 q6 6 6 ~ 6 ~ 6
~ 6 7 7 7 7 7 q7 q7 5 5 5 5 5 q5 5 5 ,1 4 4 4 4 4 4 q4 q4 q5 q5 q5 5 5 5 5 5 3 3 3 3 q3 q3
q3 6 6 6 6 6 ~ 6 ~ 6 ~ 6 5 5 5 5 q5 q5 q5 5 6 q6 q6 6 6 ~ 6 ~ 6 ~ 6 x ,1' 1' 1' q1' q1' q,1' q1'. 1
0 0 0 0 0 0 0 7 7 7 2' 7 7 7 6 q6 6 q0 q6 1' 5 0 0 0 0 0 0 0 7 7 7 2' 7 7 7 6 6 6 6 5
- 0 0 0 0 0 0 5 q4 ,6 5 4 3 q2. 2 2 0 0 0 3 2 ,6 3 2 1 ,6 ,6 0 0 0
%END
