%温柔钢琴.txt
% 出处 https://www.jianpujia.com/
title=温柔钢琴
tag=五月天,分类/钢琴谱
usertag=五月天,分类/钢琴谱
tagroute=
transcriber=jianpu2-auto
status=ocr
source=jianpujia-149406
todo=refine the filename
%--
4/4
subtitle=score
x 4 1 x 5 2 7 2 5 3 3. 3 2 7 2 5 2 2. 3 3 1 3 1 3 1 3 6 6 ,7 - - - 1 1 ,5 ,4 ,3 4 4 5
5 5 5 6 7 4 4 5 5 5 2 2 2 1 1 1 1 q,4 4 1 ,4 4 ,1 ,4 ,1 q5 ,5 ,2 ,5 ,5 ,2 5 2 q,4 ,4 ,1 4 4 1 4
,1 q,5 5 7 5 7 ,5 ,7 ,5 x q4 5 x 3 2 3 2 3 3 2 3 2 3 2 1 6 1 1 - 4 3 4 3 4 4 3 4 3 4 5
2 1 2 2 - 1 - - - - - - - - - - - - - - - - 3 5 6 7 1 5 1 2 3 1 5 1 2 3 1 5 1 2
3 5 1 5 3 5 4 1 6 4 1 4 6 4 5 2 5 6 7 2 5 2 5 2 x - - - - - - - - - - - - - - -
- - - - x 5. 5 5 5 5 5 1 2. 4 2 4 2 2 4 2 4 2 6 3 2 3 3 3 1 ,6 q6 1 2 3 1 ,4 ,3 - x 5
3 3 1 3 7 4 ,5 3 7 3 4 ,5 6 6 7 1 3 6 1 6 1 6 4 1 6 5 4 1 5 2 5 6 7 2 1 1 5 3 ,1 -
%END
