%演员.txt
% 出处 https://www.jianpujia.com/
title=演员
tag=薛之谦
usertag=薛之谦
tagroute=
transcriber=jianpu2-auto
status=ocr
source=jianpujia-76077
%--
4/4
subtitle=score
q1 - - 1 4 0 1 x ,3 ,5 4 3 3 ,5 3 2 2 ,5 2 1 1 ,7 1 2 ,3 ,5 4 3 3 ,5 3 2 2 ,5 2 1 1 ,7 1 2
0 ,6 5 q4 q4 ,6 q4 3 q3 ,5 3 q2 q2 q,5 2 q1 ,3 ,5 4 3 q3 ,5 3 2 2 - q0 ,5 q4 q3 3 - 0 0 0 1 2 3 5 5
1 1 ,6 ,7 ,6 ,6 - - 0 3 3 3 4 3 4 ,6 ,6 2 3 3 4 3 4 ,6 ,6 2 1 2 1 2 1 2. 3 3 0 0 0 0 0 ,5
4 3 3 0 0 0 1 2 3 5 5 1 1 ,6 ,7. 6 ,6 0 3 3 4 3 4 ,6 ,6 2 3 3 4 3 4 ,6 ,6 2 ,5 ,5 3 2 3 2
2 1. 0 0 0 5 5 5 q4 3 4 5. 6 6 6 6 7 1 7 7. 5 5 4 3 4 5 7 7 7 7 1 2 1 1. 3 3 4 3 4 3
4. 6 6 6 6 4 1 7 7. 1 1 2 1 2 1 2 1 2 1 2 1 2 4 4 3 5 5 5 4 3 4 1 x 2
%END