%灌区民歌一首.txt
% 出处 https://www.jianpujia.com/
title=灌区民歌一首
tag=分类/民歌
usertag=分类/民歌
tagroute=
transcriber=jianpu2-auto
status=ocr
source=jianpujia-85513
%--
4/4
subtitle=score
3. 6 q5 6 ,,3 5 3 ,1 ,6 1'. ,1' 6 s,,,6 q5 q6 q6 ,,5 3 5 ,1' q6 s,,1' q,,,6 ,5 3 5 1 ,,5 ,,5 q,,3 ,5 1 ,6. 5 3 2 3 2 ,,1 ,6
,5 ,6 0 3. 6 5 ,,6 ,3. 1 ,,6 ,5 3 6 q,1 6 1 0 q6 x. 6. 6 6 ,5 3. 3 6 5 q,3 5 1 ,,6 ,5 0 3 5 3 6 5. 6 3
5 x x' 6 ,,5 1 q,6 1 ,6 1 3' 1 q5 3'. 3' 6 ,5 - 0 ,5 6' 1 ,,,6 ,,,1 5' ,6 6' ,,,5 3 1 6 ,6 3'. q2 3 1 ,6 x - q6
5 ,,6 6 5 1 ,6. 5 3 2. ,3. q,,,2 1 ,,6 ,5 0 1 3 6 ,6 - ,5 q,,,5 3 ,,5 ,,1 ,6. 5 3' 2 ,,3 2 1 ,,6 ,5 ,6 ,6 6 ,,6. 3. 6
5 q3 5 1 ,6 1 ,6 q,5 ,,3 q,,6 ,5 ,6 ,5 ,6 1 ,6 6 5 5 3 2 - - ,3. 5 1 ,,6 ,,,1 ,5 ,6 ,6 ,5 1 ,,,1 ,,6 ,5 1. 2 0 ,5
6 ,,5 2 2 1. x x. 2 2 2 1 1 q6 q5 ,6 ,,6 6 5 ,,5 5 ,3 ,3 2 1 2 1' 2 x. 5'. 1' 5' 3 2 2 x 3 2 1 5 3
2 3 x x 2 1' 6 5 1' ,6 6 6 0 0
%END
