%火星人来过钢琴_2.txt
% 出处 https://www.jianpujia.com/
title=火星人来过钢琴
tag=
usertag=
tagroute=
transcriber=jianpu2-auto
status=ocr
source=jianpujia-149077
%--
4/4
subtitle=score
1 5. 5 5 5. 5. 5 4. 4 4 4. 4. 4 3. 3 3 3. 3. 3 2. 2 2 2. 2. 2 1 0 7. 7 7 7. 7. 7 0 6. 6 6 6. 6. 6
1 - - - - 0 0 - - - 0 0 0 ,3. 3 3 ,3 3 ,2. 2 2 ,2 2 5 5. 5 5 5. 5. 5 5. 5 5 5. 5 3. 3 3 3. 3.
3 3. 3 3 3. 3 0 1. 1 1 1. 1. 1 0 1. 1 1 1. 1 ,1. 1 1 ,1 1 ,1. 1 1 ,1. x x 0 0 2 2 7 2 2 7 2 2
7 7. 7 7. 7 6 ,3 - ,3 - ,2 - ,2 - x 1 3 x 6. 5 5 3 2 3 5 6 7 6. 5 5 3 1 ,1 - ,1 - ,1 - ,1 -
0 0 2 2 7 2 2 7 2 2 7 7. 3 3. 7 3 - 3 - 2 - 2 - x 2 1 x 6. 7 7 3 2 2 3 5 6 7 6. 5 5
3 1 - 1 - 1 - 1 - x 2 5 x 0 3 3 2 3 0 3 3 2 3 0 3 3 3 3 3 3 3 3 3 3 3 3 3. 3 3 3.
2. 2 2 2. ,3. ,3 3 ,3. ,2. ,2 2 ,2. x 2 x 0 3 3 2 3 0 3 3 2 3 0 3 3 3 3 3 3 3 3 3 3 3 3 1. 1
1 1. 1. 1 1 1. ,1. ,1 1 ,1. ,1. ,1 1 ,1. x 3 3 x 0 3 3 3 3 3 3 0 3 3 3 3 3 3 0 3 3 3 3 3 3 3
3 3 3 3 3 3 3. 3 3 3. 2. 2 2 2. ,3. 3 3 ,3. ,2. 2 2 ,2. x 3 7 x 0 3 3 3 3 3 3 3 3 0 3 3 3 3
3 3 3 3 3 3 3 3 3 2 1. 1 1 1. 1. 1 1 1. ,1. ,1 1 ,1. ,1. ,1 1 ,1. 3 2 3 3. 7 5 4' 4 3 3 2 6 6 0
7 5 4' 4 3 3 2 6 3 7 3 3 7 3 7 3 3 7 2 6 2 2 6 2 6 2 2 6 x 0 - 0 - - - 0 - 0 - -
- x q4 5 x 6 6. 5 6 7 6 6 5 6 7 6 5 3 3 0 0 2 1 5 1 1 5 1 5 1 1 5 1 5 1 1 5 1 5 1
1 5 x 0 - 0 - - - 0 - 0 - - - x 4 x 3 2 3 3 7 5 4' 4 3 3 2 6 6 0 7 7 5 4' 4 3 3 2
6 3 7 3 3 7 3 7 3 3 7 2 6 2 2 6 2 6 2 2 6 x - - - - - - - - - - - - x 5 3 x 6 6
6 6 5 6 7 6. 7. 7 7 7 7 7. 3 1 5 1 1 5 1 5 1 1 5 1 5 1 1 5 1 5 1 1 5 x - - - - - -
- - - - - - x 5 7 x 7. 7 7 7 7 7. 3 7. 7 7 7 7 2. 7 3. 3 3 3 3 3. 3 2. 2 2 2 2 2. 2 x 6
1 x 7. 7 7 7 7 7. 3 0 0 0 0 1. 1 1 1 1 1. 1 1. 1 1 1 1 1. 1 x - - - - - - - - - - 7. 7
7 7 7 7. 3 7. 7 7 7 7 2. 7 3. 3 3 3 3 3. 3 2. 2 2 2 2 2. 2 x - - - - - - - - - - 7. 7 7
7 7 7. 3 0 0 0 0 - 1. 1 1 1 1 1. 1 1. 1 1 1 1 1. 1 x - - - - - - - - - - 1 x 7 3 x ,7.
2 3 2 3 3 7 5 4 3 3 2 6 6 0 7 1 1 - 3. 0 3 7 3 3 7 3 7 3 3 7 2 6 2 2 6 x - - - -
0 - 0 - - - 5 4' 4 3 3 2 6 6. 6 5 6 7 6 6 5 6 7 6 5 3 3 2 6 2 2 6 1 5 1 1 5 1 5 1
1 5 1 5 1 1 5 x 0 - - - - - 0 - 0 - - - x 1 x 0 0 2 3 2 3 3 7 5 4' 4 3 3 2 6 6 0
7 1 5 1 1 5 3 7 3 3 7 3 7 3 3 7 2 6 2 2 6 x 5 x 5 4' 4 3 3 2 6 6. 5 6 0 7. 7 7 7 2
6 2 2 6 1 5 1 1 5 1 5 1 1 5 1 5 1 1 5 x - - - - - - - - - - - -
%END
