%火星人来过钢琴.txt
% 出处 https://www.jianpujia.com/
title=火星人来过钢琴
tag=薛之谦,分类/钢琴谱
usertag=薛之谦,分类/钢琴谱
tagroute=
transcriber=jianpu2-auto
status=ocr
source=jianpujia-149077
todo=refine the filename
%--
4/4
subtitle=score
7. 7 7 7 7 7. 3 7. 7 7 7 7 2. 7 3. 3 3 3 3 3. 3 2. 2 2 2 2 2. 2 x - - - - - - - - - - 7.
7 7 7 7 7. 3 0 0 0 0 - 1. 1 1 1 1 1. 1 1. 1 1 1 1 1. 1 x - - - - - - - - - - 1 x 7 3
x ,7. 2 3 2 3 3 7 5 4 3 3 2 6 6 0 7 1 x - 3. 0 3 7 3 3 7 3 7 3 3 7 2 6 2 2 6 x - -
- - 0 - 0 - - - 5 4' 4 3 3 2 6 6. 6 5 6 7 6 6 5 6 7 6 5 3 3 2 6 2 2 6 1 5 1 1 5 1
5 1 1 5 1 5 1 1 5 x 0 - - - - - 0 - 0 - - - x 1 x 0 0 2 3 2 3 3 7 5 4' 4 3 3 2 6
6 0 7 1 5 1 1 5 3 7 3 3 7 3 7 3 3 7 2 6 2 2 6 x 5 x 5 4' 4 3 3 2 6 6. 5 6 0 7. 7 7
7 2 6 2 2 6 1 5 1 1 5 1 5 1 1 5 1 5 1 1 5 x - - - - - - - - - - - -
%END
