%灰色轨迹钢琴.txt
% 出处 https://www.jianpujia.com/
title=灰色轨迹钢琴
tag=
usertag=
tagroute=
transcriber=jianpu2-auto
status=ocr
source=jianpujia-250142
todo=refine the filename
%--
4/4
subtitle=score
1 - - 4 qx - - 7 6 3 2 1 6 3 3. 1 2 3 5 5 6 3 2 1 0 0 2 2 2 3 2 2 1 1 6. 3 - - - ,6
1 1 1 1 1 1 1 1 1 1 1 1 1 ,5 2 ,7 2 ,7 ,7 2 ,6 1 1 1 1 1 1 6 6 6 6 1 5 5 5 5 5 5 5 6
6 6 6 x 1 1 1 x 5 x 3 2 1 6 3 3. 1 2 3 5 5 6 3 2 1 0 0 2 2 2 3 2 2 1 1 6. 3 - - -
,6 1 1 1 1 1 1 1 1 1 1 1 1 1 ,5 2 ,7 2 ,7 ,7 ,2 ,6 1 1 1 1 1 1 6 6 6 6 1 5 5 5 5 5 5 5
6 6 6 6 x 1 x 1 x x 0 4. 4 6 6 2 3 3 - - - 0 4. 4 6 6 2 3 3 - - - 2 4 2 4 2 2 4 ,6
1 1 1 1 1 1 2 2 4 4 2 4 2 3 3 ,7 3 ,7 3 ,7 2 6 6 6 6 6 6 6 2 6 6 6 3 5 5 5 x 1 x 1
0 6 6 6 6 7 7 7 6 5. 3 5 5 6 3 2 1. 1 0 6 6 6 6 7 7 7 3 3 - - - 4 4 6 1 5 5 ,7 5 1
1 ,7 7 ,6 6 6 1 4 4 6 1 5 5 ,7 5 ,6 6 6 1 6 1 6 1 x x 1 1
%END
