%烛光的向往.txt
% 出处 https://www.qupu123.com/
title=烛光的向往
tag=分类/通俗歌曲
usertag=分类/通俗歌曲
tagroute=
transcriber=jianpu2-auto
status=ocr
source=qupu123-311037
%--
4/4
subtitle=score
q0 q3 3 4 3 3 3 6 3 7 3 ,1 3 6 3 0 6 q6 q2 6 6 6 4 6 2 6 3 6 4 6 3. 3 0 q0 7 ,,1 ,6 - - ,3
,3 ,3. ,3 ,4 ,3 ,6 1 - - ,7 ,7 ,7. ,,1 x ,5 ,5 ,6 ,7 ,6 - ,3 ,3 ,3. ,3 ,3 ,6 ,1 2 2 - - 2 2 q3 4 4. 3 2 ,1 2
3 - - ,3 ,3. 3 - - ,7 ,,1 7 ,6 ,5 5. 5 5 4 3 4 2 3 4 4 4 5 6. 3 - 4 3 2. ,6 1 2 1 ,3 ,3 3 3 3
,1 ,1 ,6 ,5. q,5 1 - - ,7 1 2 2. 2 1 2 ,6. 6 2 - - 2 3 4 4. 4 3 4 5 - - ,5. 5 4 4. q4 q3 q3. 1 - -
,5 4 4. 4 4 0 3 3. - - - 1 - -
%END
