%烦恼歌钢琴.txt
% 出处 https://www.jianpujia.com/
title=烦恼歌钢琴
tag=
usertag=
tagroute=
transcriber=jianpu2-auto
status=ocr
source=jianpujia-246997
todo=refine the filename
%--
4/4
subtitle=score
x 2 1 x 0 6 0 1 7 1 7 7 5. 1 1 1 1 6 1 1 1 1 6 1 1 1 1 6 3 2 1 6 6 7 1 6 6 7 1 -
- 0 0 - - - - - - - - - - - - - - - - - - - - 2 2 2 2 2 2 2 2 3 3 3 3 3 3 3 3 3
3 3 3 3 3 3 3 5 5 5 5 6 6 6 6 6 6 6 6 7 7 7 7 7 7 7 7 7 7 7 7 0 0 7 7 7 7 2 2 2
2 x 2 5 x 1 1 1 1 1 2 7. 5 6 7 7 7 1 6. 6 5 4 5 6 7 7 7 1 7 3 1 1 2 3 1 1 2 1 - -
- 0 0 - - - - - - - - 0 - - - - - - - 3 3 3 3 2 2 2 2 2 2 2 2 1 1 1 1 3 3 3 3 2
2 2 2 3 3 3 3 5 5 5 5 7 7 7 7 6 6 6 6 6 6 6 6 5 5 5 5 7 7 7 7 6 6 6 6 7 7 7 7 2
2 2 2 x - - - - - - - - - - - - - - - - x 2 x 3 3 3 3 3 4 2. 7 1 2 2 2 2 2 3 1. 1
7 6 7 1 3 3 3 4 3 4 2 2 3 4 2 2 3 1 - - - - - - - - - - 0 - - - - - - - - - - 3
3 3 3 2 2 2 2 2 2 2 2 1 1 1 1 1 1 1 1 2 2 2 2 5 5 5 5 6 6 6 6 7 7 7 7 6 6 6 6 6
6 6 6 5 5 5 5 5 5 5 5 6 6 6 6 2 2 2 2 3 3 3 3 x 0 - - 0 - 0 0 0 0 0 - - 0 - - 0
x 3 3 x 4 4 5 3. 1 2 3 3 3 3 3 4 2. ,7 1 2 4 5 4 4. 3 2. 1 2 1 ,7 4 5 5 5 5 3 3 3 3 3
3 3 3 2 2 2 2 1 1 1 1 2 2 2 2 5 5 5 5 5 5 5 5 2 2 2 2 7 7 7 7 7 7 7 7 6 6 6 6 5
5 5 5 6 6 6 6 2 2 2 2 2 2 2 2 1 0 - - 0 - 0 0 0 0 0 - - 0 - - 0 x 3 7 3. 2 1. 7 1
7 ,6. 2. 1 ,7. 6 7 6 ,5 2 1. 2 1. 2 4 1 4 4 5 4 4. 3 2. 1 2 1 ,7 4 3 3 3 3 3 3 3 3 2 2 2 2
2 2 2 2 3 3 3 3 3 3 3 3 5 5 5 5 5 5 5 5 7 7 7 7 7 7 7 7 6 6 6 6 6 6 6 6 7 7 7 7
7 7 7 7 2 2 2 2 2 2 2 2 x - - - - - - - - - - - - - - - - x 4 1 3. 2 1. 7 1 7 ,6. 2.
1 ,7. 6 7 6 ,5 2 1. 2 1. 2 1 1 4 4 5 4 4. 3 2. 1 2 1 ,7 4 3 3 3 3 3 3 3 3 2 2 2 2 2 2 2
2 3 3 3 3 3 3 3 3 5 5 5 5 5 5 5 5 7 7 7 7 7 7 7 7 6 6 6 6 6 6 6 6 7 7 7 7 7 7 7
7 2 2 2 2 2 2 2 2 1 - - - - - - - - - - - - - - - -
%END
