%热天热地热太阳.txt
% 出处 http://www.jianpu.cn/
title=热天热地热太阳
tag=刘欢
usertag=刘欢
tagroute=
transcriber=jianpu2-auto
status=ocr
source=jianpucn-119925
%--
2/4
subtitle=score
6 ,1' 7 5 6 3 6 7 ,1' 3' x 6 6 7 5 6 6 6 7 5 6 0 5 5 5 6 5 5 2 3 3 3 6 6 7 5 6 3 6 6
7 5 6 0 5 5 6 6 5 5 2 3 3 3 2 2 5 3 2 6 2 2 5 3 2 0 1 1 ,1 1 ,1 ,1 2 3 1 ,1 1 2 1 ,1
7 6 ,6 ,6 1 1 q1 2 2 5 3 2 ,6 2 5 5 3 2 0 1 ,1 1 ,1 ,1 2 3 ,1 2 ,1 7 6 6 6. 0 x 4 4. 7 7 7.
3 3' - x 6 7 1' 1 1' 1 7 6 5 6 5 3 3 - 6 7 2' ,1' 7 6 5 6 5 3 3 2 2 3 4 6 3 3' 2' 2 2' 2
4 4 4 6 6 1 1 2' 1 ,1' 1' 7 6 3 4 5 6 7 7 x 7 - ,1 1' ,3' ,1' 1 ,1' ,1' 5 6 2 2' ,1' 1 ,1' ,1' 6 5 6
6 6 ,1' ,1' 2' 2' ,1' ,1' 7 7 7 6 6 1 5 5 7' 5 5 5 5 2 3 5 6 5 5 2 5 3 ,1 5 7 6 5 4 3 3. 3'. 2'
6 ,1' 2' ,1' 7 6 7 6 5 7 0 3 5 ,1' q,1' 5 6 ,1' ,1' ,1' 5 6 q,1' 2' ,1' s7 6 5 5 5 2 s3 q5 5 q5 q2 q3 5 6 5
4 3 6 7 ,1' ,1' 6 6 6 2' 2' 0 ,1' ,1' 6 2' 3' 3' 7 1 7 - 3' 3' - 3' - 3' - 3' - 3' - 3' 3' 0 1
%END
