%燕归巢钢琴.txt
% 出处 https://www.jianpujia.com/
title=燕归巢钢琴
tag=许嵩,分类/钢琴谱
usertag=许嵩,分类/钢琴谱
tagroute=
transcriber=jianpu2-auto
status=ocr
source=jianpujia-150162
todo=refine the filename
%--
4/4
subtitle=score
0 2 3 6 2 1 6 2. 2 1 1 1 1 5 3. 0 6. 6. 2. 1. 3. 0 2. 2. 3. 3. 0 6 7 3 6 3 6. 2 4 6 1 6 4 1
4 1 3 7 3 3 7 x - - - - - - - 0 5 3 5 6 5 3 6. 6. 6 5 6 5 3 2 3. 1. 1. 2. 7. 5. 5. 5'. 7. 6.
3. 6. 3. 7. 7. 5. 5. 3. 5. 3. 3. 3. 4 1 3 6 1 4 2 5 7. 3 7 3 5 0 1 - - - - - 3. 3 2 1 2 1 6 2.
2 2 2 2 1 6 2 3 0 6. 6. 5. 5. x 3. 3. 4. 2. 2. 2. 3. 1. 1. 2. ,6. ,7. ,7. 1. 2 5 2 6 3 6 1. 2 4 6 2 6
5 2 5 7 2 1 5 1 0 5 1 - - - - - - - 0 5 3 5 6 5 3 6. 6 7 7 6 5 2 2 3 3. 1. 1. 2. 2. 7.
7. 3 6 5 1 6. 5. 6. 3. 6. 3. 7. 5. 7. 5. 5. 3. 5. 3. 1 5 1. 4 1 4 6 4 4 2 5 7 5 2 3 2 3 5 2 7 1
- - - 0 - - -
%END