%爱你没差钢琴.txt
% 出处 https://www.jianpujia.com/
title=爱你没差钢琴
tag=分类/钢琴谱
usertag=分类/钢琴谱
tagroute=
transcriber=jianpu2-auto
status=ocr
source=jianpujia-253042
%--
4/4
subtitle=score
x q4 5 2 6 3 1 3 6 5 6 3 5 4 5 5 4 3 2 4 3 2 1 7 1 7 - 0 1 6 4 ,6 ,1 ,1 ,6 ,5 1 ,5 1 q,3
q,7 ,7 ,5 ,6 ,3 1 q,2 q,6 ,4 ,5 1 ,5 1 1 - 1. 1 5 1 4 1 4 1 4 1 4 1 3 7 3 7 6 3 6 3 2 6 2 6 4
1 4 1 x - - 0 - 0 0 0 0 0 - - 0 - - 0 5. 2 - 0 1 7 6 7 1 5 0 1 7 6 7 1 5 0 0 0 3
4 3 5 - 0 5 2 5 6 3 6 1 1 - 4 4 1 4 4 - 5 5 2 4 4 - x - - - - - - - - 3 1 5 2 1
1 1 7 6 7 1 5 0 1 7 6 5 6 3 3 2. 0 2 3 4 1 5 1 5 7 5 2 5 6 3 6 1 1 - 4 4 1 4 4 -
5 5 7 2 2 - x - - - - - - - - 0 - x 5 7 x 4 3 2 3 3 7 7 1 0 1 7 1 1 7 1 7 5 7 7
1 1 0 1 7 1 1 7 1 7 5 7 7 1 1 0 1 7 1 1 7 1 7 2 7 7 1 1 x 4 5 6 2 2 3 3 1 4 4 4
4 4 2 5 5 5 5 5 3 6 6 6 6 6 2 6 6 6 3 7 7 7 4 4 4 4 4 4 4 4 5 5 5 5 5 5 5 5 6 6
6 6 6 6 6 6 1 - - - - - - - - - - - - - - - - x 6 1 x 0 7 1 7 1 1 2 3 3 1. 0 1 7
1 1 7 1 7 5 7 7 1 1 0 1 7 1 1 7 1 7 5 7 7 1 1 2 - - 1 2 ,3 ,6 ,6 ,6 ,6 ,6 ,1 ,4 ,4 ,4 ,4 ,4
,2 ,5 ,5 ,5 ,5 ,5 q,6 ,2 ,2 ,2 ,2 ,2 6 6 6 6 6 6 6 6 4 4 4 4 4 4 4 4 5 5 5 5 5 5 5 5 2 2 2 2
2 2 2 2 x - - - - - - - - - - - - - - - - 3 4 3 2 2 7 2 2 1 3 0 5 2 2 1 3 0 4 3
3 3 6 7 1 2 3 6 x 7 7 5 4 5 1 1 1 1 4. 4 7 7 4 7 6 3 3 5 - 0 5 2 5 1 1 5 1 0 1 5
1 7 7 4 7 7 7 4 7 6 6 1 6 0 6 1 6 x - - - - - - - - - - - - - -
%END
