%爱你一万年_3.txt
% 出处 https://www.jianpujia.com/
title=爱你一万年
tag=
usertag=
tagroute=
transcriber=jianpu2-auto
status=ocr
source=jianpujia-251340
%--
4/4
subtitle=score
0 1 6 6 - 0 0 2 2 2 3 4 5 - 0 1 7 1 6 - 0 1 1 2 1 1 1 2 2 2 ,7 1 1 1 1 1 6 6 6 6
6 6 5 6 6 6 6 4 4 4 4 2 4 4 4 3 3 6 3 4 4 4 4 1 1 1 1 x 2 1 x 2 - - - 0 3 1 2 3
2 1 7 6 6 - - 0 3 1 2 3 5 qx 4 4 4 1 1 1 1 1 1 1 1 1 1 7 7 7 5 5 5 6 6 6 5 5 5 5
5 5 5 1 3 3 3 4 4 4 4 1 3 3 3 x 1 1 1 x 2 5 1. 2 2 - 0 1 6 7 1 2 2 1 7 6 0 6 4 3
2 0 1 3 2 x 1 4 1 1 1 1 1 1 2 2 2 1 6 7 6 6 6 6 6 6 6 6 6 4 4 5 5 6 3 3 3 4 4 4
4 2 4 4 4 x 1 1 1 x 2 2 - 1 7 6 7. 1 - - - 0 2 5 1 6. 4 5 - - - 4 4 4 1 1 1 1 2 2
2 2 7 7 7 5 5 5 5 6 6 6 6 ,5 ,5 ,5 ,5 ,1 ,3 ,3 ,3 ,5 2. ,2 ,6 ,4 ,2 ,5 ,5 ,5 0 2 5 1 6 - 6 0 2 6
2 1 - - - 0 3 1 2 3 5 2. ,5 2 1 6 ,6 2 4 6 ,6 2 4 ,6 2 4 2 ,6 4 1 3 5 1 3 5 1 5 3 1 1
3 5 1 3 5 1 3 5 1 x 1 1 1
%END
