%爱人就是我.txt
% 出处 http://www.jianpu.cn/
title=爱人就是我
tag=邓丽君
usertag=邓丽君
tagroute=
transcriber=jianpu2-auto
status=ocr
source=jianpucn-209782
%--
4/4
subtitle=score
,6 ,6 1 ,6 1 ,1 2 3 ,6 ,6 1 ,6 ,1 ,1 2 3 1 ,6 1 1 1 1 ,6 1 ,1 2 3 1 ,6 q1 1 2 3 ,6 ,6 1 ,6 1 1 2
3 ,6 ,6 1 ,6 1 1 2 3 ,6 ,6 ,1 ,6 1 1 2 3 5 - 4 - 5 - 4 - 5 - 4 - 5 - 4 - 5 - 5 6 5 3 q4
6 7 5 7 6 4 5 6. - - 0 5 6 0 0 ,6 ,6 1 3 2 1 3 3 2 ,1 3. 0 q6 6 1 3 2 1 2 2 ,1 5 q,6 0 ,6
q,6 1 3 2 1 3 3 2 1 3 0 ,6 ,6 1 3 2 1 2 2 q1 q5 6 0 3 5 3 5 6 5 6 6 5 6 1 6 - 5 q6 5 6
5 3 2 2 s1 q2 q5 3 ,6 ,6 1 3 2 ,1 3 3 2 1 3' 0 ,6 ,6 1 3 2 1 2 2 1 ,5 ,6 0 1 x 6 1 ,1 1 2 3
,6 ,6 1 1 ,6 1 1 1 2 3 ,6 ,6 ,6 q1 1 ,6 q1 q1 q2 q2 3 ,6 ,6 1 ,6 1 1 2 3 5 - 3. 5 7 q5 7 6 4 3 2
3 0 0 2 3 3 0 0 x. 0 x 3 - 2 3 2' ,7 1 2 q1 ,1 ,,7 ,5. ,6 - ,5 ,6. ,5. - 3 ,1 ,7 1 1 2 3 5 3 5 0
6 2 1 2 1 1 3 ,1. 0 ,5 ,6 1 ,6 1 2 1 2 3 2 3 5 6 5 3 x x 5' q4 - 2' 3' 3'. 5'. 4' - 2' - 3' 3' 3
6' 0 0 0 0
%END