%爱你没差.txt
% 出处 https://www.jianpujia.com/
title=爱你没差
tag=
usertag=
tagroute=
transcriber=jianpu2-auto
status=ocr
source=jianpujia-109089
%--
4/4
subtitle=score
q1 - - 4 qx - - x x. x x 1 0 6 0 0 3 6 3. 7. 6. 0 7 3 1 5. 3. 2. 1. 0 x x 5 6 3 5. 5'. 1. 3. 0
5 6 0 0 0 0 4 1 3 3 - 4 2 3 3 - 3 1 3 3 - 2 ,3 6 2 5 5 7 5 2 6 3 1 7 5 3 5 3 1 2'
1 2 2 3 4 1 7 1 2' 1 1 1 2 3 1 7 2 5 1 4 - 4 3 2 1 6 3 1 3 5 3 1 3 4 2 4 6 4 1 4
5 3 1 3 5 6 3 7 3 2 6 2 4 4 - 1 - 0 0 - - 0 - - - 0 - - - - x x x 3. 4 ,6. 2 3 ,7 -
0 1 7 6 7 1 5 0 1 7 6 7 1 5 0 0 0 3 4 3 5 5 2 5 5 7 6 3 6 1 1 - 4 4 1 4 4 - 5 5
2 4 4 - 1 - - - - - - - - 3 1 5 2 1 1 1 7 6 7 1 5 0 1 7 6 5 6 3 3 2. 0 2 3 4 1 5
1 5 7 5 2 5 6 3 6 1 1 - 4 4 1 4 4 - 5 5 7 2 2 - x 1 7 x 4 3 2 3 3 7 7 1 0 1 7 1
1 7 1 7 5 7 7 1 1 0 1 7 1 1 7 1 7 5 7 7 1 1 0 1 7 1 1 7 1 7 2 7 7 1 1 x 4 5 6 2
2 3 3 1 4 4 4 4 4 2 5 5 5 5 5 3 6 6 6 6 6 ,2 ,6 ,6 ,6 ,3 ,7 ,7 ,7 ,4 ,4 ,4 ,4 ,4 ,4 ,4 ,4 ,5 ,5 ,5
,5 ,5 ,5 ,5 ,5 ,6 ,6 ,6 ,6 ,6 ,6 ,6 ,6
%END
