%爱不够的黄山.txt
% 出处 https://www.qupu123.com/
title=爱不够的黄山
tag=
usertag=
tagroute=
transcriber=jianpu2-auto
status=ocr
source=qupu123-311042
%--
2/4
subtitle=score
3 1 4 4 5 5 ,1' 1 1 7 6 7 6 3 6. 5 5 5. 1 6 5 5 4 4 3 3 0 2 2 2. 2 2 1 1 2 1 x' 3 4 5
,1 4 5 6 ,1 7. 6 6 6. 1 1 6 7 ,1 2. 2 2 6 7. 6 ~ 6 5 5 6 7 ,1 4 4. 5 6 7 3 - 4 5 6 6 6 -
7. ~ 7 6 5 5 ,1 2 3 3 2 ,1 7 3 7 6 5 6 1 7 1 5 2 ,1 1 5 3. 2 ,,1 3 6 4. 4 3 6 3 4 2. 7. 7
5 3 4 5 6 7 7 6 5 2 - 5 3. 2' ,,1' 4'. 4' 3' 6 4' 2'. 7. 7 5 3 4 5 0 ,7' 1 7 ,5 4 3. 2 1 1 1 7 7
5 5' 5 2 4 3 2 1' 1 1' 1 0
%END
