%爱得比你深.txt
% 出处 http://www.jianpu.cn/
title=爱得比你深
tag=张学友
usertag=张学友
tagroute=
transcriber=jianpu2-auto
status=ocr
source=jianpucn-89840
%--
4/4
subtitle=score
6 ,,6 1 2 3 - - 0 5 3 3 6. 6 5 3 3 0 2 1 ,6 0 5 5 5 5 q2 q1 q,,,6 ,,5 ,5 ,6 ,6 ,6 - 0 6 6 6 6 6
0 6 6 6 2' 3' 6 0 5'. 3' 2' 3' ,1' 6 - q1' ,6 1 3 s,6 q,,,6 ,6 5 3 6 x 0 3 3 2 3 3 2 1 ,,6 0 2 2 2 q2
2 q1 3 2 2 - - 0 2 2 2 1 2 3 2 0 1 ,1 q,,6 1 ,6 q,,6 ,6. ,,5 1 ,,,1 ,,,6 ,6 0 3 3 5 3 3 3 2 1 0 2 2
2 3 2 2 - 0 2 2 2 1 2 3 2. 1 q1 ,,,6 1 q,,6 1 ,6 q,6 q,6 q,,,5 q1 ,6 - ,,6 q,,,7 1 - 1 2 3 1 1 2 2 2 3 1
q,,6 q1 q,,,6 1 2 3 3 ,,,7 1 1 2 3 1 2 2 2 1 ,6 ,1 ,,,6 1 2 1 q1 ,,6 ~ ,6 - x 6 1 2 1 q,6 q,1 ,6 1 2 2 1
2 3 2 1 2 q1 q,6 2 1 ,6 q,6 ,6 2. 3. - 5 6 6 1 2 5 6 0 5 ~ 5 6 6 5 6 5 x 3 x 5 1' 6 5 6 6
x 7 5 6 0 5 5 6 6 5 6 5 5 5 5 5 5 5 3 5 6 5 6 6 5 6 0 1' 1' 6 6 5 6 5 5 5 5 5 5 3
5 6 5 6 6 5 6 0 ,6 6 5 6 5 5 5 5 5 5 5 2. - - - 5 0 5 3 5 6 - 6 - - 5 - 6 - 0 ,,3 q,5
q,,6 q1 2 1 3 5 5 2 1 2 1 2 3 5 1 x 0 5 6 5 6 1 2 q2 ,1 3
%END