%爱永远美丽你.txt
% 出处 https://www.qupu123.com/
title=爱永远美丽你
tag=
usertag=
tagroute=
transcriber=jianpu2-auto
status=ocr
source=qupu123-311044
%--
2/4
subtitle=score
1 x 1 4 0 x x x x x 1 1 5 ,5 1 ,5 3 q1 ,5 5 3 1 2 1 ,4 ,5 1 ,5 3 1 ,6 6 5 5 ,5 1 ,5 3 ,1 ,5
7 x 5 3 1 3 1 ,5 ,7 ,3 ,5 3 1 1 ,5 2 0 1 ,1 ,5 ,3 3 ,5 ,3 ,3 1 0 5 5 5 3. 3 1 2 ,1 2 ,5 - ,5 0
,5 ,1 2. 2 1 5 2 ,1 3 - 3 3 5 3 5 6. 6 1 5 6 2 1. 1 0 5 6 ,1 2 3 2 1 ,1 5. 3 2 2 - 2 0 5.
6. 6 5 5 0 5 1'. 6 6. 5 6 5 3 0 5 1'. 0 6. 5 6 5 0 2 1 2. 2 5 6 7 - 7 - ,1' ,1' ,1' ,1' 6 5 5 3
0 1' 1' 1' 1' 6 5 6 5 3 0 1' 1' 6 5 0 6 5 6. 5 6 5 5 ,6 ,6 ,5 0 3 3 0 2 2 0 5 5 - 6 6 ,5 0
2 0 0 3 2 3 ,5. 6 1 1 - 1
%END
