%爱情陷井.txt
% 出处 https://www.qupu123.com/
title=爱情陷井
tag=分类/通俗歌曲
usertag=分类/通俗歌曲
tagroute=
transcriber=jianpu2-auto
status=ocr
source=qupu123-305417
%--
4/4
subtitle=score
x ,,,6 1 5 3 2 3 - - ,6 1 5 3 2 3 q,6 1 5 3 ,7 ,6 1 5 3 ,3 3 - - ,6 1 q5 3 2 3. ,6 1 5 3 ,3 ,,5
,6 0 6 6 3 5 5 5 3 6 6 3 5 0 0 0 6 6 5 5 0 ,5 - - x 3 ~ 3 3 3 3 3 0 3 4 ,5 4 3 0 3
3 3 3 3 ~ 3 3 3 3 4 5 4 3 0 4. ,4 4. 4. 4 4 0 6 6 6 6 6 5 4 3 3 0 0 0 4. 3 0 3 3 3 3
3 3 3 3 ,3 3 4 5 4 3 0 3 3 3 3 3 ,3 3 3 3 3 4 5 4 3 0 4 4 4 4 4 4 4 4 4 3 3 3 3 3
2 1 ,,,7 ,6 - 0 0 0 6 6 6 6 5 5 0 6 6 6 6 5 5 0 4 4 4 4 3 3 3 0 0 0 0 0 4 4 4 4 4 5
5 5 5 5 5 - - - 0 7 7 6 6 1' 0 1' 7 6 6 7. 0 1' 7 7 4 4 0 5 q5 5 5 5 5 ,7 7 7 7 7 7 -
6 7 7 - - - 0 1' - 7 7 6 ,6 0 1' 1' 7 6 6 7. 0 1' 7 7 4 4 0 7 0 0 0 1' 0 0 0 2' 2' 7 7 -
- 0 1' 1' 7 7 0 1' 7. 7 0 7. 7 0 7 6 5. 6 6 - 6. 0 0 0
%END
