%爱拼才会赢.txt
% 出处 https://www.qupu123.com/
title=爱拼才会赢
tag=分类/记谱
usertag=分类/记谱
tagroute=
transcriber=jianpu2-auto
status=ocr
source=qupu123-380357
%--
4/4
subtitle=score
1 - - q1 q4 x. - 0 0 x x x 5 5. 6 1 2 3. 6 5 5 6 5 3. 2 1 3 2 3 5. 3 2 6 7 1 2 3 3 2 3
2 1. 6 1 2 2 2 1 6 5 6 5. 3 2 1 2 1 6 1 - - 5 5 6 0 s3' s2 s1 s6 5 - 0 s5 s3 s2 s1 2 - 1. 6
5 6 1 6 5 3 - - 3 3 5 6. 1 5 3 3 2 1 2 - - 1 2 - - - - - - - - - - - 0 0 q0 s3' s2' q1'
q6 0 0 q0 q0 q1' s6 s6 5 0 0 2 5 6 5 1 2 3 3 2 3 2 1 2 1 2 1 6 2 2 2 1 6 5 - 6 5 5 1 6
5 1 3 2 - - 1 2 3. 5 5 3 1 7 6. 6 6 1 2 3 3. 2 1 5 1 2 3 2 1 2 3 5 6 5 3 2 - 0 2 3
5 6 5 3 5 - 2 - - 0 3 2 1 0 2 1 6 0 2 6 1 6 1 1 6 5 3 5 - - - 0 6 6 6 3 2 0 5 6
1 7 6 6 - 3 3 3 3 2 2. 2 1 6. 3 2 1 2 1 6 1 - - - x 3. 2 3 - 5 3 2 1 2 6 5. 3 2 1 6
5 5 6 x 5 5. 6 1 2 3 0 6 5 5 x 6 5 3 - 2 1 2 1 6 1 - - - - - - - - - -
%END