%爱是这样甜.txt
% 出处 https://www.qupu123.com/
title=爱是这样甜
tag=分类/通俗歌曲
usertag=分类/通俗歌曲
tagroute=
transcriber=jianpu2-auto
status=ocr
source=qupu123-305331
%--
4/4
subtitle=score
1' x' x 2' ,2' 7. ,1' 7 6 4 1 6 5. 6 5 4 5 6 1' 7 2' x x x' 1' 1. 1. 1. 1' 1'. ,1' 1 5 1' 7. 7 6 4 1 1
5 5 2 2 5 2 2 2 2 1 2 1 3 5 0 1 3' 5 - 7. 1' 7 6 4 1 5 5 2 3 2 5 2 2 2 3 2 1 0 3 3
5 3 2 5 5 0 1 1 1. 1 ,1 5 5 3 3 3 5 2 5 5 0 5 6 7 1' 3' 2' 1' - 0 1 3 5 7. ,1' ,1' s7 6 4 1
6 5 2 2 3 5 2 0 0 4 4 3 2 1 0 3 5 3 q1. ,2 5 5 0 1' 1' 6 5 5 3 3 5 2 5. 5 0 5 6 7 1' 2'
- 1. x' 2'. 1' 1' 2. 2' 7. 1' 7 6 4 7 2' 1' 0
%END
