%爱拼才会赢_4.txt
% 出处 https://www.qupu123.com/
title=爱拼才会赢
tag=
usertag=
tagroute=
transcriber=jianpu2-auto
status=ocr
source=qupu123-378877
%--
4/4
subtitle=score
1 - - 1 4 x x x 0 1 ,,1' x 0 qx' x 3 ,1' ,1' - 5 5. 6 1 2 3 - 6 5 3. 2 1 3 2 3 5. 3 2 3 3 2
3 2 1. 6 1 2 2 2 1 6 5 6' 6 5. 3 2 1 2 1 6 1 5 5 6 1. 6 5 6 1 6 5 3 3 3 5 6. 6 5 3 3
2 1 2 1 2 3 3 2 3 2 1 2 1 6 2 2 2 1 6 5 6 5 5 1 6 5 1 3 2 1 2 3. 5 5 3 1 7 6. 5 6
1 2 3 - 3. 2 1 5 1 2 3 - 2 0 3 2 1 0 2 1 6 0 2 6 1 1 1 6 5 3 - 5 5 6 1 7 6 3 3 3
3 2. 2 1 6. 3 2 1 2 1 6 1 3. 2 3 5 3 2 3 2 1 2 6' 6 5. 3 2 1 6 6' 1 5 5 6. 5 5. 6 1 2 3
0 6 5 5 6 5 3 2 1 2 1 6 1
%END
