%爱情的重量.txt
% 出处 http://www.jianpu.cn/
title=爱情的重量
tag=
usertag=
tagroute=
transcriber=jianpu2-auto
status=ocr
source=jianpucn-89259
todo=add tags
%--
4/4
subtitle=score
0 0 5' 5 1' 2' 3' 2' 3' 3' 3' 0 4' 3' 2' 7 2' 2' 2' - 5' 4' 4' 3' 2' ,1' q3' 3' 3' - q4. 3' 2' ,1' 2'. 1 7. 7. 1' 4
- x 1 ,5 5 ,5 6 ,1 2 ~ 2 3 - 2 ,1 7 1 7 ,6 ,7 ~ ,7 ~ 7 0 0 ,3 ,6 ,6 ,7 1 ,1 1 1 ,7 ,6 0 q2 q2 q2
2 ,1 ,7 ,6 x 5 3 2 1 2 2 - - 0 5 3 6 3 3 2 2 0 ,5 ,1 2 3 2 ,1 3 3 2 ,1 3 3 0 0 1 2 3 6
5 3 6 q6 5 3 5 5 - 0 3 5 6 ,1' 6 q5 ,1 q1' 6 5 6 6 6 0 5 3 2 q1 ,5 ,6 3 6 3 4 3 2 2 0 ,5 ,1
2 3 2 ,1 3 3 2 ,1 3 3 0 ,1 2 3 6 5 3 6 6 5 3 7 7 7 - - 0 0 6 3 2 2 ,1 1 2 3 1 - - 0
3 3 3 4 3 3 1 1 - 0 3 3 5 5 5 4 4 3 ,1 2. ,1 2. ,1 2 1 - 0 1
%END