%爱的太迟钢琴_2.txt
% 出处 https://www.jianpujia.com/
title=爱的太迟钢琴
tag=
usertag=
tagroute=
transcriber=jianpu2-auto
status=ocr
source=jianpujia-112183
%--
4/4
subtitle=score
1 1 1 1 5 5 3 6. 1 6 7 1 1 1 5 5 5 5 7 1 1 1 5 5 5 5 7 1 6 6 5 6 6. 6 5 6 5 6 q7 2
q,6 ,3 ,6 ,1 q,4 ,1 ,4 ,6 q,6 ,3 ,6 ,1 ,1 ,5 ,1 ,3 q,4 ,1 ,4 ,6 q,5 ,2 ,5 ,1 2 2 5 x 3 7 1 2 3 2 1 7 6. 6 7 1
7 6 5 5 - 0 1 1 1 2 3 3. 2 1 7 1 1 - - - - - - - - - - - - - - - - - x 5 1 - 5 -
4 1 4 1 5 - 1 5 1 3 5 2 5 2 x - - - - - - x 2 5 x x 0 1 1 1 2 1 7. 7 1 7 6 0 6 6
6 5 4 5. 3 1 2 3 4 0 4 1 6 2 - - - - - - - - - - - - - - - - - - 0 q6 3 6 1 q5 2 5
7 4 1 4 6 1 5 1 3 2 6 2 4 q5 2 5 7 x 2 x 5. 3. 6 6 5. x 0 3 3 3 4 5 3. 4 3 2 1 0 1 1
1 2 3 1. 2 1 7 6 0 6 4 4 5 4 3. 3 1 2 3 4 - - - - - - - - - - - - - - - - - - - -
- - - - 1 5 1 3 5 2 5 2 6 3 6 1 5 2 5 7 4 1 4 6 1 5 1 3 3 1 5 5. 3. 2. 6'. 4. 0 4 3 4
5 2 2. 5 6 5 1. 5 6 5 q7. 2 3 2 1 1 1 1 5 5 3 1. 1 6 7 1 1 2 6 2 4 q5 2 5 7 1 5 1 3 q5
2 5 2 q6 3 6 1 4 1 4 6 x 3 4 x 3. x 1 1 1 1 1 2 3 5 5. 3 5 4 3 4 4 4 4 3 4 5 6 5 5.
5 6 5 x 5. 5 6 5 3 2. 2 3 2 6 3 6 1 3 7 3 5 4 1 4 6 5 2 5 7 1 5 1 3 5 2 5 2 1 1 1
1 5 5 3 6. 1 6 7 1 1 1 5 5 5 5 7 1 1 1 5 5 5 5 7 1 6 6 5 6 6. 6 5 6 5 6 5 1 7 1 q,6
,3 ,6 ,1 q,4 ,1 ,4 ,6 q,6 ,3 ,6 ,1 ,1 ,5 ,1 ,3 q,4 ,1 ,4 ,6 q,5 ,2 ,5 ,1
%END
