%爱的代价.txt
% 出处 https://www.qupu123.com/
title=爱的代价
tag=
usertag=
tagroute=
transcriber=jianpu2-auto
status=ocr
source=qupu123-378938
%--
4/4
subtitle=score
qx - - 1 2 0 0 1 1 2 3 5 5. 0 5 3 5' 5' 6 7 1 1 1' 1 7 3 5 0 6 7 1 1 1 1 7 6 5 0 5 3
2 1 2 0 2 1 1 3 2 0 3 5 1 1 1 1 1 2 3 5 5 0 6 7 1. 1 1 7 3 5 0 6 7 1 1 1 1 7 6 5
0 5 3 2 1 2 0 2 2 3 6 6 1 1 1 0 0 0 0 1 1 0 0 1 5 0 0 1 1 1' 1 1' 1' 7 1 5 0 1 1 0
0 1 5 0 1 1 2 2 2 2 2 1 2 3 2 0 1 1 0 0 1 5 0 0 1 1' 1 1' 1 1' 7 1 5 0 1 1 1 1' 1' 1'
1. 1 5 5 5 0 3 2 1 2 3 2 1 1 0 0 0 1 1 2 1
%END
