%爸爸你怎么还没回家.txt
% 出处 https://www.qupu123.com/
title=爸爸你怎么还没回家
tag=分类/通俗歌曲
usertag=分类/通俗歌曲
tagroute=
transcriber=jianpu2-auto
status=ocr
source=qupu123-311035
%--
4/4
subtitle=score
1 - - x x x x x 1 x x 1 x' 1 2' 5. 5 6 5' 3' 2' - 2' - 2' 6. 1 2' 1' 6 5 5 - 5 6 5 6 1' 2 6
5 0 2 4 5 - 5 - x 2 ,5 ,6 2 2 - ,1 2 3 2 2 - 0 6 1 2 ,1 ,6 ~ 6 - 2 6 7'. 5 ,4 4 5 ,6 ,6 1
2 1 2 1 ,1 6 ,1 2 1 6 5 ,4 5 ,6. 6 2 2 5 5 4 4 5 6 5 2 2 - 5. 5 1 1 1 1 2 2 ,1 2 0 ,6 ,5
6 7 ,6 6 ,5 2 ,5 q,6 7 6 ,5. ,5 6 7 q6 q,6 ,5 2 q,5 q,6 7 ,6 ,5. 2 4 2 4 5 6 5 - 6 2 4 5 6 5. 4 3 2.
2 ,1 ,6. 6 6 ,5. 6 ,1 2 3 2 0 2 5 6 5 1' 5 - 5 - x 5 - 0 - 6 2 4 5 6 5. 4 3 2. 2 1 0 0 6
,5. 6 ,1 2 3 2 2 5 6 5 5 - 5 - 0 0 0 x
%END
