%特别的人.txt
% 出处 https://www.jianpujia.com/
title=特别的人
tag=
usertag=
tagroute=
transcriber=jianpu2-auto
status=ocr
source=jianpujia-250123
%--
4/4
subtitle=score
q1 - - 1 4 q1 - - 7 2 q1 x. 0 3 2 1 3 ~ 3 3 2 1 2 2 5. 5 5 0 5 3 2 1 2 2 6. 6. 1 7 6 5
4 4. 3 ~ 3 3 3 3 3 ,1 ,1 ,1 ,1 q,7 q,2 ,1 ,1 ,1 ,1 ,4 ,2 ,1 ,1 q,3 q,7 6 - 6 - 5 - 6 - 6 - 7 - 5 - 5
- 1 1 1 1 x 5 x 4 3 2 1 3 - 2 2 2 2 2 5 1 1. 2 3 4 3 1 6 1. 1 2 4 3 1 6 1 2 ,1 ,1 ,1
,1 q,2' q,7 ,1' ,1 ,1 ,1 ,1 ,1 ,2 ,4 ,4 ,2 6 - 6 - 5 - 6 - 6 - 6 7 7 - 1 1 x 1 x x 0 3 2 1 3 3 3
2 1 2 2 5. 5 5 0 5 3 2 1 2 2 6. 6. 1 7 6 5 4 4. 3 3 3' 3 3 3 3 4 1 4 6 1 4 3 7 3 6 3
6 2 6 2 5 2 5 1 5 1 2 3 1 x - - - - - - - - x 1 3 x 4 3 3 6 3 2 3 2. 5 5 2 1. 1 2
3 6 3 3 2 3 2 3 6 5 - 0 5 6 1 x 4 4 4 4 5 ,2 ,2 ,2 ,2 ,2 4 1 4 6 1 4 3 7 3 6 3 6 2 6
2 3 4 2 7 7 7 7 7 - 2. 3 3 0 5 3 2 3 - - 5 3 2 3 5 3 2 3 5 3 2 3 1 1 6 2 5 6 1 1
5 1 5 3 7 3 7 6 3 6 3 5 2 5 2 4 1 4 1 3 7 3 7 2 6 2 6 5 2 5 2 x - - - - - - - -
- - - - - - - - x 2 1 x 2. 3 3 - 5 3 2 3 - - 5 3 2 3 3 3 3 4 3. 1 1 5 3 3 3 4 3 2
1 1 6 1 5 1 5 3 7 3 7 6 3 6 3 5 2 5 2 4 1 4 1 3 7 3 7 3 7 3 7 6 3 6 3 x - - - -
- - - - - - - - - - - - 2. 0 5 5 3 3 3 4 3 2 1 1 5 1 2 1 1 - - - x 5 1 3 2 6 2 3
4 2 5 2 5 6 7 5 1 - - - 1 0 - - - 1
%END
