%独上西楼_2.txt
% 出处 https://www.jianpujia.com/
title=独上西楼
tag=
usertag=
tagroute=
transcriber=jianpu2-auto
status=ocr
source=jianpujia-74083
%--
4/4
subtitle=score
5 1' 1' 7 3 7 6 6 6 6. 2' 2' 2'. 7 7 6 7 7 6 5 5 5 0 3 2 2 3 3 3. 5 7 6 6. 6. 0 5 3 3 3 2.
2. 0 2' 0 ,6 7 6 5 5. 5 0 0 3 3 5 3' 3' 3' 3 q7 2' 6 6 6 6 2' 2' 2' 7 6 7 6 5 5. 5 5 ,3 ,2 1 3
3 5 - 7 6 6 6 6. 7 7 7. 5 7 2' 2' 1' 1'. 1' x q5 7 3 7 6 6 6 6 2'. 2' 2' 7 6 6 7 7 6 5 5 5. 5
3 2 3 3 3. 7 6 6 6 5 3 2 2 2 7 6 5. 5. 5. x 0 0 5'. 1 - - x - 7 2 7 7 7. 5 7 2' 2' 2' 1' q5
1'. 7 7 6 6 6 2' 2. 2' 7 7 6 7 7 6 5 5 5. 0 3 2 3 3 5 1' 7 6 6. 6. 0 5 3 2. 2. 2 2' 2' 7 6 5
5. 5. 0 ,,3 5 3'. 3' 7 2' 6 6 6 2' 2' 2' 7 7 6 7 7 6 5 5 5. 0 3 2 3. 3. 3. 5 7 6 6 6 7 7 7 5 7
7 2' 2' 2'
%END
