%独上西楼钢琴.txt
% 出处 https://www.jianpujia.com/
title=独上西楼钢琴
tag=邓丽君,分类/钢琴谱
usertag=邓丽君,分类/钢琴谱
tagroute=
transcriber=jianpu2-auto
status=ocr
source=jianpujia-152049
todo=refine the filename
%--
4/4
subtitle=score
3 4 ,5. 3. 3 3 7 3 5 7 7 2 6. 6. 0 7 3 5. 1. 0 7 1 ,2. 2. 1 6 2 7. 5. 7 6 7 5 7 7. 7. 1 1 3 3
1 3 3 5. 5 5. 6 3 1 3 0 0 6 6 3. 2 2 6 0 2 6 1 5. x - - - 0 - - 0 - 6 5 5. 2. 0 3 3 2
2 5 3 - - 1 5 5 5 5 ,1 1 7 7 6. 3'. 0 7 6. 0 5 2 5 2 6 2 2 7 2. 1 1 3 5 1 3 3 5 7 3 1
6 3 1 2 3 0 0 6 1 3. x 0 0 - 0 0 - - 0 - 0 4 0 7 7 2 1. 2 2 3 6 2 6 7 2 5 1 5 7 -
- 2 5 5 7 2 1. 0 6 5 - - 5 6 7 3 6 2 3 5 1 5 1 5 2 6 7 2 5 0 5 ,7. 1 5 2 3. 0 0 0 1
5 2 3 2 2 7 6 0 4 3 3 4. ,6. 3 6 7 2 6 2 5 6 5 2 3 2. 6 6 3. 4 6 3 ,6 2 2 6 ,7. ,7 5 6 4.
4 5 5. 5 6 3 3 2 3 7 2 6 5 2 1 5 3 6 0 0 0 4. 4 5 5. 5 0 x 0 - - 0 0 - 0 - 1 - - 5.
3 3 7 6. 5 - - 0 3 2 - - - 2 3 6 7 1 5 3 5 2 5 5. 0 6 3 7 1 6 7 3. 6. 2 2 1 3 6 1 6.
0 4 5 5. 1 7 7 6 6 6 6 3 3. 5. 0 3 2 3. 3 3 3 1 5 2 3 3 3 3 - - - 3 5 5 2 5 6 7 - -
1 5 2 3 5 0 7. 6 6 3 6 7 3 1 6 7 3. 7 x - - - - - - - - -
%END
