%献给母亲.txt
% 出处 https://www.qupu123.com/
title=献给母亲
tag=分类/通俗歌曲
usertag=分类/通俗歌曲
tagroute=
transcriber=jianpu2-auto
status=ocr
source=qupu123-325740
%--
4/4
subtitle=score
- - x x x 1' 6 q6 q1 2 5 1 q7 q6 5 3 6 q5 q6 3 2 q3 q5 2 2 5 2 q1 6 5 1 1 ,6' q1 2' 3 2' 2. 2 2
q3 2 1 2 2 q1 ,6 ,6 ,6 q,6 q1 q,6 ,5 q,5 q,2 ,5. ,5 ,5 ,4 ,5 ,6 1 ,6. 2 5 2 q2 q1 ,6 ,6 ,6 q1 2 5 1 7 q6 ,5 ,6 q1
q1 ,5 ,6 q1 q1 q,5 q,5 ,6 ,3 ,2. ,5 6 q5 2. ,5 ,4 ,5 ,6 2. 2. q3 1 ,7 ,6 ,6 2 5 2 ~ 2 5 1 ,7 ,6 ,5 ,6 q,6 q1 ,6 ,5
,3 q,6 q,6 ,5 ,6 ,3 ,2 ,5 ,3 ,2 ,5 ,6 2 2 5 2 q2 q5 2 q2 q1 ,6 ,6 q6 q1 ,6 q,6 q,5 ,3 ,6 q,5 q,6 ,3 ,2 ,5 ,3 ,2 ,5 4 5
,6 2 5 2 2 1 ,6 ,6 6 1 2 5 1 7 6 ,5 ,6 ,6 1 ,5 ,6 ,3 ,2 ,5 ,6 1 1 ,6 1 2 3 6 5 6 3 2 2 q2 q3 2
1 ,6 2 ,5. ,6 1 ,6 0 1 ,6 ,5 0 1 2 4 6 5 5 4 2 2 q2 q4 2 1 ,6 2 q1 q2 6 ,5 ,5. 0 0 4 4 2 4 5 6
5 5. 0 0
%END
