%王子公主钢琴_2.txt
% 出处 https://www.jianpujia.com/
title=王子公主钢琴
tag=
usertag=
tagroute=
transcriber=jianpu2-auto
status=ocr
source=jianpujia-149547
%--
4/4
subtitle=score
1 - - 1 4 q1 - - 6 4 qx' s,1' 5' x - 0 0 0 0 0 6 7 1. 1 7 0 5 6 1 - - - - - - 0 0 0 0 6
3 6 1 1 5 3 5. x 0 0 0 0 x 3 x 7. 7 1 6 0 6. 5 5 4 3. 1 7. 6 6 1 7 0 6 7 5 2 5 7 7 4
2 4. 4 1 4. 3 7 3. 7 4 7. 3 7 3. x - - - - - - - - - - - - x 6 x 1. 1 7 0 5 6 7 3 6 0
2 3 4 3 2 1 6 3 6 1 1 5 3 5. 5 2 5 7 7 4 2 4. 4 1 4. 3 7 3. x - - - - - - - - - - -
- x x 7. 1 7 - 0 0 6 7 1 2 3 3 6. 7 1 7 7 6. 3 6 6 7 1 6 7 4 7. 3 7 3. 3 - 6 3 6 1 1
5 5. 5 2 5 7 7 x 0 0 0 0 0 0 0 0 - - x 1 2 x 6 0 2 2 1 2 3 3 6. 7 1 7 7 6. 3 6 7 1
7 7 0 1 1 1 1 1 1 6. 4 2 4. 4 1 4. 3 7 3. 7 4 7. 3 7 3. 6 3 6 1 1 x 0 0 0 0 0 0 0 0 0
0 - - x 1 5 x 5 5 4 4 5. 3 3 3 3 3 3 3 0 0 2 2 1 2 3 3 6. 0 6 3 6 3 0 3 6 7 1 7 5
5. 5 5 7 7 4 2 4. 4 1 4. 3 7 3. 7 4 7. x - - - - - - - - - - - - x 1 x 7 - - - 1 2 6
3 3 2 2 1 1 7 6 7 1 2 1 7 0 5 2 2 1 1 7 7 6 6 6 3 7 3. 3 - 0 0 4 1 4 1 1 4 5 2 5
2 2 5 3 7 3 7 7 3 1 - - - - 0 - - 0 - - 0 x 2 1 x 7 1 7 6 0 3 3 4 3 4 1 1 0 3 3
4 3 4 1 0 4 4 3 2 3 7 3 2 1 7 1 2 4 3 0 6 3 3 2 2 1 1 7 6 7 6 3 6 3 3 6 4 3 2 1
7. 7 3 7 3 7 3 4 1 4 1 1 4 x - - - 0 - - - - 0 x 2 4 x 1 2 1 7 0 5 2 2 1 1 7 7 6
6 6 7 1 7 6 0 3 3 4 3 3 6 6 0 3 4 3 4 1 1 0 4 4 3 2 3 4 2 3 5 2 5 2 2 5 3 7 3 7
7 3 6 3 6 3 3 6 4 3 2 1 7. 7 1 - - - - - - - - - 0 x 2 7 x 3 2 1 7 7 0 7 7 7 1 7
6 6 - 0 0 0 6 7 1 3 1 7 3 7 6' 5 3 4' 3. 7 6 ,6 ,5 ,4 ,3 3 7 3 7 3 6 3 6 1 3 3 - 0 0 6
5 4 3 1 0 0 0 0 x 3 0 x 1 2 1 7 1 7 6 1 4 3. 6 1 2 1 7 1 7 6' 5 4' 3. 6 1 2 1 7 1 7
6 1 4 3. 6 6 5 4 3 6 5 4 3 6 5 4 3 6 5 4 3 6 5 4 3 6 5 4 3 x 1 x 1 x 3 3 x 1 3 1
7 3 7' 6' 5 4' 3. 6 1 2 1 7 1 7 6 1 4 3. 6 1 2 1 7 1 7 6' 5 4' 3. 6 6 5 4 3 6 5 4 3 6 5
4 3 6 5 4 3 6 5 4 3 6 5 4 3 1 1 1 x 1 2 3' 1 7 1 1' 7 6 1 1' 4 3 3 - - 0 2 2 1 2 3
3 6. 7 1 7 7 6. ,6 ,6 ,5 ,5 ,4 ,4 ,3 ,3 ,3' ,3 - - 0 6 3 6 1 1 5 ,5. x 3 x 3 6 7 1 6 6 0 2 2 1
2 3 3 6. 7 1 7 7 6. 3 6 7 1 7 7 0 1 1 5 2 5 7 7 4 2 4. 4 1 4. 3 7 3. 7 4 7. 3 7 3. x -
- - - - - - - - - - - x 4 2 x 1 1 1 1 6. 5 5 4 4 5. 3 3 3 3 3 3 3 0 0 2 2 1 2 3 3
6. 0 6 3 6 3 0 6 3 6 1 1 5 3 5. 5 2 5 7 7 4 2 4. 4 1 4. 3 7 3. x - - - - - - - - - -
- - x 4 5 x 3 6 7 1 7 7 - 0 0 6 3 3 2 2 1 1 7 6 7 1 2 1 7 0 5 2 2 1 1 7 7 6 6 6
7. 4 7. 3 7 3. 3 - 4 1 4 1 1 4 5 2 5 2 2 5 3 7 3 7 7 3 1 0 0 0 0 0 0 - 0 0 - - - 0
x 4 x 7 1 7 6 0 3 3 4 3 4 1 1 0 3 3 4 3 4 1 0 4 4 3 2 3 7 3 2 1 7 1 2 4 3 0 6 3
3 2 2 1 1 7 6 7 6 3 6 3 3 6 4 3 2 1 7. 7 3 7 3 7 3 4 1 4 1 1 4 x 0 0 - - 0 0 - -
0 x 5 1 x 1 2 1 7 0 5 2 2 1 1 7 7 6 6 6 7 1 7 6 0 3 3 4 3 3 6 6 0 3 4 3 4 1 1 0
4 4 3 2 3 4 2 3 5 2 5 2 2 5 3 7 3 7 7 3 6 3 6 3 3 6 4 3 2 1 7. 7 1 0 0 - 0 0 - 0
0 - - x 5 4 x 3 2 1 7 7 0 7 7 7 1 7 6 6 - - - 0 0 6 3 3 2 2 1 1 7 6 7 3 7 3 7 3
6 3 6 1 3 3 - - - 0 0 4 1 4 1 1 4 1 0 0 0 0 - - 0 x 5 7 x 1 2 1 7 0 5 2 2 1 1 7
7 6 6 6 7 1 7 6 0 3 3 4 3 4 1 1 0 3 3 4 3 4 1 0 4 4 3 2 3 7 3 2 1 5 2 5 2 2 5 3
7 3 7 7 3 6 3 6 3 3 6 4 3 2 1 7. 7 x 0 0 - 0 0 - 0 0 - -
%END
