%王子公主钢琴.txt
% 出处 https://www.jianpujia.com/
title=王子公主钢琴
tag=薛之谦,分类/钢琴谱
usertag=薛之谦,分类/钢琴谱
tagroute=
transcriber=jianpu2-auto
status=ocr
source=jianpujia-149547
todo=refine the filename
%--
4/4
subtitle=score
x 1 5 x 5 5 4 4 5. 3 3 3 3 3 3 3 0 0 2 2 1 2 3 3 6. 0 6 3 6 3 0 3 6 7 1 7 5 5. 5 5
7 7 4 2 4. 4 1 4. 3 7 3. 7 4 7. x - - - - - - - - - - - - x 1 x 7 - - - 1 2 6 3 3 2
2 1 1 7 6 7 1 2 1 7 0 5 2 2 1 1 7 7 6 6 6 3 7 3. 3 - 0 0 4 1 4 1 1 4 5 2 5 2 2 5
3 7 3 7 7 3 1 - - - - 0 - - 0 - - 0 x 2 1 x 7 1 7 6 0 3 3 4 3 4 1 1 0 3 3 4 3 4
1 0 4 4 3 2 3 7 3 2 1 7 1 2 4 3 0 6 3 3 2 2 1 1 7 6 7 6 3 6 3 3 6 4 3 2 1 7. 7 3
7 3 7 3 4 1 4 1 1 4 x - - - 0 - - - - 0 x 2 4 x 1 2 1 7 0 5 2 2 1 1 7 7 6 6 6 7
1 7 6 0 3 3 4 3 3 6 6 0 3 4 3 4 1 1 0 4 4 3 2 3 4 2 3 5 2 5 2 2 5 3 7 3 7 7 3 6
3 6 3 3 6 4 3 2 1 7. 7 1 - - - - - - - - - 0 x 2 7 x 3 2 1 7 7 0 7 7 7 1 7 6 6 -
0 0 0 6 7 1 3 1 7 3 7 6' 5 3 4' 3. 7 6 ,6 ,5 ,4 ,3 3 7 3 7 3 6 3 6 1 3 3 - 0 0 6 5 4 3
1 0 0 0 0
%END