%玻璃之情_2.txt
% 出处 https://www.jianpujia.com/
title=玻璃之情
tag=
usertag=
tagroute=
transcriber=jianpu2-auto
status=ocr
source=jianpujia-247248
%--
4/4
subtitle=score
2 1 ,7. 2. ,6 2 - 5 ,1 1 1 - - ,6 3 ,6 3 ,5 2 ,5 2 - 5 7 6 4 5 3 3 5 - 2 3 5 7 6 3 6 3 1
3 6 3 4 1 4 1 6 1 4 1 5 2 5 6 7 1 1 1 5 1 2 3 - x - - - 0 - - - 0 - - - - - 2 1
1 7 1 1 1 1 7 7 6 6. 1 1 1 3 3 3 4 2 2 5 5 4 4 3 - 2 2 3 6 3 6 7 3 - 4 1 4 5 6 -
5 2 5 2 7 2 5 1 5 1 2 3 - x 0 - - 0 0 0 - 0 - 7 7 7 1. 6. 6 6 1 - - 6 6 5 - - 7 1
- 0 5 7 5 7 4 6 6 3 6 7 7 3 1 4 1 4 5 6 1 5 2 5 6 7 2 2 1 5 1 2 3 0 x 0 - 0 - 0
0 0 - 0 - 4 6 3 5 5. 3. 2 3 5 7 2'. 6. 7 2 1 1 7 7 6 3' 5 4 3 3' 2 1 7 3 6 4 3 3' 4. 3 4
5 6 7 1 1' 2 x 1 1 5 6 1 5 1 2 3 0 6 3 6 7 1 0 0 0 0 0 4 1 4 1 4 4 x 0 - - 0 0 -
x 2. 5. 3 1 3 1 - ,1 1 5 7 - - ,1 1 ,6 1 - 6 1 ,1 1 ,7 2 3 ,1 ,7 2 5 7 - - 5 3 1 5 1 2 3
0 5 2 5 7 5 7 6 3 6 1 3 1 6 3 6 3 6 1 3 1 6 3 3 7 3 5 7 5 3 7 3 7 3 5 7 5 3 7 x
- - - - 0 0 - - 0 0 - - 0 0 - - - - 0 0 x 4 1 6 6 6 7 1 7 3 6 6 6 7 1 7 5 5 3 5
5. 3 1 - 1 1 2 3 2 - - 0 5 1 - 1 1 2 3 2 7 7 5 7 7. 5 x - - - - - - - - - - - - -
- - - - - - - - - - - - - - - - - - -
%END
