%生命之河钢琴.txt
% 出处 https://www.jianpujia.com/
title=生命之河钢琴
tag=分类/钢琴谱
usertag=分类/钢琴谱
tagroute=
transcriber=jianpu2-auto
status=ocr
source=jianpujia-247744
todo=refine the filename
%--
4/4
subtitle=score
1 - - q1 q1 - - 2 x. q1. 6 7 6. 3 1 2. 3 3. 2 2. 3 3 5 5 3 2 2 1. 5. 3 3. 2 2. 3 3 6 5 6. 5 5.
5 5 3 2 2 1. 4 1 4 6 1 5 6 2 4 1 4 6 1 6 5 1 1 5 1 5 1 5 1 5 1 3 5 1 x - - - - -
- - - - - - - 5 5. 3 3. 2 2. 3 3 2 1 2. 3 3 1 2 5 5. 3 3. 2 2. 3 3 2 1 2. 3 3 1 2 5 - 0
5 6 1 x 1 5 4 1 4 6 1 - 4 1 4 6 1 1 1 5 1 5 3 5. 1 - - - x - - - - - - - 5 3 2 2
3 5 5 3 2 2 1 6 5 5 - - - 3 - 0 5 6 1 4 1 4 6 1 - 4 1 4 6 1 - 1 5 2 3 3 5 1 2 1
5 1 2 2 - x 0 - - 0 0 0 - - 0 - 5 3 2 2 3 5 5 3 2 2 1 6 3 4 3 - - 3 3 2 1 6 5 5.
5 1 4 1 4 1 6 - 4 1 4 6 1 - 1 5 1 5 2 3 5 1 5 1 2 0 3 5 1 6 7 6 6 5 3 3 - - 3 5
6 7 6 6 5 3 3 - 0 5 1 2 4 1 4 6 1 - 1 5 1 2 3 5 1 5 4 1 4 6 1 - 1 5 1 5 3 -
%END
