%男孩.txt
% 出处 https://www.qupu123.com/
title=男孩
tag=分类/通俗歌曲
usertag=分类/通俗歌曲
tagroute=
transcriber=jianpu2-auto
status=ocr
source=qupu123-381317
%--
4/4
subtitle=score
0 6 3. 3 2 - 3 6 1 2 3 3 - 0 3 3. 1 7 6 5 5 3 6 - - - - - - - - - - - - - - 6 - -
0 6 3. 3 2. 5 1 6 1 2 3 3 - 0 3 3. 1 7 6 5 5 3 6 - - - - - - - - - - - - - - - 6 -
- - 0 1 1. 1 7 6 5 5 3 6 5 2 3 2 2 - 6 3 1 2 2 - 0 1 2 3 3. 6 3 2. 6 3 3 3 3 2 2 3
0 1 2 3 q3 3' q2 q2 q2 s1 q1 s2 3 s3' q3 s3 q3'. s2 q2. s1 3'. q5 q3 2. 3. 3 3. 3 2 3. 0 3 6 5 3 2 1 6 6 -
- 6 3 - - 0 0 0 0 0 3 3 3 0 6 3 2. 4 3 2 3 2 1 6 5 0 1 2 3 3. 3 0 3 6 2 2 2 0 3 6
5 3 2 1 6 6 - - - 3 0 5 3 2. 3 3 3 3 2 3'. 3 3 3 3 0 2 2 2 2 0 2 1 3 3 3 3 3 2 2 1
3 0 5 3 2 0 1 7 6 7 1 2 3 - 0 3 6 5 3 2 1 6 6 - - -
%END
