%画月亮.txt
% 出处 https://www.qupu123.com/
title=画月亮
tag=分类/通俗歌曲
usertag=分类/通俗歌曲
tagroute=
transcriber=jianpu2-auto
status=ocr
source=qupu123-327597
%--
4/4
subtitle=score
1 2 3 - 3 3 3 5 3 3 2 3 3 - 3 2 ,1 2 - 2 ,1 ,1 2 q6 ,5 - - 1 2 3 5 5 5 5 6 5 3 3 - -
3 2 1 2. 1 ,6 2 1 - - 1 2 3 - 3 ~ 3 ~ 3 5 3 3 2 3 ~ 3 - 3 2 ,1 2 - 2 2 2 2 ,6 ,5 - -
,1 2 3 5 5 ~ 5 5 6 5 3 3 - - 3 2 1 2. 1 3 2 1 1 - - 7 6. 6 5 q6 q5 q3 q5 3 - - q5 q3 2 2
1 2 5 q6 3 - - 5 3 2. 1 2 - 3 5 2 ,1 ,6. 6 3 2 2. 2 1 2 3 - - 1' 7 6. 6 5 6 5 3 5 3 - -
5 3 2 2 1 2 5 6 3 - - 5 3 2. 1 2 - 3 5 2 ,1 ,6. 6 3 2 2. 2 3 ,1 ,6 - - 1 2. 2 2. 2 1 2 3
- - 5 3 2. ,1 2 - 3 5 2 ,1 ,6. 6 3 2 2. 2 3'. 2 ,1 q6 ,6 - - -
%END
