%留学之歌.txt
% 出处 https://www.qupu123.com/
title=留学之歌
tag=分类/民歌
usertag=分类/民歌
tagroute=
transcriber=jianpu2-auto
status=ocr
source=qupu123-334326
%--
4/4
subtitle=score
1' 2' 2' 3' 3' 2 0 6 1' 1' - 3 2 1 ,1 2 2 6 6 5 5 3 2 3 2 ,5 ,6 1 0 ,5 1 2 3 2. 3 2 1 1 0 3
5 5 1' 2. 1 6 - - 5 6 - 5 6 5 3 0 ,5 ,1 1 3 2. 1 2 3 3 0 ,5 1 2 3 2. 3 2 1 1 0 3 5 5 1
,1 1 6 5 6 - 5 6 5 3 - 0 ,5 1 1 3 2. 3 2. 1 1 5' 5 3 5 6 1' - - - 1' 2' 2' 2' 1 6 - - 1 2'
- 1 2 1 6 5 q0 1 3 3 5 6 3 2 3 q3 1 ,6 0 ,5 1 2 3 5 6 5. 6 6 3 3 2 3 2 ,5 ,6 1 - - 6 1'
2' 6 6 6 1 1 - 0
%END