%畬乡娃娃爱林海_2.txt
% 出处 https://www.qupu123.com/
title=畬乡娃娃爱林海
tag=
usertag=
tagroute=
transcriber=jianpu2-auto
status=ocr
source=qupu123-335180
%--
4/4
subtitle=score
0 0 3 5 6 5 6 5 6. 3 5 6 5 6 5 3 6 5 3 2 3 2 1 ,6 ,5 ,3 ,7 ,6 ,5' ,5 ,3 5' ,1 ,6 ,6 x ,6 1 3 1
2. 3 6 1 3' 1 6' q1' ,6. 6 1 1 2 5 6 5 2 3 5 3 3 - 3 5 6 5 6. 5 3 6 5 3 2 3 2' 3 5 3 2 1
,5 ,5 ,6' ,5 ,3 7 ,6 q,1 q2 3 q5 6 5 6. 3 6 6 2 q3 q2 3. 5 3 2 3 1 ,5 ,3 q7 ,6. 3 5 6 5 6 5 6. 3 5 6
5 6 5 3 6 5 3 2 3 2 1 ,6 5 3 7 6 5 5 5 1 6 ,6 x 3 5. 6. 6 - 6 0
%END
