%病变.txt
% 出处 https://www.qupu123.com/
title=病变
tag=分类/通俗歌曲
usertag=分类/通俗歌曲
tagroute=
transcriber=jianpu2-auto
status=ocr
source=qupu123-381318
%--
4/4
subtitle=score
6 3 3 7 3 5 3 4 5 5 4 5 3 1 5 3 5 4 5 3 7 5 1 5 3 5 3 1 6 3 1 3 7 3 5 3 4 5 1 5
4 5 3 1 5 3 5 4 5 3 7 5 1 5 0 5 5 5 7 5 5 3 5 6 5 6 0 5 4 3 3 3 3 3 3 3 3 4 3 2
2 0 5 5 5 7 1 1 1 5 5 3 5 6 6 0 5 4 3 3 3 3 3 3 3 3 4 3 2 2 2 3 2 1 6 1 6 6 1 6
2 3 2 3 0 3 2 1 2 1 6 1 6 1 6 2 2 0 3 2 1 2 1 1 6 1 6 6 2 3 3 0 3 2 1 2 1 6 1 6
1 6 1 2 2 0 0 0 3 3 3 6 6 6 6 3 3 q0 q3 q3 q3 s6 s6 s6 s6 q3 q3 q0 q2 q2 q1 s2 s2 s2 s1 q2 q2 0 q3 q2
q1 s2 s2 s2 s1 q3 q0 3 s6 s6 s6 s6 q3 q3 q0 q3 q3 s6 s6 s6 s6 q3 q3 q0 q2 q2 q1 s2 s2 s2 s1 q2 q2 0 3 2 2 2 2 3
3 3. 5 1 1 5 3 2 3 3 3. 1 5 1 1 5 3 2 3 2 3. 5 7 1 1 1 1 5 1 1 1 5 5 5 1 1 1 5 5 3
2 1 5 5 3 2 1 5 5 3 5 3 5 5 3 2 5 5 3 2 1 5 5 3 2 5 5 5 2 2 2 2 2 6 6 3 2 1 5 5
6 7 1 1 1 1 6 7 1 1 1 1. 0 5 5 1 1 1 6 1 1 6 6 7 1 1 1 1 1 1 1 0 1 1 3 5 6 5 6 0
3 3 3 3 3 3 3 3 5 1 2 2 q2 s2 s5 q2 q2 q2 q,5 q3 s2 s1 q2 s1 q1 q,5 q1. q5 q1 s1 s1 q1 q,5 q1 s5 s1 1 q,5 1. 1
1 5 1. 1 5 1 5 1 5 1 1 - - - - - - - - - - - 1
%END
