%瘦瘦的.txt
% 出处 http://www.jianpu.cn/
title=瘦瘦的
tag=
usertag=
tagroute=
transcriber=jianpu2-auto
status=ocr
source=jianpucn-89387
todo=add tags
%--
4/4
subtitle=score
1 x - x. x 1 q,5 q,5 1 3 2 3 5 q4 3 2 1 q1 2 1 ,5 q1 3 2 1 ,7 1 1 - q1 ,5 1 3 2 3 5 4 3 2 1
2 ,5 3 2 ,1 ,7 1 2 1 ~ 1 - x 1 1 1 2 1 ,7 ,5 ,3 ,5 ,3 ,3 - 1 1 1 2 1 ,7 ,5 ,3 ,5 q,3 ~ ,3 ,6 ,5 q,6
,5 ,6 ,5 ,6 ,2 2 ,6 3 2 q,7 ,6 ,7 1 2 1 q,7 ,6 ,7 - ,6 2 3 2 ,7 ,6 q,7 ,6 ,7 1 3 1 2 - - q1 2 3 6 6 5
q4 3 2 ,5 4 3 2 - 3 ,7 1 ,6 ,7 1 2 q1 ,5 ,7 1 2 3 4 q4 3 4 5 6 q5 2 5 5 - 1 2 3. 6 6 5 q4 3
2 - ,5 q4' 3 2 - 3 ,7 1' ~ 1' - ,6 q,7 q1 2 1 ,5 ,7 2 3 q4 3 4 q6 q5' 3 5' 5 - 5 3 1 1 - - x 1 0
0 0 0 ,5 1 2 3 2 1 3 2 q1 3 2 1 1 ,6 ,7 q1 q3 q1 ,7 ,6 q1 - ,6 q2 3 4 3 2 q4 3 2 4 3 2 2 q,7 ,6
,7 ,6 ,7 q1 2 3 2 - - -
%END
