%白沙滩.txt
% 出处 http://www.jianpu.cn/
title=白沙滩
tag=邓丽君
usertag=邓丽君
tagroute=
transcriber=jianpu2-auto
status=ocr
source=jianpucn-70658
%--
4/4
subtitle=score
x 3 4 5. 3 1 ,6 ,7 1 6 5 - - - 5 3 2 q3 2 1 ,5 ,6 ,6 ,,7 1 3 6 6 ,7 1 ,6 x ,5 ,5 ,5 ,5 q,5 x ,5 ,5
0 q0 q,,5 1 1. q,1 2 1 0 ,3 ,4 ,4 3 2 q,,2 q3 q4 5 1 1 2 3 ,x 4. q1 ,7 q1 q2 1 ,5 0 3 4 5 1. 2 3 4. ,3 4
,7 ,1 ,2 ,5 1 1'. q,1 2 1. ,,3 5 1'. 6 ,4 ,4 3 2 2 3 4 5 1 1 2 3 ,3 4. 1 ,7 q,,1 2 1 - - 5. 3 5 q5 ,6 ,x
q6 q6 q7 1 ,7 ,7 ,7 1 2 1 1 1 q2 3 4 q0 3 4 5. 3 4 5. 3 6 5 5 4 3 2 3 4 5. 3 4 5. ,3 q6 5 5 4
q3 q4 q,2. ,3 1 1 1 q2 q,3 0 6 - 1 0 0 6 6 1 ,2 1 3 5. 5 5 0 q3 q4 5. 3 4 5. 3 6 5 5 ,4 3 2 q3 q4
5. 3 4 5. 3 6 5 5 q,4 3 4 x 2 3 1 q1 1 2 3 1 1 q,6 q7 1 ,5 6 3 4 5 1' 6 q5 4 4' 3' 6 1 1 2. 1
1 1 1 5 6 5. 5 1 6 5 2. 3 4 5 6 5 4 1' 2 q3' 2' 6 4 ,1 1 ,6 1 q4 q6 q1' 4' ,5 1 1 1 - 5 6 5. 5
1 q,6 6. 6' 4' 2' 7 6 4 2 7 6 4 2 4 6 7 2 4 5 ,7 2' 5' 3' 3'
%END
