%百岁不是梦.txt
% 出处 https://www.qupu123.com/
title=百岁不是梦
tag=
usertag=
tagroute=
confidence=0.975
conf_p10=0.632
transcriber=jianpu2-auto
status=ocr
source=qupu123-320099
%--
4/4
subtitle=score
qx - - 7 2. 1 x. - 2 7. 1 2 3 5. 5 - - 3 5 2 5. 3 5 ,3 5 5 3 5 3 ,2 ,3 ,5 7 0 5 ,1. ,1 - - ,1
5 5 3 6 5 3 1 ,,5. 5 2 2 q5 ,5 1 2 0 0 0 0 0 0 0 0 0 0 0 0 0 0 0 0 0 0 0 0 0 0 0 0 0
0 0 0 0 0 0 0 0 0 0 0 0 0 q7 q6 5 - 0 0 0 0 0 q7 q1 5 - x x 0 0 0 0 0 5 4 3 - 0 0 0
0 0 5 4 2 - x x 0 0 0 0 0 7 6 5 - 0 0 0 0 0 5 4 2 - q3 5 - - q3 1 - - - 1 - ,6 - ,5
- - 1 x ,,7 - - q3 q5 q7 q3 ,1 - - q1 q3 q5 q1 s5 s6 ,6 1 q3 q0 ,,7 - s0 ,7. ,,7 - - 0 0 0 0 0 0 0 0 0
0 0 0 0 0 0 0 0 0 0 0 1 3 6 5 3 2 2 0 5 3 3 2 3 2 - 2. 2 1 1 - 2 3 5 - 0 1 3 6 5
q3 q2 2 0 q5 q3 3 q2 q3 2 - 2. q2 q1 1 - 5 6 7 6 7 5 1 3 6 5 3 2 2 0 5 3 3 2 3 2 - 2. 2 1
1 2 1 5 - 3 2 3 1 3 2 3 ,7 0 5 3 2 - 7 7 5 1 - ,7 - - q,7 q0 q1 q1 ,6 q,7 q1 ,5 ,6 - ,7 - 0 0
0 q2 q1 2 - ,2. 3 - 3 2 - 2. 2 1 - 1. 2 - 2 3. ,7 - ,7. 1 ,,6 - ,,6. ,7 - ,,7 2. ,5 - ,5. 1. ,6 ,4 - ,,4. ,5
- ,5 ,7. ,3 - ,3. ,5. ,4 ,,5 - ,5 2 1 6 0 ,,3 - q3 0 ,3 ,5. 0 ,,5 - ,5 2 ,7 5 0 3 1. 1 3 5 0 ,,2. 2 6 0 0
0 0 0 0 0 0 0 0 0 0 0 0 0 0 1 - - - 0 0 0 0 0 0 0 0 0 0 0 0 1 - - - 0 0 0 1 7 5
- - 6 5 2 - - 0 1 1 - - - 3 5 5 3 - q5 3 3 2 1 - - 3 5 5 3 2 1 ,6 1 - - - q3 q5 q5 q3
- s,5 q3 q3 q2 q1 - q3 q5 q5 q3 q2 q1 ,6 5 - - - 3 3 2 3 ,5 - 1 1 ,7 1 ,6 - 1 1 1 3 4 ,6 ,5 3 3 3
,7 - 2 1 7. 5 3 2 3 5 7 0 1. 3 1 6 1 3 5 0 5 6 5 0 7 - 7. 2 7 6 7 2 4 0 1 - - - - -
- - - - - - - - - - - - - - - 0 0 0 0 0 0 0 0 0 0 0 0 0 0 0 0 0 0 0 0 1 3 6 5 3
2 2 0 5 3 3 2 3 2 - 2. 2 1 1 - q2 q3 5 - 0 q1 q3 6 q5 s3 s2 2 q0 s5 s3 q3 s2 s3 2 - 2. s2 s1 1 -
5 6 7 6 7 5 1 3 6 5 3 2 2 0 5 3 3 2 3 2 - 2. 2 1 1 2 1 5 - 3 2 3 1 3 2 3 ,7 0 5 3
2 - 7 7 5 1 - ,7 - - ,7 0 1 1 ,6 ,7 1 ,5 ,6 - ,7 - 0 0 0 2 1 2. ,2 - - 3. ,3 - - 2 2 1. ,1 -
- 2. ,2 - - ,7 1 ,6. ,,6 - - ,7. ,,7 - - ,5 1 1 ,6 ,4. ,,4 - - ,5. ,,5 - - ,3 ,5 ,5 ,4 0 ,5. ,,5 - - q5 ,3. ,,3 -
- ,,5. ,5 ,5 ,3 ,5 7 0 ,3 ,1 ,3 0 ,,2. 2 6 0 0 0 0 0 0 0 0 0 0 0 0 0 0 0 0 0 0 0 0 3 5 5 3 5
- q5 3 3 q2 q1 - 3 5 5 3 2 1 ,6 1 - - - 0 0 0 1 7 5 - - 6 5 2 - - 0 1 - - - 3 5 5 3
- q,5 3 3 2 1 - 3 5 5 3 2 1 ,6 1 - - - q3 q5 q5 q3 - s5 q3 q3 q2 q1 - q3 q5 q5 q3 q2 q1 ,6 5 - - -
3 3 2 3 ,5 - 1 1 ,7 1 ,6 - 1 1 1 3 4 ,6
%END
