%百年孤寂钢琴.txt
% 出处 https://www.jianpujia.com/
title=百年孤寂钢琴
tag=
usertag=
tagroute=
transcriber=jianpu2-auto
status=ocr
source=jianpujia-250056
todo=refine the filename
%--
4/4
subtitle=score
1 - - 4 qx - - 7 6 x. 7. 5 1 7. 6 6 6 5 4 5 4 4 - 0 2 3 6 7. 1 1 2 7 - - - 6 3 5 6 4
6 6 5 7 6 4 6 5 3 5 5 2 4 3 7 2 5 5 7 7 x - - - - - - - - 0 x 5 x 7. 5 1 7. 6 6 6
5 4 5 4 4 - 0 2 3 6 7. 1 1 2 3 - 0 3 4 6 3 5 6 4 6 6 5 7 6 4 6 5 3 5 5 2 4 3 7 2
5 5 7 3 x - - 0 - - - - - 0 x x 5 1 1 1 6 5 1 1 1. 1 7 5 5 5 4 3 3 - 0 4 3 4. 3 3
6 7 - 0 3 4 4 1 4 1 6 1 4 1 5 2 3 5 1 - 6 4 6 4 2 4 6 3 7 2 5 5 7 3 x - - - - -
- - - - - 0 x 1 3 x 5 1 1 1 6 5 1 1 1 5 6 3 3 2 3 3 - 0 4 4 3 4. 5 5 6 5 - - - 4
1 4 1 6 1 4 1 3 1 3 1 5 1 7 2 6 2 4 2 5 2 5 2 5 - x 0 - - 0 - 0 0 0 0 - x 1 7 x
6 6 5 6 4 1 6' 6 6' 6 5 3 5 3 6 6 6 6 4 2 6' 6 6 6 6 4 6. 5 5 4 3 - 2 6 2 4 q6 4 6 2
1 5 1 3 4 1 4 3 2 6 2 4 q6 4 6 2 1 5 6 1 1 5 ,1 2 1 6 6 5 6 2 1 ~ 1 2 6 5 4 3 4 5
1 6 ~ 6 6 6 4 2 1. 6'. 6 ~ 6 6 5. 4 ~ 4 5 4 6 ,2 ,6 ,2 ,4 q,6 ,4 ,6 ,2 ,1 ,5 ,1 ,3 ,4 ,1 ,4 ,3 ,2 ,6 ,2
,4 q,6 ,4 ,6 ,2 ,1 ,5 ,1 ,3 ,4 ,1 ,4
%END
