%盲婚哑嫁钢琴.txt
% 出处 https://www.jianpujia.com/
title=盲婚哑嫁钢琴
tag=分类/钢琴谱,陈奕迅
usertag=分类/钢琴谱,陈奕迅
tagroute=
transcriber=jianpu2-auto
status=ocr
source=jianpujia-380871
todo=refine the filename
%--
4/4
subtitle=score
1 6 1 1 6 1 6 3 2 4' 4 3' 3 1' 1 1' 1 5'. 5. 1 2 3 3 2 1 3 4 3 4 3 4 3 3 2. 4 1 ,4 5 2 ,5
,5 - 1 1 ,5 3 1 ,5 4 1 ,5 - - 5 3 4 4 3 2 1 1 2 3 2 3 2 2 1. 1 2 3 3 2 1 3 4 3 2 2 1
2 3 2 2 4 5 2 5 1 1 3 5 5 7 5 6 3 6 5 3 5 4 1 5 6 6 1 3 x - - - - - - - - - 0 2
1 2 3 4 2 1 1 2 3 4 4 3 2 1. 1 2 3 3 2 1 3 4 3 4 4 3 4 3 2 1 3 1 2 6 2 6 4 6 2 6
5 2 5 2 7 2 5 2 1 1 5 3 1 5 4 1 5 6 6 1 3 x 0 - - 0 - 0 0 0 0 - 0 - 0 5 3 4 4 3
2 1 1 2 3 2 3 2 2 1. 1 2 3 3 2 1 3 4 3 2 2 1 1 5 2 2 4 5 2 5 1 1 3 5 5 7 5 6 3 6
5 3 5 4 1 5 6 6 1 3 x - - - - - - - - - 0 6 1 4 3 2 2 3 2 ~ 2 1 5 5 5 4 4 3. 4 3
2 2 1 1 1 0 5 5 5 6 1 2 3 5 2 2 4 6 6 2 6 3 7 3 6 3 6 2 6 1 5 2 5 1 5 2 1 1 5 0
x 0 - 0 - 0 0 - 0 - 0 2. 1 1 1 2 3 5 6 6 5 5 1 2 3 5 5 4 3 2 2 - 6 3 1 6 6 6 1 3
7 2 3 3 3 5 0 4. 5 5 - 5 2 2 6 6' 4 - - - 1 7 5 3 1 7 5 3 1 7 5 3 1 7 5 3 ,5 1 - -
- - - - x 1 x x
%END