%相信你的人钢琴.txt
% 出处 https://www.jianpujia.com/
title=相信你的人钢琴
tag=分类/钢琴谱
usertag=分类/钢琴谱
tagroute=
transcriber=jianpu2-auto
status=ocr
source=jianpujia-255761
todo=refine the filename
%--
4/4
subtitle=score
x 2 5 x 5. 4 3 1 2 3' 5. 4 4 5 6. 7 5 5 3 1 2 3 2 5 2 2 - 2' ,5 4' 1 5 1 5 3 7 5 7 4 1
4 1 5 1 4 1 1 5 1 5 6 4 6 4 2 6 2 6 5 2 5 2 x - - - - - - - - - - - - - - - - x
2 x 3 - 0 3 3 5 2 1 - - 1 ,6 5' 4 - 0 5 2 3 5 1 2 - - 2' ,5 6' 1 5 1 5 3 5 1 5 6 3 6
3 1 3 6 3 2 6 2 6 4 6 2 6 5 2 5 2 7 2 5 2 x - - - - - - - - - - - - - - - - x 3
3 x 5. 4 3. 1 1 5 4 4 5 6. 7 6 5. 4 3 1 1 5 1'. 3' 5 3' 2 2 - 1 2. 1 5 1 5 3 7 5 7 4 1 4
1 5 1 4 1 1 5 1 5 6 4 6 4 5 2 5 2 7 2 5 2 x 0 0 - 0 - 0 0 0 0 - - - 0 - - 0 x 3
7 x 1 1 - - - 3. 5 5 0 2 3 2 3 2 3 5 2. 7 5 0 2 2 1 7 1 2 5 1 6 1 6 2 2 1 2 5 - -
- - - - - - - - - - - - - - - 1 5 1 5 3 5 1 5 1 5 1 5 3 5 1 5 5 2 4 2 7 2 4 2 6
3 6 3 5 2 5 2 x 0 0 0 0 - 0 0 - 0 0 - - 0 - - 0 4. 3 4 1 1 4 6 5 5 - 5 1 ,5 4' 3 -
0 3 3 5 2 1 - - 1' ,6 5' 4 1 4 1 6 1 4 1 5 2 5 2 7 2 5 2 1 5 1 5 3 5 1 5 6 3 6 3 1
3 6 3 x 0 - - 0 - 0 0 0 - - - 0 0 - 0 0 x q4 5 x 4 - 0 5 2 3 5 1 2 - - 2' ,5 ,3 6' 5.
4 3 1' 2 2 3' 5 4 5 6. 7 6 2 6 2 6 4 6 2 6 5 2 5 2 7 2 5 2 1 5 1 5 3 5 1 5 4 1 4 1
5 1 4 1 x 0 - - 0 - - 0 - 0 - - 0 0 - - 0 x q4 x 5 3 1 2 3 2 5 2 2 - 2' ,5 4' 3 - 0
3 3 5 2 1 - - 1' ,6 5' 1 5 1 5 6 4 6 4 2 6 2 6 5 2 5 2 1 5 1 5 3 5 1 5 6 3 6 3 1 3
6 3 x 0 0 - 0 - 0 0 0 0 - - 0 0 - 0 0
%END
