%相伴永远.txt
% 出处 https://www.qupu123.com/
title=相伴永远
tag=分类/民歌
usertag=分类/民歌
tagroute=
transcriber=jianpu2-auto
status=ocr
source=qupu123-333140
%--
4/4
subtitle=score
0 3 5 5 1 6 2 7. 5 6 - 6 6 4 1 2 1 1 7 7 6 7. 3 5 5 3 ,1 7 6 6 6 4. 3 2 2 7 6 5 3 4
3 2 0 7 6 5 1 0 3 5 6 1 - 1 2 7. 5 6 6 6 4 2 7 7 6 6 7. 3 5 5 3 7 6 6 6 4. 3 2 2 7
6 5 3 4 3 2 0 7 6 5 1 x 0 5 6 6 3 2. 6 7 6 5. 6 5 2 2 7 6 5 6 6 5 x 6 6 x 3 2' 3 3
6 1' 7 6 2 3 5 6 7 6 5 6. 5. 6 3 5 6 5 6. 1 6 5 3. 2 ,1 0 3 5 4 3. 2 1 2 3 - - 3 5 6. 5
6 x 3. 3. 2 ,1 2 3 - 6 5 6 4 - 2 0 3 2 6 4 3 2 5 1' 0 7 6 5
%END
