%相思_2.txt
% 出处 https://www.qupu123.com/
title=相思
tag=分类/儿歌
usertag=分类/儿歌
tagroute=
transcriber=jianpu2-auto
status=ocr
source=qupu123-382711
%--
4/4
subtitle=score
qx - - 1 0 0 6 3 6 7 1 2 1 7 6 - 5 3 - 5 6 3 6 7 1 2 1 7 6 - 5 6 6 - - 6 2 q2 q1 3
- q0 q1 2 q2 q1 q2 q3 q3 q,6 ,6 6 2 2 1 3 0 1 2 6 2 3 6 3 2 1 2 0 1 2. q3 q3 q,6 ,6 6 3 6 7 3 7
1 2 7. q7 7 x 7 - - 3 6 6. 3 3 7 7 0 3 2 1 7 6 5 6 6 3 3 - 3 6 6. 3 7 6 0 3 2 1 2 3
- - 3 6 6. 3 3 7 7 0 3 2 1 7 6 5 6 6 3 3 3 6 6. 3 3 2. 3 1 7 6 6 - - 6 3 6 7 1 2 1
7 6 - 5 3 - 5 6 3 6 7 1 2 1 7 6 - 5 6 - - 0 0 0 6 - - 0 0 0 6 - - 6 - - 3 6 6. 3
3 2. 3 1 - 7 6 6 - - 6 - - 6 - - 6 - -
%END
