%相思风雨中&nbsp;&nbsp;.txt
% 出处 http://www.jianpu.cn/
title=相思风雨中
tag=
usertag=
tagroute=
transcriber=jianpu2-auto
status=ocr
source=jianpucn-88646
%--
4/4
subtitle=score
q1 - - qx x ,x' x x x x 1 3'. x' x' 3' 2' 1' 7 2' 4. 6 3 1 2 3 4 3 6 3' 2' 1' 7 1' 6 3 6 3' 2' 7' ~
7 6 3 2' ,1 7 2' 6 3 2 2 3' ~ 3 x 6 3 2 3 ,6 2 2 ,1 ,7 ,6 ,6 6 5 6 2 3 2 1 2 3 7 6 7 3 6
6 5 4 5 1 2 2 2 2 2 2 ,7 2 3 6 3 2 3 ,6 2 2 1 ,7 0 ,6 6 5 6 2 3 2 1 2 3 7 6 7 3 3 3
6 3 3 2 ,7. ,7 ,7 ,7 2 ,1 6 1' 7 1 0 6 7 7 6 5 6 - 5 x 4 5' 0 3 x 4 4 2 2 3 1' 7 6 7 6 6
7 1'. 7 6 5 3 ,6 1 2. 2 2 2 q5 q4 3 ,6 3 2 3 ,6 2 2 1 ,7 ,6 - ,6 6 5 6 2 3 q2 1 2 3 1' 7 6 7
3 3 3 6 3 3 2 ,7 q,7 ,7 ,7 ,7 2 1 ,6 x x x x x ,6 6 7 1' 7 6 7 3 3 3 6 3 3 2 7. q1 6 6
%END
