%相思风雨中&nbsp;&nbsp;_7.txt
% 出处 http://www.jianpu.cn/
title=相思风雨中
tag=
usertag=
tagroute=
transcriber=jianpu2-auto
status=ocr
source=jianpucn-60972
%--
4/4
subtitle=score
q1 - - x 1' x x 3' 3' 3' 4' 3' 2' 1' 7 2' 1' 4. 6 3 1 2 q3 q4 3 6 3' 2' 7 ,1' 6 3 6 3' 2' 7' ~ 7 6 3
2' ,1 7 2' 6 3 2 2 3' ~ 3 6 3 2 3 ,6 2 2 ,1 ,7 ,6 ,6 6 5 6 2 3 2 ,1 2 3 7 6 7 3 6 6 5 4 5
1 2 2 2 2 2 2 ,7 2 3 - - ,6 3 2 3 ,6 2 2 ,1 ,7 ,6 ,6 6 5 6 2 3 2 ,1 2 3 1' 7 6 7 3 3 3 6
3 3 2 ,7. ,7 ,7 ,7 2 ,1 ,6 - 1' 7 1 0 6 7 7 6 5 6 5 1 4 5' 0 3 x 4 4 2 2 3 1' 7 6 7 6 6 7
1'. q7 6 5 3 ,6 1 2 2 2 2 q5 q4 3 ,6 3 q2 3 ,6 2 2 1 ,7 ,6 - ,6 6 5 6 2 3 q2 1 2 3 1' 7 6 7 3
3 3 6 3 3 2 ,7 q,7 ,7 ,7 ,7 2 1 ,6 x x x ,6 6 7 1' 7 6 7 3 3 3 6 3 3 2 7. ,7 ,7 ,7 2 q1 6' 6 ,6'
0 0
%END
