%相聚更甜蜜.txt
% 出处 https://www.jianpujia.com/
title=相聚更甜蜜
tag=邓丽君
usertag=邓丽君
tagroute=
transcriber=jianpu2-auto
status=ocr
source=jianpujia-74023
artist=邓丽君
%--
6/8
subtitle=score
q5 6 3. 3 2 1 3. 3 2 1 5. 5 3 1 q6. 0 1 2 3 5 3 5 6 1 2 1 2 3. 3. 3. 3 2 3 2. 2. 2. 2 1 2 6.
6. 6. 6 1 6 5. 5. - - - - - - - - - 3 5. 3 2 3 5. 3 2 1. 1 6 3 3 2 2. 2. 3 5 5 5 5 3 5 5
6 6 3 2 1 1. 1. 0 2 2 1 2. 1 2 2 3 3. 3. 3. 3. 5 6 5 6 6 3 5. 5. 5. 5. 5. 5 6 6 1 1 6 6 5 5.
5. 0 5 6 2 3 3 2 1 2 3 3 1. 2 1 6 6 5 6 5. 5 6 5 3. 3. 3 5 6 3 3 2 2 1. 1. 1. - - - 1 -
- 1 - - - - 3. 3 2 1 3. 3 2 1 5. 5 3 5 6. 6 1 6 5. 5. 5 6 1 3 2 6 1. 1. 1. 1 5 6. 3 2 2 1.
1. 1. 3 2 2 1. 1. 1. 3. 3 2 1 3. 3 2 1 5. 5 3 5 6. 6 1 6 5. 5. 5 6 1 3 2 6 1. 1. 1.
%END
