%看我七十二变.txt
% 出处 http://www.jianpu.cn/
title=看我七十二变
tag=蔡依林
usertag=蔡依林
tagroute=
transcriber=jianpu2-auto
status=ocr
source=jianpucn-114404
%--
4/4
subtitle=score
x 6 6 6 6 1' 6 6 6 6 x 4 5 6 6 6 6 1' 6 6 6 6 x 4 5 6 6 6 6 7 6 6 6 6 6 7 0 0 6 0
6 1' 6 0 0 0 6 6 6 0 6 6 6 6 1' 2' 0 0 x 4 5 6 6 6 6 1' 6 6 5 4 5 0 0 6 x 7 0 0 6 0
x 7 6 0 6 0 0 1' 0 0 0 6 0 0 0 0 0 0 1' 2' 6 5 1 4 6 1' 5 0 5 4 5 5 5 ,1' 2' 5 5 1 4 5
6 0 0 0 5 x 4 5 0 0 1' 2' 0 4 6 6 1' 6 6 5 1 4 6 6 6 1' 2' 6 5 1 4 6 0 1' 6 0 x 3 0 5
0 0 0 6 0 1' 2' 5 5 0 6 5 3 5 6 5 3 2 3 5 0 3 5 5 6 5 0 0 5 3 5 5 6 6 0 6 2 0 6 3
5 3 5 3 5 6' ~ 6' - 0 0 5 - 0 6 5 - 0 6 6 0 0 0 0 2' 0 0 0 0 3' 0 1' 0 6 1' 0
%END
