%睡在我上铺的兄弟.txt
% 出处 https://www.qupu123.com/
title=睡在我上铺的兄弟
tag=分类/通俗歌曲
usertag=分类/通俗歌曲
tagroute=
transcriber=jianpu2-auto
status=ocr
source=qupu123-1087
%--
6/8
subtitle=score
0 0 0 0 0 0 0 0 ,6 ,6 ,6 1 1 1 3 2 0 ,7 q,7 q,7 ,7 ,5' ,5 ,6 3 6 6 5 5 5 5 1 1 2 2 3 2 ,5 q2' 2
2 2 q1 q7 ,6 0 ,6 ,6 ,6 1 1 q1 3 2 0 ,7 q,7 ,7 ,7 ,7 ,5 ,6 3 5 5 5 5 ,1 ,1 2 2 2 2 2 2 2 2 2 q1 q7
q,6' q1 ,6 ,6. 0 0 1' 1' 1' q3 q3 5 5 5 5 4 4 4 1 1 2 2 q5 2 q1' 1' 1' 2' 2' 1' 7 5 5 7 7 7 5 7 7 7
6 6 ~ 6 0 0 ,6 0 s3 q3 ,6 ,6 ,6 q1 q1 q1 3 2 3 2 ,7 ,7 q,7 ,7 ,7 ,5 6. 3 5 5 5 5 1 q2 2 3 2 q5 d5 q2
q2 q2 2 q2 s5' ,5 ,6 1 ,6 6 x 6 5 4 3 6 5 4 q5 6 x. 1' 3 3 q5 5 6 5 q5 q5 4 4 4 3 1 1 2 2 5 2
0 1' 1' 2' q2' 7 q5 q5 1 7 7 5 3 7 7 7 - 7 6 6 0 0 ,6' ,6 ,6 ,1 1 3 2 0 q,7 q,7 q,7 q,7 q,7 q,5 ,6 3 5 5
5 5 1 1 2 q2 q3 2 s5 2 2 2 2 1 7 ,6 ~ ,6 ,6 0 q,6 2 2 2 2 q1' q7 ,6 0 ,6 2 2 2 2 q1 ,6'. ~ ,6 0 0
0 0 0 0
%END
