%祈望.txt
% 出处 https://www.jianpujia.com/
title=祈望
tag=邓丽君
usertag=邓丽君
tagroute=
transcriber=jianpu2-auto
status=ocr
source=jianpujia-74016
artist=邓丽君
%--
2/4
subtitle=score
3 6. 7 1. 6 7. 1 7 6. 5 6 7 - 3 7. 1 2. 4 3 3 4 3 2 1 2 3 - 4 2 3 4 2 3 4 3 3 2 1 2 3
3 1 7 3 5 7 3 2 1 7 6 - 6 - 3 4 1 6. 7 1 1 7 6 1 3 - 4 3 4 3 1 7 6 3 7 - 7 - 2 2
3 4 - 3 3 3 3 1 6 7. 3 3 1 7 1 6 - 6 - 3 4 3 1 3 3 - 0 4 4 3 4 3 1 7 1 1 2 3 3 -
4 4 4 4 4 4 4 4 4 0 5 5 5 5 2 3 4 3 - 3. 3 1 1 7 1 7 6 3 4 4 3 4 3 2 0 3 3 3 3 1
6 0 7 1 3 7 1 7 7 6. 6 - 4 2 3 4. 6 3 3 2 1 2 3 1 2 7 3. 5 7 3 2 1 7 6 - 6 - 3 6. 7
1. 6 7. 1 7 5 6 7 - 3 7. 1 2. 4 3 3 4 3 2 1 2 3 - 4 4 3 2 3 4 2 3 4 3 3 2 1 2 3 3 1
7 3. 5 7 3 2 1 7 6 - 6 - 4 2 3 4 2 3 4 3 3 2 1 2 3 3 1 7 3 5 7 3 2 1 7 6 - 6 -
%END
