%祖国无与伦比.txt
% 出处 https://www.qupu123.com/
title=祖国无与伦比
tag=
usertag=
tagroute=
transcriber=jianpu2-auto
status=ocr
source=qupu123-311094
%--
2/4
subtitle=score
qx 1 4 2 x x x x x x 1 0 1 1 x x' x x 1'. ,,1' x' 1'. 7 ,1' 7 6 6 6 - 2. 7 7 7. 1 6 7 6 5 5 5
- 6 5 5 4 4 3 2 ,6 0 7 5 2 1. 1 0 4 5 4 q5 3. 3 ,1 5 0 ,7 ,1 2 2 5. 5 4 3 ,1 2. ~ 2 ~ 2 5
5 4 4 5 5 4 2 ,1 ,5 ,5 3 3 4 4 5. 5 4. 4 3 4 ,6 0 2 2 2 4. 4 4 3 2 6 5. 5 5 ,,1' 7 7 6 7 5
5 5 1' 5' 1' 1'. 5 5 4 5 3 1 1 4 x 5 3 - 1 0 2 2 2 4. 4 3 ,7 2 1. 1 ,2 2 2 1 1 1 1 1 1'. 1.
x 5 7 ,,1' 7 6 6 6. 2 7. 7 7 6 7 6 6 3 6. 5 5 5 x' q4' q3' q2'. 2' q2' q2 6 ,1 7 3 2'. 2' 2' ,,1' 6 3' - 5
1 4. 4 4 2 6. 7 1' 3 - 0 ,1 1' 1' 1' 5 5 4 5 1 4 4. 5 6 6. ,5 4. 4 1 1 4. 4 3 1 1 4. 4 3 ,1 1
%END
