%祖国啊我永远热爱你.txt
% 出处 http://www.jianpu.cn/
title=祖国啊我永远热爱你
tag=
usertag=
tagroute=
transcriber=jianpu2-auto
status=ocr
source=jianpucn-49047
todo=add tags
%--
4/4
subtitle=score
x 5 1 - 2 7 6. q1 5 6 6 - 2. 2 2 1 2 2 6 q5 5 - 2 5 6 7 2' 6. 5 6 5 6 1 2. 4. 3 2. q2 2 5
2 3 2 1 ,5 1 qx 3 2 3 2. 1 ,1 q5 ,1 ,,,5 - 2. 1 1 1 q5 1 - - - 4 4' 5 6. 5 1' 2' 6 5 5 1' - 6 5
5 - - - 6 6 5 6 5 6 2 - 4 - 3. 2 1. 1 1 5 3 3 5 2. 1 2 3 3 - 6 6 5 6 5 6 6 2 - 4 -
3. q2 q1 q1 q,1 5 3 3 5. 2 1 ,5 6 1 3 5 1. - 1 2 7 6. q1 5 6 - 6 - 2 2 1 7. 2 6. 7 6 5 5 - 1
2 1 - 2 6 6 1 5 6 6 2 - 4 - 6 6 5 6 3. 3 3 5 ,6. ,6 1 1 2 - 0 ,5 ,5 1 2 3 5. 1' 2 6' - 1
1 5 4. 6. 5 ,6 4 3 2 5 3 2. 3 2 q1 q2 3 4 5 ,5 1 - - 0 q,5 ,5 1 2 3 5 0 1' 6. q5 2 5 6 2' 1' 2'
1' 6 ~ ,6 - 5 1' - -
%END
