%祝福钢琴.txt
% 出处 https://www.jianpujia.com/
title=祝福钢琴
tag=分类/钢琴谱
usertag=分类/钢琴谱
tagroute=
transcriber=jianpu2-auto
status=ocr
source=jianpujia-253326
todo=refine the filename
%--
4/4
subtitle=score
q1 - - q1 4 qx - - 7 0 q1 x. x. x. x 1. 2 1 ,6 ,5 5. 1 6 0 0 0 5 6 3. 3 6 1 6 1 3 4 3 3 5 5
7. 3 1 5 3 5 1 0 - - - - - - - - 0 0 0 0 1 5 3 0 4 1 4 0 1 5 0 2 1 5 3 7 2 3 6 3
5 x - - - - - - - - - 1 x ,6 1 - ,4 ,2 0 5 5. 4 1 2. 4. 5 4 3 2 3 3. 1. 7 6 3 - 4. ,6 ,4 2
4 1 6 2 6 3 4 5 5 4 4 1 4 5 2 1 4 1 5 2 7 5 6 3 1 0 2 4 1 2 0 2 x 0 0 - - - - 0
- 0 0 0 - - 1 1 - 1 1 0 1 1 6 2 ,7 - 0 5 6 1 2 3 2 3 5 6. 5 5 3 5 3 2 3 5 5 4 2 6
1 4 0 5 - 0 0 1 5 2 0 7 5 7 0 6 3 5 0 5 3 5 7 x - - - - - - - - - - - - 1 6. 6. 5
5 3 2 1 2 3 2 3 4 2 5 6 5 ,1 2 3 5 2 3 5 1. 5 5 3 5 2 3 1 4 1 5 6 3 1 3 5 2 6 1 5
5 2 5 1 5 2 3 7 5 7 2 6 3 1 3 5 3 5 7 x 0 0 0 0 - - - 0 0 0 0 - - - -
%END
