%突然好想你（五月天）.txt
%突然好想你钢琴.txt
% 出处 https://www.jianpujia.com/
title=突然好想你
tag=五月天,分类/钢琴谱
usertag=五月天,分类/钢琴谱
tagroute=
transcriber=jianpu2-auto
status=ocr
source=jianpujia-150427
artist=五月天
%--
4/4
subtitle=score
1 - - q1 - - 7 2 q1 x. 0 0 0 4 5 6 3 2 1 2 2 7 7 2 1. 3 4 4 3 3 2 2 1 0 0 0 0 ,4 1 4
,5 2 5 ,3 ,7 ,5 ,6 ,3 1 ,2 ,2 ,4 ,5 ,5 x 5 x 1 - - 0 5 3 3 1 2 1 7 1 1 - - 0 1 4 4 3 4 3 4
5 1 1 3 5 1 - 1 5 1 7 5 7 6 3 1 5 3 1 4 1 4 3 1 3 x - - - - - - - - x x 2 - 0 1
7 1 6 6 7 2 2 1 7 7 6. 5 5 6 3 1 7 1 5 5 4 4 3 6 7 4 4 5 4 2 6 3 4 5 5 4 4 6 5 5
2 3 3 5 6 6 2 2 4 6 5 5 x 0 - - 0 0 0 - x 1 3 x 1 - - 0 5 3 3 1 2 1 7 2 1 - 0 1
7 1 4 4 3 4 3 4 5 1 1 3 5 1 - 1 1 3 5 7 5 7 6 3 1 3 5 3 5 2 4 1 4 3 1 3 x 0 - -
0 0 0 - 0 - 0 - x 1 7 x 2 - 0 1 7 1 6 6 7 2 2 1 7 7 6. 5 5 6 3 1 7 1 5 5 4 4 3 6
7 qx 4 4 5 4 2 6 3 4 5 5 4 4 6 1 5 5 2 3 3 5 7 6 6 2 2 4 6 5 5 x - - - 0 0 0 0 0
-
%END
