%笑忘书钢琴.txt
% 出处 https://www.jianpujia.com/
title=笑忘书钢琴
tag=李荣浩,分类/钢琴谱
usertag=李荣浩,分类/钢琴谱
tagroute=
transcriber=jianpu2-auto
status=ocr
source=jianpujia-148878
todo=refine the filename
%--
4/4
subtitle=score
1 1 1 1 2 3 3. 3 5 3 1 1 1 5 3 2 1 1. 2 2 2 2 1 6 3. 2. 1 6 3 6 1 6 3 5 2 5 7 5 2 4
1 4 6 4 1 2 6 2 4 2 6 3 7 3 5 3 7 5 2 5 7 5 2 x 0 - 0 - - 0 - - 0 0 - 0 x 5 5 5
4 3 7 7 7 6 7 1 1 1 2 3 3. 3 5 6 2 1 1 6 3 2 3 2 1 1 5 1 3 1 5 q7 4 7 2 7 4 q6 3 6
1 6 3 q5 2 5 7 5 2 4 1 4 6 4 1 2 6 2 4 2 6 x 2 5 x 1. - - - 3. 3 1 3 2 - - 1 1 1 1
6 1 q7 - - 4 3. 4. 5 1 5 1 3 1 5 x 7 - - 6. 6. 5. 5 2 5 4. 1. 3. 7 3 7 1 0 - - 0 1. 1 ,7 1
1. 3. 2 2 2 2 1 ,7 3. ,3. 3. 3 6 1 3 2 2. 2. 3. 2. 3. 3. 2. 6. 6. 6. 7. 7. 3. 5. 6. 6. 5. 5 2 5 x 0 1 ,6
1 1 2 1 ,7 - - 1. 1 ,7 1 1. 3. 2 2 2 2 3 2 3 - - ,4. ,5 ,2. ,3. ,2. ,3. x ,4. ,1. ,3. 7 3 7 ,2. ,6. ,6. ,6. ,7.
,7. ,3. ,5. x 3 4 x 7 3 2 7 2 1 7 3 2 7 2 1 7 6 5 6 4 3 2 1 7 3 3 3 6 5 6 1 7 6 6 5 6
1 7 1 3 3 3 7 4 7 2 7 4 6 3 6 1 6 3 5 2 5 7 5 2 3 7 3 3 3 3 2 6 2 4 2 6 1 6 1 3
1 6 x 0 - 0 - - 0 - - 0 0 - 0
%END
