%笨小孩.txt
% 出处 http://www.jianpu.cn/
title=笨小孩
tag=刘德华
usertag=刘德华
tagroute=
transcriber=jianpu2-auto
status=ocr
source=jianpucn-70717
%--
6/8
subtitle=score
1 - - 1' ,1' ,1. ,x' 6 1 2 3 3 3 3 2 1 3 3 3 3 2 ,1 2 2 2 2 1 ,1 ,6 0 6 6 6 6 5 6 2 2 2 2
1 2 1 2 2 2 1 2 3 0 6 5' 6 5' 5. 5 3 2 2 2 2 2 1 2 3 ,6 0 1 3' 2' 2 5 3. 0 0 6 1 2' 3 3
3 3 2 1 3 3 q3 q3 q2 q1 2 2 2 2 1 1 ,6 0 6 6 6 6 5 6 2 2 2 2 1 2 ,1 2 2 2 1 2 3. 0 6. 5
6 q5 5 5 3 3 2 2 2 2 1 2 3 6 0 1. 3 2' 2 5 3 3 6 2 6. 1' 7 6 6 6 6 7 7 7 6 5 5 3 2 3
0 1 6 5 5 3 q2 3. ~ 3 0 7 6 6 6 6 7 7 7 6 5 3 5 6 0 4'. 1' 7. 6 5 6' 6' 0
%END
