%笨小孩钢琴.txt
% 出处 https://www.jianpujia.com/
title=笨小孩钢琴
tag=
usertag=
tagroute=
transcriber=jianpu2-auto
status=ocr
source=jianpujia-248741
todo=refine the filename
%--
4/4
subtitle=score
1. 0 4. 1. 7. 6 5 6. 6 0 6 3 4 1 5 2 6 3 1 1 1 1 ,6 6 ,1 6 ,4 4 ,6 4 ,5 5 ,7 5 ,6 6 ,1 6 x 4
x 0 ,6 1 2 3 3 3 3 2 1 3 3 3 3 2 1 2 2 2 4 4 3 x 6 3 3 2 1 ,6 - - ,6 6 ,1 6 ,5 5 ,7 5
,4 4 ,6 4 x 5 3 x ,6. 0 6 6 6 6 5 6 2 2 2 2 1 2 2 2 2 2 1 2 ,3 ,1 ,2 q,5 ,6 6 ,1 6 ,4 4 ,6 4
,5 5 ,7 5 ,1 1 ,3 1 x 5 7 x 3. 0 6. 6 5 5. 5 3 2 2 2 2 2 1 2 ,3 ,3 5'. ,7 ,5 ,3 ,4 ,4 ,6 ,1' ,4 ,5 ,5
,2' ,7 ,5 ,2 ,2 ,6 ,4 ,2 x 6 1 x 3 6 6 0 6 7 1. 3 2 2. 5 3 3 6 6. ,6 6 ,1 ,1 6 ,4 4 ,6 ,1 4 ,5 ,5 ,2
,7 5 ,6 6 ,1 ,1 ,6 1 7 1 7 6 6 6 6 7 7 7 6 0 3 2 0 3 2 1 1 1 1 2 2 2 1 6. 3. 6 3 4 1 5
2 ,6. 0 ,6 6 1 6 3 ,4 4 ,6 4 ,5 5 ,7 5
%END
