%等冬过去就放下你.txt
% 出处 https://www.qupu123.com/
title=等冬过去就放下你
tag=分类/谱友上传
usertag=分类/谱友上传
tagroute=
transcriber=jianpu2-auto
status=ocr
source=qupu123-396312
%--
4/4
subtitle=score
1 - - - x x x. x x - - - - - - - - - - - - - - - 2 2 3 2 1 ,6 ,7 ,7 ,7 ,6 ,5 ,3 1 ,7 ,6 x
0 ,6 ,6 3 2 3 0 1 3 2 1 ,6 0 3 5 6 5 3 2 1 5 3 0 0 2 3 2 1 1 2 0 2 3 2 1 6 0 7 7 7
6 5 5 5 6 6 0 6 6 3 2 3 0 1 3 2 1 6 0 3 5 6 5 3 2 1 5 3 0 0 2 2 1 1 2 0 3 3 1 ,6
0 ,7 ,7 ,7 ,6 ,5 ,3 1 ,7 ,6 0 6 6 6 3 6 1 7 7 6 7 6 5 5 6. 1 1 7 6 6 5 6 5 5 2 3 6 5 3 3.
6 2 2 3 2 1 1 2 3 - - - - - - - - - - - - - - - - - - - 2 s2 q3 2 q1 ,6 0 ,7 ,7 ,7 ,6 ,5
,3 ,5 ,6 ,5 ,6. ,6 6 6 6 3 6 1 7 7 q6 q7 6 5 5 6. 1 1 7 6 6 5 6 5 5 2 3 6 5 3 3. 6 2 2 3 2
1 1 2 3 2 2 3 2 1 6 6 7 7 7 7 6 5 3 2 7 6 x 6 6 6 3 6 1 3 7 6 7 6 5 6 1 1 1 6 6
5 5 3 3 6 5 6 3 2 2 3 2 1 2 2 2 3 2 1 6 7 7 7 6 5 3 1 7 6 x 0 6. 6 6 x 6 6 3 6 1
1 7 6 5 5 6 6 1 1 3 5. 5 x - - - - - - - 1
%END
