%等我回家钢琴_2.txt
% 出处 https://www.jianpujia.com/
title=等我回家钢琴
tag=
usertag=
tagroute=
transcriber=jianpu2-auto
status=ocr
source=jianpujia-149977
%--
4/4
subtitle=score
1 - - 4 qx - - 4 1' 1 ,5 1 ,5 ,7 ,5 1 ,5 2 ,5 1 ,5 ,7 ,5 1 ,5 1 ,5 1 ,5 ,7 ,5 1 ,5 2 ,5 1 ,5 ,7 ,5 1
,5 1 5 1 1 - - - 6 3 6 6 - - - x - - x 5 x 1 5 1 5 7 5 1 5 2 5 1 5 7 5 1 5 1 5 1
5 7 5 1 5 2 0 5. 3 1 ,2 ,5 4 1 4 4 - - - 2 5 x - x x 2 3 - 0 0 0 5 3 3 3 2 3. 0 0 0
0 5. 1 1 5 1 - - 1 - - - 6 3 ,6 - - ,6 - - - x 1 3 x ,6 2 1 1 0 0 0 ,6 1 1 1 2 - 0 0
0 ,5 1 2 1 ,2 4 1 4 - - 4 - - - 5 2 5 - - 5 - - - x - - 3 - 0 0 0 0 5 ,6 1 2 1 1 1
0 0 0 1 1. 1 ,1 - - - ,1 ,1 - - ,6. 6 ,6 - ,6 - - - x 2 1 x 2 1. 0 0 0 0 ,6 1 1 1 2. 0 0 0
0 1 7 4 - - - 4 - - - 5 - - 5 5 - - - 1 1 x 2 5 x 1 7 1 7 5 2 3 5 5 3. 0 1 1 7 1
7 1 7 5 2 3 5 5 3. 0 5 6 5 1 5 1 5 5 1 5 1 5 1 5 7 - 6 3 6 3 3 6 3 6 3 6 3 5 - x
- - - - - - - - - - 6. 5 ~ 5 3 3 5 6 5 6. 5 ~ 5 3 3 0 3 4 3 2 1 1 6 1 2 2 - 0 5 1
7 4 1 4 1 1 4 1 3 7 3 6 3 6 2 6 2 0 2 5 2 5 2 2 5 x - - - - - - - - x 3 3 x 1 7
1 7 5 2 3 3 5 3. 0 1 1 7 1 7 1 7 5 2 3 2 2 3. 0 5 6 5 1 5 1 5 5 1 5 1 5 1 5 7 - 6
3 6 3 6 3 5 2 5 5 2 5 2 1 - - - - - - - - 0 - 6. 5 ~ 5 3 3 5 6 5 6. 5 ~ 5 3 3 0 3
4 3 2 1 1 6 1 2 2 - 1 5 2 4 1 4 1 1 4 1 3 7 3 6 3 6 2 6 2 6 6 2 5 2 5 2 2 5 x -
- - - - - - - - x 4 1 1 1 1 1 1. 1 1 1 1. 1 1 1 2 1. 1 - 5 3 0 5 3 5 3 0 5 3 7. 5. 2.
5 2 5 2 5 2 6. 3. 6 3 6 3 6 3 1 5 1 - - 1 5 1 - - 7 5 ,7 - 7 7 6 3 ,6 - 6 6 6. 6 6 6
6. 6 6 5. 5 5 5 5 4. 4 4 4 4. 4 4 5 2. 2 2 2 2 - q5 x 3 ,4 ,1 ,4 - 4 ,4 ,4 ,1 ,4 - - ,5 ,2 ,5 -
- ,5' ,5 - - - x 2 3. 5. 3 2 3. 5 3 2 3. 3 5 7 7 1' x 3 5 6 1 - - - 1 1 - - 6. 6 6 - 6 -
- - x - x 6 1. 6. 5. q6 6 3. 6. 5 1 1 3. h2 - 0 0 5' x 1 2 1 1 - - - - - - - - - - - x 1
3. 3 3 3 2 2 3. 5 ,6 1 2. 1 1 0 0 0 1 1 1 3 ,1 - - - ,1 ,1 - - ,6. 6 ,6 - ,6 - - - 3 2 1 0
0 0 0 6 5 1 3 2. 2 - 0 0 1 7 4 - - - 4 - - - 5 - - 5 5 - - - 1 1 x 6 5 x 1 7 1 7
5 2 3 5 5 3. 0 1 1 7 1 7 1 7 5 2 3 5 5 3. 0 5 6 5 1 5 1 5 5 1 5 1 5 1 5 7 - 6 3 6
3 3 6 3 6 3 6 3 5 - 1 0 0 0 - 0 0 0 - 0 - 6. 5 ~ 5 3 3 5 6 5 6. 5 ~ 5 3 3 0 3 4 3
2 1 1 6 1 2 2 - 0 5 1 7 4 1 4 1 1 4 1 3 7 3 6 3 6 2 6 2 0 2 5 2 5 2 2 5 1 0 0 0
0 0 - 0 - x 7 3 x 1 7 1 7 5 2 3 3 5 3. 0 1 1 7 1 7 1 7 5 2 3 2 2 3. 0 5 6 5 1 5 1
5 5 1 5 1 5 1 5 7 - 6 3 6 3 6 3 5 2 5 5 2 5 2 1 - - - - - - - - 0 - 6. 5 ~ 5 3 3
5 6 5 6. 5 ~ 5 3 3 0 3 4 3 2 1 1 6 1 2 2 - 1 5 2 4 1 4 1 1 4 1 3 7 3 6 3 6 2 6 2
6 6 2 5 2 5 2 2 5 x - - - - - - - - -
%END
