%等我回家钢琴.txt
% 出处 https://www.jianpujia.com/
title=等我回家钢琴
tag=薛之谦,分类/钢琴谱
usertag=薛之谦,分类/钢琴谱
tagroute=
transcriber=jianpu2-auto
status=ocr
source=jianpujia-149977
todo=refine the filename
%--
4/4
subtitle=score
2 3. 3 - 3 - - 3 2 2 - - - 1 5 1 5 1 5 1 5 7 6 5. 5 5 5 5 1 5 1 - - 7 - - - 6 - -
- 5. 5 5 5 5 - x - - - - x 5 x 5. 1 1 2 5 5 1 7 1 7 1 7 5. 2 2 3 5 3 0 5 1 7 1 7 1
7 5 2 3 5 ,2 - ,5 - 1 5 1 5 ,5 1 5 1 5 1 5 ,7 - 6 3 6 3 ,3 6 3 x x 5 3. 0 5 6 5 6. 5 5
3 3 5 6 5 6. 5 5 3 3 0 3 4 3 2 1 1 6 1 2 ,5 1 1 1 1 6 3 6 3 5 - 4 1 4 1 1 4 1 3 7
3 6 3 6 2 6 2 0 2 x - - - - - - - - x 3 x 2 - 0 1 1 7 1 7 1 7 5. 2 2 3 2 3. 0 1 1
7 1 7 1 7 5 2 3 5 5 2 5 2 2 5 1 5 1 5 5 1 5 1 5 1 5 7 - 6 3 6 3 6 3 1 0 0 0 0 0
- 0 - - 5 3. 0 5 6 5 6. 5 ~ 5 3 3 5 6 5 6. 4 ~ 4 3 3 0 3 4 3 2 1 5 5 5 1 5 2 5 5 2
5 2 4 1 4 1 1 4 1 3 7 3 6 3 6 2 6 2 6 6 2 1 - 0 - - - - - - - -
%END
