%粤语残片钢琴.txt
% 出处 https://www.jianpujia.com/
title=粤语残片钢琴
tag=
usertag=
tagroute=
transcriber=jianpu2-auto
status=ocr
source=jianpujia-249357
todo=refine the filename
%--
4/4
subtitle=score
1 - - q1 - - 6 x. 0 0 0 0 1 5 3 3 0 5 4 3 2 0 4 3 2 1 ~ 1 3 2 0 1 1 7 6 ~ 6 1 7 5
2 0 0 0 0 1 5 1 5 7 5 7 6 3 6 3 5 2 5 4 1 6 1 5 2 5 x - - - - - - - - - x 5 x 3
4 4 5 0 1 1 7 6 6 1 7 6 5 5 4 3 5 2 5 1 5 7 5 6 5 6 4 4 0 1 - - - - - - - - - -
- - - - 1 5 2 3 - 4 1 6 1 5 2 5 1 7 6 5 2 6 2 6 4 6 2 3 x 0 - 0 0 0 - - 0 x x ,7
,6 ,7 5 - 5 3 5 4 3 2 ~ 2 4 3 2 1 ~ 1 3 2 0 1 1 7 6 ~ 6 1 2 7 5 5 4 5 2 4 2 5 - 1
5 1 5 7 5 7 6 3 6 3 5 2 5 4 1 6 1 5 2 5 x - - - - - - - - - - - x 1 3 x 3 4 5 0
1 1 7 6 6 1 2 7 5 5 4 3 5 2 5 1 5 7 5 ,6 6 1 4 4 3 2 1 1 1 1 2 2 3 1 5 4 1 6 1 5
2 5 1 7 6 5 2 6 2 6 5 2 5 x - - - - - - - - - x 1 7 x 1 1 0 0 1 7 6 7 1 1 6 5 4
3 4 4 5 3 1 3 3 0 6 7 1 1 1 7 1 7 7 5. 0 - - - - - - - - 0 - - - - - - 1 1 5 1 5
3 7 6 3 6 3 5 2 5 2 4 1 5 2 1 5 1 6 3 6 3 5 3 5 3 x 2 1 x 6 6 0 6 6 5 5 4 3 2 3
3 1 0 3 4 5 4 3 4 4 2 2 0 5 5 4 0 4 3 2 ,4 ,4 4 4 0 4 4 1 4 1 1 5 1 5 3 5 1 5 2 6
2 6 4 6 2 6 5 2 5 7 5 7 1 0 0 0 0 - 0 0 0 0 0 - - 0 0
%END
