%素颜钢琴.txt
% 出处 https://www.jianpujia.com/
title=素颜钢琴
tag=许嵩,分类/钢琴谱
usertag=许嵩,分类/钢琴谱
tagroute=
transcriber=jianpu2-auto
status=ocr
source=jianpujia-154013
todo=refine the filename
%--
4/4
subtitle=score
1 1 1 2 3 1 1 1 7 7 7 6 5 1 7 6 6 6 3 2 2 1 2 x - - - - - - - - - - - - 6 3 6 1
3 1 6 3 3 7 3 5 7 5 3 7 4 1 4 6 5 2 5 7 x 2 2 x 6 5 3 2 3 2 3 4 2 3 4 2 3 4 4 4
3 2 1 2 3 7 3 5 6 3 6 1 2 6 2 4 6 4 2 6 4 1 4 6 5 2 5 7 2 5 x 3 3 4 3 ,5 4 3 2 2
2 3 3 2 2 1 1 1 1 2 3 1 1 1 1 5 1 3 5 3 1 5 3 7 3 5 7 5 3 7 6 3 6 1 3 1 6 3 2 x
7 7 7 6 5 1 7 6 6 6 3 2 2 1 2 6 5 3 2 3 2 3 1 - - - - - - - - - - - 3 7 3 5 7 5
3 7 4 1 4 6 5 2 5 7 3 7 3 5 6 3 6 1 x - - - 0 - - - - - - - - x 3 1 x 4 2 3 4 2
3 4 3 4 3 6 1 1 - - - 1 - - - - x 1 2 6 2 4 6 4 2 6 4 1 4 6 5 2 5 7 1 5 1 3 5 3
1 5 x - - - 0 - - - - - - - - 1 x 3 4 x qx 0 1 1 5 1 2 3 2 0 2 2 2 2 3 4 3 0 1 1
6 1 6 1 6 1 5 1 5 3 5 1 5 3 7 3 5 7 5 3 7 6 3 6 1 3 1 6 3 x - - - - - - - - - -
- - x 3 7 x 7 7 7 5 5 3 2 1 1 7 6 6 6 3 2 1 2 6 5 3 2 3 2 3 1 - - - - - - - - -
- - 3 7 3 5 7 5 3 7 4 1 4 6 5 2 5 7 3 7 3 5 6 3 6 1 x - - - 0 0 - - - - - - -
%END