%素颜钢琴_2.txt
% 出处 https://www.jianpujia.com/
title=素颜钢琴
tag=
usertag=
tagroute=
transcriber=jianpu2-auto
status=ocr
source=jianpujia-154013
%--
4/4
subtitle=score
1 0 3 3 3 2 2 1 1 6 5 0 3 3 3 2 2 2 1 1 6 5 0 3 3 3 2 2 2 1 1 6 5 5 1 1. - - - -
- - - - - - - - - - - - - - - - - 4 1 4 1 6 1 4 1 3 7 3 7 5 7 3 7 2 6 2 6 4 6 2
6 x 1 - - 0 - - - - - - - - - 5 6 1 1 6 1 3 2 3 2 3 0 3 3 3 2 2 2 1 1 6 5 0 3 3
3 2 2 2 1 1 6 5 1 - - - - - - - - - - - - - - - - - - - - 1 5 1 5 3 5 1 5 4 1 4
1 6 1 4 1 3 7 3 7 5 7 3 7 0 3 3 3 3 5 3 2 1 5 3 2 1 1 ,6 0 4 4 4 3 2 1 2 3 2 6 2
6 4 6 2 6 1 5 1 5 3 5 1 5 2 6 2 6 5 2 5 2 x - - - 0 - - - - - - - - x 1 0 x 0 5
6 1 1 1 1 6 1 6 0 4 4 4 3 2 1 2 3 0 5 6 1 1 1 6 1 6 1 - - - - - - - - - - - - -
- - - 1 5 1 5 3 5 1 5 2 6 2 6 5 2 5 2 1 5 1 5 3 5 1 5 x 1 3 x 0 4 4 3 2 1 2 3 2
3 5 1 1 1 1 6 1 1 6 1 3 2 1 2 6 2 6 5 2 5 2 1 5 1 5 6 3 6 3 2 6 2 6 4 6 2 6 x 3
3 0 0 0 1 2 3 3 4 3 ,5 4 3 2 2 2 3 3 2 2 1 3 7 3 5 7 5 3 7 1 5 1 3 5 3 1 5 3 7 3
5 7 5 3 7 x - - - 0 - - - - - - - - 1 1 1 2 3 1 1 1 7 7 7 6 5 1 7 6 6 6 3 2 2 1
2 x - - - - - - - - - - - - 6 3 6 1 3 1 6 3 3 7 3 5 7 5 3 7 4 1 4 6 5 2 5 7 x 2
2 x 6 5 3 2 3 2 3 4 2 3 4 2 3 4 4 4 3 2 1 2 3 7 3 5 6 3 6 1 2 6 2 4 6 4 2 6 4 1
4 6 5 2 5 7 2 5 x 3 3 4 3 ,5 4 3 2 2 2 3 3 2 2 1 1 1 1 2 3 1 1 1 1 5 1 3 5 3 1 5
3 7 3 5 7 5 3 7 6 3 6 1 3 1 6 3 2 x 7 7 7 6 5 1 7 6 6 6 3 2 2 1 2 6 5 3 2 3 2 3
1 - - - - - - - - - - - 3 7 3 5 7 5 3 7 4 1 4 6 5 2 5 7 3 7 3 5 6 3 6 1 x - - -
0 - - - - - - - - x 3 1 x 4 2 3 4 2 3 4 3 4 3 6 1 1 - - - 1 - - - - x 1 2 6 2 4
6 4 2 6 4 1 4 6 5 2 5 7 1 5 1 3 5 3 1 5 x - - - 0 - - - - - - - - 1 x 3 4 x qx 0
1 1 5 1 2 3 2 0 2 2 2 2 3 4 3 0 1 1 6 1 6 1 6 1 5 1 5 3 5 1 5 3 7 3 5 7 5 3 7 6
3 6 1 3 1 6 3 x - - - - - - - - - - - - x 3 7 x 7 7 7 5 5 3 2 1 1 7 6 6 6 3 2 1
2 6 5 3 2 3 2 3 1 - - - - - - - - - - - 3 7 3 5 7 5 3 7 4 1 4 6 5 2 5 7 3 7 3 5
6 3 6 1 x - - - 0 0 - - - - - - - x 4 0 x 4 3 6 1 1 - 4 3 1 6 1 2 3 2 1 - - - -
- - 2 6 2 4 6 4 2 6 4 1 4 6 5 2 5 7 x 4 2 x 2 0 1 - - 0 0 0 0 1 5 1 3 5 3 1 5 q1
- - -
%END
