%紫藤花.txt
% 出处 https://www.qupu123.com/
title=紫藤花
tag=分类/记谱
usertag=分类/记谱
tagroute=
transcriber=jianpu2-auto
status=ocr
source=qupu123-81176
%--
4/4
subtitle=score
x 3 5 ,5 ,7 ,6 ,5 1 0 ,6 1 4 2 5 - 5 ,5 ,6 ,5 3 3 3 5 1 2 3 2 3 3 1 2 ,6 1 1 ,5 6 5 ,3 - 5.
,5 2 2 2 1 2. 3 3' 5 5 1 1 3. 2 2 ,6 6 2 2. 2 3 2 1 ,6 1 ,7 ,,1' ,5. ,5 0 5 3 3 5 6 5. 6 6 5 3
5 3. q6 ,6 3 5. 3 3 2 1 2 2 0 5 6 6 6 5 3 1 7 ,6 3 0 2 3 3 1 ,7 6 7 ,5 ,6 0 0 1 ,7 ,6 6 6
2 4 4 3 2 5 5 3 5 6 6. 5 3 ,5. 6 2 1 1 1 0 x ,6 ,6 ,7 ,7 ,6 ,5 1 - ,5 6 ,5 3 3 3 5 1 3 - 2
2 3 3 1 2 ,6 1 0 0 ,5 ,6 ,5 3 - 3 5 1 2 3 4 4 2 1 ,5 ,5 ,3 - ,5 2 2 2 1 2 3 5 1 3. 2 2 3
3 1 3 3. 1 2 2 5 5 5 1 2 3 5 2 3 ,7 ,6 2 2. q3 2 ,6 1 ,7 ,5 ,5 0 5 3 3 5 6 5 5 6 6 5 3 ,6
- ,6 2 2. 3 2 1 2 2 ,7 ,6 ,7 ,5 5 3 3 5 6 - 1
%END