%红叶如火.txt
% 出处 https://www.qupu123.com/
title=红叶如火
tag=
usertag=
tagroute=
transcriber=jianpu2-auto
status=ocr
source=qupu123-311054
%--
4/4
subtitle=score
qx x x x x x 1 x 3 4 5 3 6 7 ,,1 6 2. 0 4. 4 4 4 6 7 6 1 ,1 2 7 5. 2 3. 1 3 4 3 ,,1 6 4. 2
3 1. 2' 7 5 x. 6 ,1 3 2 3 4 6 4 5 4 5 6 6 5 6 7 q6 7 q1 q,1 q7 ,1 2 ,,1 2 3 2 3 4 ,1 5 5 - 3
4 5 2 2 4 3 ,1 4 4 4 5 6 5 5 - 7 5 7 1 2 2. 7 ,1 2 5 - 4 ,1 6 5 5 7 2 1 4 5 1 3 3 3
4 5 6 5 6 6 5 6 6 4 4 4 4 4 5 2 3 4 5 6 7 7 7 ,1 2 0 7 7 5 4 3. 2 ~ 2 ~ 2 ~ 2 ,2 1'.
1' 2' ~ 2 ~ 2 ~ 2 2 3. 1 5. 3' 1. 5 3 4' 5 6 5 4. 1. 1 4 5 6 7 3 3 4 5 6 5' 1'. 7 7 7 2' 1' 6
7 7 5 4 2' 2 2 2 2 3. 1 - 7 7 5 4 1 3'. 2 2 2 2 2 2 x' 1' - - 0
%END
