%红楼组曲_2.txt
% 出处 https://www.qupu123.com/
title=红楼组曲
tag=
usertag=
tagroute=
transcriber=jianpu2-auto
status=ocr
source=qupu123-396876
%--
4/4
subtitle=score
- q0 q2 ,1' ,6'. ,6 - - ,1' ,6'. ,6 - - 5 3 3 - - 7 6 6 - - 6 x 7 6 x 6 3 5 6 6 3 3 - - x. 0 3.
- - 0 3. - - 0 3. - - 0 6. - - 6 7 6 6 3 5 6 6 3 3 - - q3 q2 q5 q3 q2 q1. q5 1 ,6'. ,6. - - ,6'. ,6.
- - 5 3 3. - - 7 6 6. - - 6. - - - 6 7. 6 6 3 5 6 1 0 6 0 0 0 6 0 0 0 0 0 0 0 0 0 0
6 0 0 0 3 0 0 0 2 3 2 2 ,6 1 2 2 ,6 ,6 - - 1 2 3 3 ,6 3 2 - - 3 5 6. 7 6 7 6 7 5 - -
3 ,5 2 3 2 2 ,6 1 2 2 ,6 ,6 - - 1 2 3 3 ,6 3 2 - - 3 5 6. 7 6 7 5 - - 3 ,5 3. - - - 2 3.
2 2 ,6 1 2 ,6. - - - 2 ,6 2 3 5 6. 7 6 7 5 ,5 1 3 5 3 ,5 2 0 0 0 6 0 0 0 1 0 0 0 2 0 0
0 6 0 0 0 5 0 0 0 6. 1 6 3 1 - - 2 3 2. 3 2 7 5 7 3 1 6 6 - - 1 6 6 - - 6. 1 6 3 1
- - 2 3 2. 3 2 7 5 7 3 1 6 6 - - 1 6 6 - - - - - - - - - - - - - - - - - - - - -
- - - - - - - - - - - - - - - - - - - - 6 0 0 0 1 0 0 0 7 0 0 0 5 0 0 0 6 0 0 0
3 0 0 0 1 1 1 1 2. 1 2 2. 1 2 1 1 6 6 - - x - 5 - - 1 - - 7 1 6 - - 5 6 6 1 3 2 6
1 ,7 ,6 1 1 1 1 2 2. 1 2 1 1 6 6 - - - 5 - - 1 - - 7 1 6 - - 5 6 6 1 3 2 6 1 ,7 ,6 x
x 1 1 2. 2. - - 1 6 6. ,6 1 3 5 1 3 5 1 1 1 1 1 0 0 6 6 6 6 6 0 5 6 1. 3 2 6 1 ,7 ,6 ,4
0 0 0 ,3 0 0 0 - ,5 0 0 0 1 1 1 1 1 0 0 ,6 ,6 ,6 ,6 ,6 0 0 ,6 0 0 0 x 5 5 x 4 5 4 3 5 -
2 4 3 2 3 1 1 - - 0 2 2 - ,7 ,6 2 3 ,5 - ,5 ,6 1 1 ,7 ,6 ,5 4 5 4 3 5 - 2 4 3 2 3 5 1 -
- 0 0 0 0 0 0 0 0 ,5 ,6 1 1 ,7 ,6 ,5 4 5 4 3 ,5 5 5 2. 4. 3 2 3 5 1. 1 1 1 1 ,7 2 2. - ,7 ,6
2 3 ,5. - ,5 ,6 1 1 ,7 ,6 ,5 ,2 - ,3 - ,,6 - ,,7 - ,3 ,2 ,3 ,5 ,1 0 ,2 0 ,2 0 ,2 0 ,,5 0 ,1 0 ,,7 0 x 6 1
x ,6 - - ,7' ,,6' ,6 - 3 5 6 7 1 - - 7 1 ,7 6 - - 1 7. 1 7 6 7 1 ,7 6 - - 7 ,6 - - 0 ,6 - -
3 5 6 7 1 - - 7 1 ,7 6 - - 1 7. 1 7 6 7 1 ,7 6 - - 7 ,6 - - ,7. ,,6. ,6. - - - 1 1 1 1 1 1
0 0 7. 1 7 6 7 6 6 6 6 6 6 0 6 0 0 0 6 0 0 0 1 1 1 1 1 1 0 0 0 0 0 0 6 6 6 6 6 6
0 1 1 - - - - - - - - - x 6 7 x 1 - - ,7 6 - - 1 7. 1 7 6 5 6 6 5 3 - - 0 x 2 2 0
,6 2 1 1 0 ,7 ,6 1 - - ,7 6 - - 1 7. 1 7 6 5 6 6 5 3 - - 0 0 0 0 0 0 0 0 ,7 ,6 1 1 1 1
1 1 0 6 6 6 6 6 6 0 7. 1 7 6 5 6 6 5 3 3 3 3 3 ,6 2 2 0 ,6 2 1 1 0 ,7 ,6 x 1 1 1 1 1
1 1 0 ,6 ,6 ,6 ,6 ,6 ,6 0 0 0 0 0 ,3 ,3 ,3 ,3 ,3 ,3 0 ,2 ,2 ,2 0 ,1 ,1 ,1 0 x 7 3 x ,5. ,3 ,5 ,6 ,7 ,6 -
- 0 - ,6 - - 1 - - ,7 6 - - 1 7. 1 7 6 5 6 7 1 ,7 5. 3 5 6 7 6 - - 0 - 6 - - - 1 - -
7 6 - - 1 7. 1 7 6 5 6 7 1 7 - 0 0 - 1 - - - - 0 - - - ,5. ,3 ,5 ,6 ,7 ,6. 1 3 6 0 ,6 3 0
,6. 1. 3. 6. 1 1 1 1 1 1 0 0 0 0 0 0 ,5 - ,3 - ,6 - - 0 - ,6 - - - 1 1 1 1 1 1 0 0 0 0 0
0 x 7 x 6 - - 1 - - ,7 6 - - 1 7. 1 7 6 5 6 6 5 3 - - 0 x 2 2 0 ,7 ,6 6 - - 1 - - ,7
6 - - 1 7. 1 7 6 5 6 6 5 3 - - 0 0 0 0 0 6 6 6 6 6 6 0 1 1 1 1 1 1 0 6 6 6 6 6 6
0 0 0 0 0 3 3 3 3 3 ,7 2 2 0 ,7 ,6 ,6 ,6 ,6 ,6 ,6 ,6 0 1 1 1 1 1 1 0 ,6 ,6 ,6 ,6 ,6 ,6 0 0 0 0
0 ,3 ,3 ,3 ,3 ,3 0 ,2 0 ,2 0 x 1 1 6 x 3 6 1 6 5 3 2 3 5 2 - 2 3 5 3 5 0 3 2 3 5 1 0 ,5
,6 ,7 ,6 2 3 ,5 ,6 ,7 2 ,6 - - ,5 ,6 6 - 0 0 0 0 5 3 2 ,7 ,6 ,5 2 3 5 0 0 3 5 1 ,5 ,6 ,7 ,6 2 3
,5 ,6 ,7 2 ,6 2 ,7 ,6 ,5 ,6 3 6 1 6 5 3 2 3 5 2. - 2 3 5 3 5 0 3 2 3 5 1 0 ,5 ,6 ,7 ,6 2 3 ,5
,6 ,7 2 ,6. - - ,5 ,6 3 6 6 3 2 7 5 2 5 3 1 6 3 1 6 5 5 2 7 5 6 - - 0 1 1 1 x x - 1 x
,7 ,6 2 3 ,5 ,6 2 3 1 - - - 5 3 5 3 5 6 - - - 6 - - - 6 0 0 0 x 1 1 1 1 ,7 ,6 2 3 ,5 ,6
2 3 1 - - - 5 3 5 3 5 6 - - - 6 - - - 6 0 0 0 ,7 ,6 2 3 ,5 ,6 2 3 1. - - - 5 3 5 3 5
,6 1 3 5 6 1 3 5 6 0 0 0 x 1 x 1 x ,,7 ,2 ,,7 ,,5 ,1 - - - ,3 - ,5 - ,6 - - - ,6 - - - ,6 0 0
0
%END
