%红豆_2.txt
% 出处 https://www.jianpujia.com/
title=红豆
tag=分类/钢琴谱
usertag=分类/钢琴谱
tagroute=
transcriber=jianpu2-auto
status=ocr
source=jianpujia-149347
%--
4/4
subtitle=score
4 1 2 6. ,7 5 6 3 1 2 2 1. 2 5 6 5 2 2 2 3. 2 5 6 ,2 ,4 ,5 - 1 5 2 5 1 5 3 5 6 3 1 3 6
3 1 3 3 1 2 ,4 2 6 2 1 1 1 6. 5 2 3 2 2 1 6 1 5 5 5 5 5 5 3. 7 2 - 0 1 2 4 1 6 1 3
1 5 1 2 4 6 1 4 2 6 2 4 2 4 6 1 1 2 2 3 4' 7 3 2' ,7 ,5 3 4 3 3 1 ,7 7 ,7 4 5 5 1 1 1
2 2 5 3 3 2 2 1 6 3 ,1 1 7 3 6 6 5 3 3 7 6 6 5 5 6 1 6 6 5 5 4 4 5 1 2. 2 2 1 2 1
5 3 1 5 3. 7 3 7 5 3 7 5 3 6 3 1 6 3 1 6 3 5 3 7 5 3 7 5 3 4 1 6 4 1 6 4 1 3 1 5
3 1 5 2 1 x 1 - - - - - - - - - - - - - - - - - - - - - - - - 5 3 3 7 2 4 2 1 6
3 3 6 2 4 2 1 2 ,3 5 1 1 1 2 2 3 3 3 3 3 2 2 1 6 3 1 ,1 1 ,7 7 3 ,1 1 ,6 6 1 6 6 ,3 3
2 6 2 4 4 2 6 4 5 2 4 5 5 2 ,5 1 5 3 1 5 3 ,1 7 3 7 5 3 7 5 3 6 3 1 3 5 3 1 3 4 3
1 6 3 1 6 3 q4 1 ,5 ,2' 2 7 7 5 5 3. 6' 6 1 3 2 1 6 4 2 6 6 6 6 5 5 6 4 2 3 3 2 1 1. 1
2 4 1 6 3 5 ,6 1 5 3' 3 3 7 5 3 7 5 3 7 6 3 1 6 3 1 6 3 2 6 2 4 2 6 4 2 5 2 4 5 2
1 1 3 5 1 5 4 1 ,6 1
%END
