%约会去看彬德桥.txt
% 出处 https://www.qupu123.com/
title=约会去看彬德桥
tag=
usertag=
tagroute=
transcriber=jianpu2-auto
status=ocr
source=qupu123-305552
%--
4/4
subtitle=score
,6 ,5 1 1 1 ,6' 1' 3 0 1 3 6 1 1' 4' 5 ,5 1 1 6 1 2 5 3 1 ,6 3 2 3 - ,5 ,6 1 6 1 2 5 6 1 2
2 1 2 - 5 6' 7' 1 6 5 6 1 2 2 2 3 6 1 6 5 6 - 2 1 1 1' 1 6 5 6 5 3. 6 6 5 3 5 3 - 2
1 ,6 3 5 6 6 3. 6 5 2 5 3 - 2 1 2 3 5 6 6 3. 6 5 3 2 2. 2 1 2 1'. 2. 3 5 6 6 1 6 2 3 2
3 5 3' 6 - 2 1 1' 1' 6 5 6 5 6 6 - 3 1 1 - 6 5 6 5 6 - 2 1 ,6 ,6 - 2 1 1 6 - - - 4 -
6 5 6 2 - 5 6 1 ,6 - - - - - - - - - - - - - - -
%END
