%练习钢琴.txt
% 出处 https://www.jianpujia.com/
title=练习钢琴
tag=分类/钢琴谱
usertag=分类/钢琴谱
tagroute=
transcriber=jianpu2-auto
status=ocr
source=jianpujia-252874
todo=refine the filename
%--
4/4
subtitle=score
1. 6 5 - 5 - - 5 6 1 3 2 1 2 2 3 3 5 6 1 6 1 1 - - - ,4 4 - ,5 5 - 1 1 - - - ,7 7 -
- - x x x 1 1 3 2 1 2 2 3. 3 5. 2 1 1 - 2 6 3 5 5 5 4 3 2 6 5 4 3 6 - - - 5 - - -
4 - - - 3 - - - x x x 1 2 1 6 0 1 1 6 2 2 2 2 3. 2 6 1 1 - 0 0 0 3 5 ,2 2 - - - ,5
5 - - - 1 1 - - - ,5 5 - - - x x x 1 6 5 5 5 0 3 5 6 5 5 5 0 3 5 6 3 3 3 2 5 5 -
- 3 5 1 5 1 1 5 7 7 5 2 7 6 6 1 1 6 5 5 1 1 5 x 1 x 1 6 3 3 3 6 5 3 2 1. 0 2 2 2
2 1 6 6 6 5 5 6 3 2 0 6 4 4 6 4 6 3 ,7 3 6 6 3 2 6 4 2 6 5 5 5 7 5 x 1 1 1 6 5 5
5 5 3 5 6 5 5 5 5 3 5 6 3 3 3 2 5 5 - - 3 5 1 5 1 1 5 7 7 5 2 7 6 6 1 1 6 5 5 1
1 5 1 x 1 x
%END
