%绅士钢琴.txt
% 出处 https://www.jianpujia.com/
title=绅士钢琴
tag=薛之谦,分类/钢琴谱
usertag=薛之谦,分类/钢琴谱
tagroute=
transcriber=jianpu2-auto
status=ocr
source=jianpujia-150415
todo=refine the filename
artist=薛之谦
%--
4/4
subtitle=score
x 4 5 x 6 5 6 5 6 4 6 3 3 2 2 0 7 7 6 7 6 7 5 7 2 2 1 1 0 7 7 1 4 1 4 1 4 1 4 1
5 2 5 2 5 2 5 2 5 3 7 3 7 3 7 3 6 3 6 3 6 3 6 3 x - - - - - - - - - - - - - - -
- x 4 x 6 6 6 4 6 3 2 2 0 7 7 1 2 2 1 1 1 - 2 1 2 3 x 5 6 1 4 1 4 1 4 1 4 1 5 2
5 2 5 2 5 2 1 5 1 5 1 5 1 5 5 - 6 - x - - - - - - - - - - - - 0 3 2 2 1 2 3 3 2
2 1 2 1 2 3 3 6 1 - - 1 - - - 1 1 5 1 5 1 5 1 5 7 5 7 5 7 5 7 5 6 3 6 3 6 3 6 3
6 3 6 3 6 7 1 2 x - - - - - - - - - - - - - - - - 0 3 2 2 1 2 5 5 3 3 2 2 1 2 3
3 2 1 - - 1 - - 0 5 1 1 5 1 5 1 5 1 5 7 5 7 5 7 5 7 5 6 3 6 3 6 3 6 3 6 3 6 3 6
3 6 3 x - - - - - - - - - - - - - - - - x 6 1 x 6 3 3 3 3 3 4 3 3 2 2 0 7 7 6 7
6 7 5 7 2 2 1 1 0 0 5 1 4 1 4 1 4 1 4 1 5 2 5 2 5 2 5 2 5 3 7 3 7 3 7 3 6 3 6 3
6 3 6 3 x 6 5 x x 6 5 6 4 6 3 2 2 0 7 7 1 2 2 1 1 - - 0 0 0 0 1 4 1 4 1 4 1 4 1
5 2 5 2 5 2 5 2 1 5 1 5 1 5 1 5 1 - - - x - - - - - - - - - - - - 1
%END
