%绅士钢琴_2.txt
% 出处 https://www.jianpujia.com/
title=绅士钢琴
tag=
usertag=
tagroute=
transcriber=jianpu2-auto
status=ocr
source=jianpujia-150415
%--
4/4
subtitle=score
q1 - - q1 4 q1 - - 1 0 x - - ,x' x. 0 3 3 3 4 5 0 2 2 2 3 4 0 1 1 1 2 3 2 3 2 1 - - -
- - - x 5 5 5 2 ,1 1 - - - ,2 7 - - - 7 ,2 - - - ,7 5 - - - x x x x 5 6 6 5 5 6 1 2
1 3 3 3 4 5 0 2 2 2 3 4 - - - - - x 1 2 5 5 ,6 4 - - - ,7 5 - - - ,1 1 - - - ,2 7 -
- - x 1 x x 0 1 1 1 2 3 2 3 2 3 ,6 - - ,6 ,5 ,5 ,6 1 2 x 2 2 1 2 7 7 6 7 5 - - - 5 -
- - 4 - - - 5 - - - x 1 1 1 1 7 1 0 7 1 0 7 1 0 5 5 2 2 2 1 2 3 2 2 3. 3 1 1 6 3
1 3 6 3 1 3 5 3 1 3 5 3 1 3 2 6 4 6 2 6 4 6 5 3 1 3 5 3 1 3 x 1 7 x 0 7 1 0 7 1
0 7 1 0 2 2 - - - 2 - - - 6 3 1 3 6 3 1 3 5 3 1 3 5 3 1 3 2 6 4 6 2 6 4 6 5 - -
- x 0 - 0 - - 0 - 0 0 - 0 - x 2 1 x 0 3 2 2 1 2 3 3 7 7 7 7 2 1 1 1 7 6 6 - 6 -
- - 3 2 3 1 1 1 5 1 5 7 5 7 5 6 3 1 3 6 3 6 3 x 1 x x 0 3 2 2 1 2 3 3 2 2 1 2 1
2 5 5 2 3 - - 3 - - 0 5 3 2 1 1 1 1 5 1 5 7 5 7 5 6 3 6 3 6 3 6 3 x x x x x 2 x
6 5 6 5 6 4 6 3 3 2 2 - 0 7 7 6 7 6 7 5 7 2 2 1 1 - 0 6 ,6 ,7 ,5 1 1 4 1 4 1 5 2 5
2 3 7 3 7 6 3 6 3 x 1 1 1 x 3 3 x x 2 3 4 5 6 7 1 6 1 3 2 0 7 7 1 2 2 1 1 1 0 2
3 4 5 4 1 4. ,6 4 1 5 2 5 ,7 2 1 5 1 1 5 ,4 4 - ,5 5 - x x x x x 3 7 x 0 3 2 2 1 2 3
3 7 7 7 7 2 1 1 1 7 3 6 6 - 6 - - - 1 1 5 1 5 1 5 1 5 7 5 7 5 7 5 7 5 6 3 6 3 6
3 6 3 6 3 6 3 6 7 1 2 0 3 2 2 1 2 3 3 2 2 1 2 1 2 5 5 2 3 - - 3 - - 0 5 1 1 5 1
5 1 5 1 5 7 5 7 5 7 5 7 5 6 3 6 3 6 3 6 3 6 3 6 3 6 3 6 3 x - - - - - - - - - -
- - - - - - x 4 5 x 6 5 6 5 6 4 6 3 3 2 2 0 7 7 6 7 6 7 5 7 2 2 1 1 0 7 7 1 4 1
4 1 4 1 4 1 5 2 5 2 5 2 5 2 5 3 7 3 7 3 7 3 6 3 6 3 6 3 6 3 x - - - - - - - - -
- - - - - - - x 4 x 6 6 6 4 6 3 2 2 0 7 7 1 2 2 1 1 1 - 2 1 2 3 x 5 6 1 4 1 4 1
4 1 4 1 5 2 5 2 5 2 5 2 1 5 1 5 1 5 1 5 5 - 6 - x - - - - - - - - - - - - 0 3 2
2 1 2 3 3 2 2 1 2 1 2 3 3 6 1 - - 1 - - - 1 1 5 1 5 1 5 1 5 7 5 7 5 7 5 7 5 6 3
6 3 6 3 6 3 6 3 6 3 6 7 1 2 x - - - - - - - - - - - - - - - - 0 3 2 2 1 2 5 5 3
3 2 2 1 2 3 3 2 1 - - 1 - - 0 5 1 1 5 1 5 1 5 1 5 7 5 7 5 7 5 7 5 6 3 6 3 6 3 6
3 6 3 6 3 6 3 6 3 x - - - - - - - - - - - - - - - - x 6 1 x 6 3 3 3 3 3 4 3 3 2
2 0 7 7 6 7 6 7 5 7 2 2 1 1 0 0 5 1 4 1 4 1 4 1 4 1 5 2 5 2 5 2 5 2 5 3 7 3 7 3
7 3 6 3 6 3 6 3 6 3 x 6 5 x x 6 5 6 4 6 3 2 2 0 7 7 1 2 2 1 1 - - 0 0 0 0 1 4 1
4 1 4 1 4 1 5 2 5 2 5 2 5 2 1 5 1 5 1 5 1 5 1 - - - x - - - - - - - - - - - - 1
%END
