%织一件梦的衣裳.txt
% 出处 https://www.qupu123.com/
title=织一件梦的衣裳
tag=分类/通俗歌曲
usertag=分类/通俗歌曲
tagroute=
transcriber=jianpu2-auto
status=ocr
source=qupu123-334004
%--
4/4
subtitle=score
1 - - 0 0 6 6 1 4 x x x ,5 ,5 ,6 3 - 2 2 3 2 ,6 ,5 - ,6 1 2 - 5 2 4 5 4 3 2 - 3 5 3 6
7 6 5 5 3 2. 3 2 3 2 1 - - ,5. 6 5 5 3 2. 3 2 3 2 1 - 2 - - - ,5 ,5 ,6 - 3 - 2 2 3 2 ,6
,5 - ,6 1 2 - - 5 2 4 3 2 - 3 5 3 6 7 6 5 5 3 2. 3 2 3 2 1 - - ,5 5 6 5 5 3 2. 3 2 3
2 6 - 1 - - - 5. 3 5 6 1 - 7 6 7 6 7 6 3 - 5 - 5. 6 1 7 6 5. 6 ,6 5 3 2 2. 3 3 5 3 6
7 6 5 5 3 2. 3 2 3 2 1 - - ,5. 6 5 5 3 2 2 1 2 3 - 5 - - - 5. 3 5 6 - 1. 7 7 6 7 6 7
6 3 - 5 - 5. 6 1 7 6 5. 6 ,6 5 3 2 2. 3 3 5 3 6 7 6 5 5 3 2'. 3 2 3 2 1' - ,5. ,6 5 5 3 2.
3 2 3 2 ,6 1 - - - ,5. ,6 5 5 3 2. 3 2 ,6 2 2 1. 1 - 1 0 0 0
%END
