%结束不是我要的结果.txt
% 出处 http://www.jianpu.cn/
title=结束不是我要的结果
tag=张学友
usertag=张学友
tagroute=
transcriber=jianpu2-auto
status=ocr
source=jianpucn-34578
%--
2/4
subtitle=score
3 3 2 ,1 2 3 5 5 3 5 6 7 6 3 5 5 5 0 0 5 6 6 6 6 6 3 3 5 5 3 5 5 6 ,1 2 3 3 2 2 ,1
,1 6 3 2 3 3 2 ,1 2 3 5 5 3 5 ,1 7 6 3 6 6 5 5 0 5 6 6 6 6 6 3 3 6 5 3 5 q5 ,1 ,1 2 3
3 2 2 ,1 ,1 6 6 6 5 5 5 5 6 ,1 6 6 5 5 5 3 5 5. 5 5 6 ,1 2 2 ,1 ,1 1 5 6 6 5 6 0 0 ,1 2
2 2 2 2 ,1 ,1 6 6 6 ,1 2 3 2 2 2 2 ,1 ,1 2 3 2 ,1 2 2 5 6 ,1 6 5 5 5 3 5 5 5 6 ,1 2 2 ,1
,1 1 5 ,1 ,1 5 6 0 0 ,1 3 2 2 2 2 1 ,1 6 6 6 ,1 2 3 2 2 2 2 2 ,1 2. ,1 ,1 6 1 1 - 1' - 1 0
5 6 ,1' 6 1' - 1' 0
%END
