%给你给我钢琴.txt
% 出处 https://www.jianpujia.com/
title=给你给我钢琴
tag=毛不易,分类/钢琴谱
usertag=毛不易,分类/钢琴谱
tagroute=
transcriber=jianpu2-auto
status=ocr
source=jianpujia-152124
todo=refine the filename
%--
4/4
subtitle=score
5. ,6 ,6 3 2 2 - 0 0 1 2 1 ,6 ,6 5 3 3 - 0 2 2 1 4 1 4 1 6 1 4 1 5 2 5 2 7 2 5 2 3 7
3 7 5 7 3 7 6 3 6 3 1 3 6 3 x - - - - - - - - - - - - - - - - x 7 3 x 1 6 ,6 0 0
5 6 1 1 2 3 6 2 2 - - 5 6 ,5 - 0 0 2 6 2 6 4 6 2 6 4 1 4 1 6 1 4 1 5 2 5 2 7 2 5
2 5 2 5 2 7 2 5 2 x 0 - - 0 - 0 0 0 0 0 - - 0 - - 0 x 7 7 x 0 0 0 3 2 1 2 3 3 3
3 2 2 2 3 2 3 6 2 1 1 6 1 1 0 - - - - - - - - - - x 3 x 5 x 3 ,5 - 0 0 ,5 ,1 - - -
,7 ,2 - - - ,6 ,1' - - - x 1 x 0 0 0 1 1 6 1 1 1 ,1 2 1 6 ,5 6 1 1 3 2 3 - 0 0 3 x 3 1
1 x 1 6 - x 5 - 4 1 4 1 6 1 4 1 5 1 3 5 1 3 5 1 1 5 1 5 3 5 1 5 1 - 0 0 0 - 0 -
- 0 - - 0 x 5 x 0 0 0 3 2 1 2 3 5 5 2 3 2 2. 3 3 6 2 2 2 2 1 1 6 1 1 5 1 5 3 5 1
5 1 3 5 3 5 3 1 3 7 3 5 3 5 3 7 3 6 3 5 6 3 5 6 3 x - - - - - - - - - - - - - -
- - x x 1 - 0 1 1 6 1 1 1 1 2 1 6 ,5 6 1 1 2 1 1 - 0 0 5 1 3 5 1 3 5 1 4 1 4 1 6
1 4 1 5 1 3 5 1 3 5 1 1 5 1 5 3 5 1 5
%END