%给我一首歌的时间.txt
% 出处 http://www.fysongs.cn/songku_show.asp?id=42248
title=给我一首歌的时间
tag=
usertag=
tagroute=
transcriber=jianpu2-auto
status=ocr
source=fysongs-42248
%--
4/4
subtitle=score
x 0 0 0 3 5 3 q3. 5 4 q3 3 2 q1 1 q1. q5 2 q1 7 q2 q1 7 6 6. 7 q6 q5 2 1 4 4 q5 q5 q4 3. 2 q3 2 0
6 7 1 1 7 5 5 5 5 5 5 1 0 1 1 1 1 1 q7 7 7 q1 2 1 7 0 6 7 1 1 7 5 5 5 5 5 5 1 0 1
1 1 2 1 3 3 2 1 3 1 q1. q5 q5 q3 q3 7. 5 5 2 2 1. 5 5 3 3 2 2 2 3 2 1 7 q1. 5 5 3 3 7. 5 5
2 2 1 1 1 6 2 6 1 0 1 1 1 1 6 3 2 - 0 5 3 3 3 2 2 1 1 1 2 3 2 2. 5 3 3 3 2 2 1 1
1 6 2 1 1. 5 3 3 3 2 1 1 6 1 6 2 5. 5 5 6 2 1 1 1 1 1 1 1 2 2. 5 3 3 3 2. 1 1 1 1 1
1 2 2. 5 3 2 2 1 2 1. 1 0 1 q1 q2 q3 4 5 q5 q5 5 5 5 6 3 q4 4 5. 5 q4 4 q4 3 4 4 - 4 4 4 4
4 5 2 2 3 3 4. 4 4 4 4 2 q1 2 1 1 2 q1 7. q7 q1 7 6 6 2 7 5 5 5 2 2 1 - 4 4 4 4 4 4 5
5 3 3 2 - 0 5 3 3 3 2
%END
