%美丽高岭我家乡.txt
% 出处 https://www.qupu123.com/
title=美丽高岭我家乡
tag=分类/民歌
usertag=分类/民歌
tagroute=
transcriber=jianpu2-auto
status=ocr
source=qupu123-335776
%--
4/4
subtitle=score
3 2 3. 5 6 5 3 2 3 2 1 2. 3 2 1 1 6 2 1 2 q3 3 5 3 5 3 7 7 6 q3 2 2 1 ,6 2 1 ,7 3 2 3.
5 6 5 3 2 3 2 1 2. 3 2 1 ,1 6 2 1 2 3. 5 3 5 3 7 2 6 6 3 2 2 3 2 1 2 3 5 q5 6 2 3 3
5 1 - 5 6 1 1 1 1' 6 5 3 3 - - 2 1 2 3 5 5 - 5 3 7 6 6 5 6 3 2 2 1 1 1 2 1. 2 3 3
x 1 1' 1' 1 5 3 ~ 3 - - 2 1 2 3 5 5 5 3 7 6 6 5 6 3 2 2 1 6 5 6 1 3 2 1 5 6 - - 6
3 2 2 6 5 5 6 1 1 - 0 5 2.
%END