%美丽新世界.txt
% 出处 http://www.fysongs.cn/songku_show.asp?id=42413
title=美丽新世界
tag=
usertag=
tagroute=
transcriber=jianpu2-auto
status=ocr
source=fysongs-42413
%--
6/8
subtitle=score
0 0 0 0 0 0 0 0 x 0 6 6 5 6 3 0 0 2 1 3. 5 q6 5. 0 1 2. 2 3 2. 0 q,5 1. ,6 ,5 ,6. ,6. 2 0 q3 5
q6 q5 - - 3 0 1 2. 2 3 2. 0 ,6 2. 2 1 ,6 2 0 ,6 1. 1 ,6 ,6 ,5 ,5. 1. 1 2 1 q1 1 1. 0 0 0 4 4 6 6
0 1 5. 5 6 - - 2 1 1. 1 6 6 5 6. 6 3 5. 6 5 5. 1 3 5 6 6 5 6 q5 6. q6 q5 q6 - - 5 3 q3 2 q1
1. q3 2 q1 2 2 2 2 3. 2. 1 2 1 6 6 6 5 6. 1 3 5. 1 1 6 6 5 ,6. 1 3 5 6 6 5 6 5 6. 6 q3 6 q5
5 q3 5 q3 3. 3 5 1 2 q2 1 2 1 2. 3 5 5 6 6 5 6 1 6. 1 3 5. 1 6. 6 3 1 6 6 5 6 5 6 6 6 3
6 - 0 - - 1 - - - - - 5 5 3 5 3 3. 3 5 1 2 2 1 2 1 2 3 5 5 6 6 5 6 1 6 6 3 1 - -
- - - - - - - 1 2. 2 1 2 1 ,6 ,6 6 5 ,6 ,6. ,6. 0 0 0 q3 q5 q6 0 0 0 q6 q5 q6 0 0 0 q3 q2 1 2 1
,2. 2. 2 1 ,2. 2. 3. 3.
%END
