%美丽中国_2.txt
% 出处 https://www.qupu123.com/
title=美丽中国
tag=
usertag=
tagroute=
transcriber=jianpu2-auto
status=ocr
source=qupu123-311058
%--
4/4
subtitle=score
1. 1 1 3 5 6 7 1 3 7 7 5 6 6 - - 5 7 7 7 6 7 6 3 6 5. 5 4 5 4 3 2 5 6. 6 6 ,6 1 4 q5
q6 1 5 5 1 3 3 - - 5 ,6 7 5 6 4 3 2. 5 2 1 0 1 1 1 1 1 ,5 1 3 5. 5 5 5. 3 - 1 5. 5 5 5
6 6 6 6 4. 1 6 5. 7 2 7 5. 5 5 5 ,6 1 6 5 - 6 5 - 1 3 - - 2 2 3 4. 4 5 2 - 1 7 6 5 4
3 2 0 1 4 5 6. 6 6 6. q1 4 5 6 - - 7 7 7 6 q7 6. 3 6 5. 3 4 3 5 - - 1 4 5 6 5. 6 5. 1 3
2 - 6 5. 5 5 2 4. 4 3 1 - - 1 0 5 1 1 - 1 - 2 7 7 5 6 6 - - 5 7 7 6 6. 3 ,x 6 5 - 5
4 2 7 5 6 6 - 6 - 1 5 5 1 3 3 - - 5 6 1 2 2 - 2 - - 2 - - 7. 5 2 1 - - 1 - - 1 -
- 3. 3 2 1 - - 3 4 5 6 5 0 3 5 6 7 1 2 3. 3 3 3 3 - - 4 5 q6 7 6 0 4 5 6 7 1 3 2. 2
2 2 2 - - x 3 5 1 2 3 0 q3 q5 q1 q2 3 0 4 6 7 1 2 0 4 6 7 1 2 0 3 7 5 3 7 5 x x 0 0
x 0 x 0 x x x 1 x 0 0 2 6 4 2 6 4 1 q3 3 1 7 2 6 - - 7 2 3 4 5 5 - - 6 1 4 5 6 6
- - x. x 5 5 - 7 1 2 2 3 2 3 2 1 1 1 1 1 0 0
%END
