%美在沈阳.txt
% 出处 https://www.qupu123.com/
title=美在沈阳
tag=
usertag=
tagroute=
transcriber=jianpu2-auto
status=ocr
source=qupu123-311060
%--
2/4
subtitle=score
1 - x 1 x 1 1' 0 3 5 5 3 7 6 7 5 6 0 3 5 1 1' 1 5 6 2 3 0 6 1 ,1 ,6 3 5 q5 q3 2 6 1. ,5
6 6 ,1 1 2 2 3 3 5 3 3 6 5 6 5 2 3 1 6 q5 ,5 - ,6 ,5 ,6 5 6 5 3 2 2 3 2 ,1 2 - 0 5 5 3
6 5 q6 5 0 ,1 2 3 3 2 3 1 ,6 0 1 ,6 ,5 3 2 3 1 5 5 6. 6 5 3 7 7 5 6 6. 5 ,6 ,1 2 3 q,1 2 0
6 q5 ,6 1 3 5 2 6 1 - 1 0 1' 2' 1' 1 - 6 7 5 6 6 - 0 3 5 0 ,1 1 6 7 6 6 2 ,,1 3 - 6 ,1 2
,1 1 - 6 7 5 6 6 - 0 ,5 ,1 5. 3 2 2 3 q2 3 ,6 1 - 0 ,5 ,6 5 3. 6 5 6 2'. 6 1' - 1' - 1' 1' 0
%END
