%美酒加咖啡钢琴.txt
% 出处 https://www.jianpujia.com/
title=美酒加咖啡钢琴
tag=邓丽君,分类/钢琴谱
usertag=邓丽君,分类/钢琴谱
tagroute=
transcriber=jianpu2-auto
status=ocr
source=jianpujia-150581
todo=refine the filename
%--
4/4
subtitle=score
x 1 7 2 6 3 5 6 ,3 1 3 2 1 5 2 7 - - - 7. 2. 3 5 3 2 6 1 6 3 5 6 3 - 4 1 4 5 1 5 1
2 5 7 2 5 5 2 5 2 5 3 7 5 3 2 6 2 6 6 3 1 6 x - - - - - - - - - - - - - 5. 3 3 3.
1 x 2 1 1. 3 2 1 1. 3 5 6 1 2 5 5. 2 1 5 5 5 5 2 5 - - - 5. 3 5 6 1 2 3 - - - 5 6 5
1 5 5 2 4 2 1 3 5 1 3 5 1 3 5 1 3 5 1 3 5 1 1 5 3 5 1 5 3 1 5 1 3 1 5 3 1 5 3 5
1 5 3 1 5 3 5 1 5 3 2 6 6 3 x 2 5 5 5 6 3 2 1 3 4 2. 3 5 3 2 1 6 5 1 5 5 6 3 2 1
3 2 - - - 2. 3 5 3 2 1 6 6 6 - 5 7 2 4 5 4 2 7 1 3 5 6 1 5 3 1 2 6 2 4 6 4 2 6 2
6 2 4 6 5 7 2 5 7 5 2 5 3 6 3 6 1 1 6 3 1 6 3 3 6 x 0 0 - - - - 0 0 - - 0 0 0 0
0 0 0 0 0 0 - - - - 5 2 3 x 2 1 6 5 3 5 6 1 1 3 5 6 1 4 3 2 1 2 5 1 6 5 3 5 6 1
7 - - 2 3 ,4 5 3 5 6 1 2 3 2 1 2 3 - 1 ,6 ,5 ,3 ,5 ,6 1 0 ,1 0 6 0 5 0 3 0 5 0 6 0 1 5
6 7 1 2 3 5 6 7 1 0 1 5 1 3 ,5 ,3 2 6 2 4 ,6 ,4 5 2 ,4 ,2 ,1 ,5 ,3 ,5 3 3 2 3 5 6 5 3 2 1
5 2. 3 5 3 2 1 6 5 6 2 3 5 6 5 3 2 1 2 - - - 2. 3 5 3 2 1 6 5 6 - 5 7 2 5 5 1 3 5
6 6 5 7 2 4 5 6 5 4 5 2 5 3 7 5 2 6 1 2 6 3 6 6 x - - - - - - 0 0 - 0 0 - - -
%END