%老房东查铺.txt
% 出处 http://www.fysongs.cn/songku_show.asp?id=43431
title=老房东查铺
tag=
usertag=
tagroute=
transcriber=jianpu2-auto
status=ocr
source=fysongs-43431
%--
2/4
subtitle=score
x 6 3 6 5 4 3 5 2. 3 6 2 3 5 4 3 2 6 - 5. 6 7 7 6 7 5 4 3 2 1. 2 0 x q2 s0 s3 s1 s7 q,6 ,x
3 5 3 5 1 7 6 - 6 7 6 3 6 5. x 4 3. 4 2 3 2 - 3 6 7 5 x 4 3 6 - q6 q7 q6 q6 q2. s3 5 q6 s3
s6 q1 s7 q,6 ,6 - q,6 q1 q3 q3 1. 2 3 - 3 6 3 6 5 x 4 3 2. 3 2 3 1 7 6 6 6 2. 3 5 5. 6 q1. x 2 q3
q2 q3 3 6 5. x 4 3 2 1. 2 5 2 3 1 7 6 5 6 - - 2 1 7 6 5. 6 7 6 0 7 q,6 s2 s3 s2 6 2 7 6 5
6 3 5 2. 3 5 6 3 5 3 2 7 2 3 6 0 6 3 6 x 3 2 3 5 4 3 6 - 6. 0 6 7 6 3 3 6 3 6 5 3.
5 3 1 2 - 1. 2 3 6 5 3 2 3 1 0 2 7 5 6 x 0 6 3 6 6 1 6 5 6 5 x 4 3 2 3 0 5 3 7 5
6. 3 6 5 3 3 2 3 1 0 7 6 2 1 7 6 5 6 x 5 6 x 5 3 2 3 6 3 5 5 6 5 6 1 - 1 - 6 6 1
6 5 3 3 6 5 3 3 2 3 1 2 2. 3 3 5 3 5 2 2 1 6 1 6 5 3 2 1 5 3 0 6 3 6 5. 3 2 3 1 2
- 3 5 0 7 6 - x 2' 2 2 7 7 7 6 7 6 7 6 5 6 3 6 5 3 2 3 1 2 3 5 3 5 1 7 6 0 6 3 6.
x. 2. 3 5 2 3 1 7 6 5 6. x 2 3 6 5 3 2. 3 1 6 5 6 3 5 6 - x
%END
