%老男孩.txt
% 出处 http://www.fysongs.cn/songku_show.asp?id=42339
title=老男孩
tag=
usertag=
tagroute=
transcriber=jianpu2-auto
status=ocr
source=fysongs-42339
%--
4/4
subtitle=score
5 5 5 5 5 5 6 5 5 4 3 6 7 7 1 7 5 0 5 q5 6 1 1 1 2 3 5 q0 0 5 4 5 2 2 1 2 0 5 5 5
5 5 5 6 5 5 4 3 6 7 7 1 7 5 0 q5 5 6 1 1 1 2 3 5 0 0 5 4 5 2 2 1 1 1 7 6 7 1 1 2
3 7 0 5 5 6 3 2 2 1 1 1 7 6 7 1 1 2 3 7 0 5 5 6 3 q2 2 1 1 - 0 0 0 0 0 q0 1 q1 q5 q5
q5 5 q5 q5 q7 q7 7 7 7 5 5 5 5 6 5 1 1 1 1 2 3 2 4 4 3 3 2 4 4 3 3 2 4 4 3 5 0 1 1 5
q5 q5 5 5 5 7 7 7 7 7 5 5 q5 5 6 5 1 1 1 1 2 3 2 4 4 3 3 2 1 1 7 1 - 0 1 7 6 q7 q1 q1
2 3 7 7 0 5 5 6 3 2 2 1 1 1 7 6 7 1 1 2 3 7 7 0 6 3 2 2 1 1 - 0 0 0 0 0 0 1 1 5
5 5 5 5 5 7 q7 7 7 q7 5 q5 5 5 6 5 1 1 1 1 2 3 2 4 4 3 3 2 4 4 3 q3 2 4 4 3 5 0 q1 1
5 5 5 5 5 5 7 7 7 7 7 5 5 q5 5 6 5 q1 1 1 1 2 3 2 4 4 3 3 q2 4 4 3 3 2 4 4 3 5 0 1
1. 1' - 0 0 1 2 3 2 4 4 3 3 q2 1 q7 1 - 0 0
%END
