%背叛情歌.txt
% 出处 http://www.fysongs.cn/songku_show.asp?id=42437
title=背叛情歌
tag=
usertag=
tagroute=
transcriber=jianpu2-auto
status=ocr
source=fysongs-42437
%--
4/4
subtitle=score
1 - - - x' x' x x x 0 0 0 q3 ,5. ,6 - 3 ,5. ,4 - - 3 ,5. 6 6 6 6. 6 q1 q1 q1 q1 6 6 5 5 q3 q3 ,3 -
0 6 6 6 6 6 6 1 1 1 1 1 1. 2. 3 2 0 2 3 2 1 6 ,6 1 1 1 1 1. ,6 5 5 ,5 0 0 2 3 2 1 6 ,6
6 6 6 6 ,6 7 1 ,7. 6 5 ,5 0 0 6 6 ,6. 6 1 1 1 1 6 ,6 ,5 ,5 3 3 ,3 - 0 6 6 6 6 6 6 1 1 1 1
1 1. 2. 3 2 0 2 3 2 1 6 ,6 1 1 1 1 1. ,6 5 5 ,5 0 0 2 q3 2 1 q6 ,6 q1 1 1 1 q1 3 5 5 3 3 -
- 5 - 1 7 1 7 6 3 1 1 7 1 7 6 3. 6 6 6 1 1 6 6 5 3 0 3 2 3 2 3 2 1 6 ,5 0 3 2 3 2
3 2 1 6 3 0 1 1 7 1 7 6 3 1 1 7 1 7 6 3. 6 6 6 1' 1 6 6 5 3 0 3 2 3 2 3 2 1 6 ,5 0
3 2 3 2 3 2 q1 6 5 - - 0 3 5. - 6 - - - 6 - - 0
%END
