%自分への手紙钢琴.txt
% 出处 https://www.jianpujia.com/
title=自分への手紙钢琴
tag=
usertag=
tagroute=
transcriber=jianpu2-auto
status=ocr
source=jianpujia-251735
todo=refine the filename
%--
4/4
subtitle=score
1 - - q1 - - 1 x. x x 1. 2 3 6 7 7 5 3 5 - 6. 6. 1 1 2 5 3 - - 0 3 3 6 3 6 7 1 - 3 7
3 7 5 - 4 1 4 1 6 - 1 5 1 5 3 - 5 3 2 6 7 6 4 2 3 4 7 5 0 2 6 3 1 2 3 3 4 0 7 3.
1. 2 7. 2. 6 2 4 - 5 2 - qx x 7 7 6 2 3 7 3 6 3 1 2 6 1 7 4 ,6 7 4 ,6 3 6 2 4 ,3 - 3. 1.
2 3 6 7 7 5 3 5 - 6. 6. 1 1 2 ,3 5 - - 0 3 3 6 3 6 7 1 - ,3 ,7 3 ,7 5 - 4 1 4 1 6 - 1
5 1 5 3 - 1 3 3 2 6 4 2 3 4 7 5 0 2 6 3 1 2 3 6 6 6 1 3 4 2 2 1 5 1 7 6 5 1 1 -
6 7 1 3 ,7 ,6 2 ,3 ,7 3 ,6 ,3 1 ,2 ,4 - ,2 ,6 1 ,7 ,3 - ,6 ,3 ,6 ,7 1 1 - 6. 6 2 6 5 5 - 1 2 3 5
6. 6 2 6 5 5 - 0 3 4 5 4 1 4 5 2 5 1 5 1 2 3 - 4 1 4 5 2 5 1 5 1 2 3 -
%END
