%舞台初恋.txt
% 出处 https://www.qupu123.com/
title=舞台初恋
tag=
usertag=
tagroute=
transcriber=jianpu2-auto
status=ocr
source=qupu123-311079
%--
2/4
subtitle=score
1 - - x 2 4 x 1. 0 ,5 ,6 1 2 1 2 6 - 0 5 - 5 - 0 ,5 ,6 ,1 2 5 ,1 ,6 ,5. ,6 ,5 - x ,5 ,x q6 ,1 q2
2. ,1 6 ,1 2 1 6 5 ,5. ,5 ,5 q1 q2 2. 1 2 5 2 ,1 6 5 ,5. q5 2 5. 5 5 6 5 2 0 1 1 2 q2 q3 q2 2 0 5
2 2 1 2 ,1 ,6 0 ,5 0 2 1 6 7 6 5 ,5 - 5 - ,1 2. 2 0 ,,1 2 2 ,1 5 ~ ,5 ,5 - 1 2. 2 0 ,1 5 2 1
2 2 2 - 0 5 5 q6 q6 q5 4. 3 5 3 2 1 ,1 2 - 0 5 5 0 6 5 4. 3 1 2 ,1 1 2 - 5 5 1 2 3 2 1
0 6 ,1 2 q1 q2 ,1 ,6. ,,1' ,5 ,5 ,6 2 2. 6 6 q5 5 - 5 - ,5 ,2' ,5 ,6 ,1 2 2. 1 6 5 5 - 5 - ,5 ,5 ,6 1 2
2. 2 2 ,1 ,6 5 5 - ,5 - 2 - 1 2 ~ 2 5 5 -
%END
