%节日欢歌.txt
% 出处 http://www.fysongs.cn/songku_show.asp?id=44355
title=节日欢歌
tag=
usertag=
tagroute=
transcriber=jianpu2-auto
status=ocr
source=fysongs-44355
%--
6/8
subtitle=score
x 5. 5 5 5. 6. 6 6 6. 6 q2 q1 q7 q6 q5 2 7 q6 6 q5 7 2 q5 7 q2 2 q0 ,7 1 q1 1 ,5 1 1 q,1 q1 1 ,5 q1 1
x 5 5 5 4 5 4. 3 ,5 3 ,5 2 ,5 1. 1. 5 5 5 q4 5 6. 4 ,6 4 4 3 ,5 2. 2. 5 5 5 q4 5 4. 3. 4 3 4 5
6. 6. ,6 ,6 q1 1 ,6 ,5 1 1. 4 3 2 ,5 1. 1. 6. q5 4 1. 6. 5 4 1. 6 5 4 3 4 5. 5. 3. 2 q1 ,5. 3. 2 1 ,5. 4
q4 3 1 2. 2. 6. 5 4 1. 6. 5 4 1. 6 5 4 3 4 5. 5. 3. 2 1 ,5. 3. 2 1 ,5. 2 5 5 6 7. 7. 7. 7. 1 5. 1 7
q5 6. 5. 6 6 6 5 4 q3 q4 5. 5. 1 7 5 6. 5. 4 4 4 4 5 6 3. 3. 5. q1 q7 q5 6. 5. 6 6 6 5 4 3 4 5. 5.
1 7 5 6. 5. 4 5 4 3 2 1. 1. 6. 6. 1. 1. 1. 1. 1. 1. 1. 1. 1 0 0 0 0
%END
