%花好月圆.txt
% 出处 http://www.fysongs.cn/songku_show.asp?id=42914
title=花好月圆
tag=
usertag=
tagroute=
transcriber=jianpu2-auto
status=ocr
source=fysongs-42914
%--
4/4
subtitle=score
x 5 5 q5 6 1 2 5 5 5 6 1 3 2 2 2 3 3 2 1 6 5 5 6 5 6 3 1 2 3 5 5 5 6 1 2 5 q5 5 6
1 3 2 q2 q2 3 3 2 1 6 2 - - - 0 x x x x x 2 3 6 1 3 5 1 x 5 5 6 1 7 7 6 5 6 7 6 5
- 5 5 6 1 3 2 1 ,6 3 2 0 2 2 3 5 5 3 1 3 q2 1 ,6 2 2 2 3 2 ,6 7 6 ,5 - - - 6 6 2 2 2
3 2 6 5 - - 1 - - - - - 1. 1 3 7 6 - - - - 1 - - 1 6 5 6 5 - - - 1. 1 3 7 6 6 5 3
- - 2 - 2. 3 5 5 q6 1 1 7 6 5 6 6 5 6 5 6 2 - - 2 - - - 5 5 6 1 7 6 5 6 7 6 5 - 5
5 6 1 3 2 1 6 q3 2 - 2. 3 5 5 6 1 3 2 1 ,6 2 2 2 3 2 ,6 ,5 1 - - - 6 5 3 5 2 - ,6 ,5 1
- - - 1 - - -
%END
