%花田错.txt
% 出处 http://www.fysongs.cn/songku_show.asp?id=42338
title=花田错
tag=
usertag=
tagroute=
transcriber=jianpu2-auto
status=ocr
source=fysongs-42338
%--
4/4
subtitle=score
q1 1 q1 1 0 q1 1 ,6 1 1 1 q1 0 1 1 ,6 1 1 1 1 0 1 2 3 2 q1 1 2 q0 1 q1 q,6 1 1 1 1 0 ,6 ,6 ,5
1 1 1 0 2 2 1 1 1 2 2 1 1 1 2 2 1 1 1 1 1 2 3 2 1 1 1 0 1 6 5 1 1 1 0 3 2 1 2 1
1 1 2 3 - - - - - - - - - - - - - 5 3 2 2 2 2 3 5 3 2 2 1 1 1 2 3 2 1 ,6 ,5 - 0 ,5
,6 1 2 3 2. 5 5 6 1 6 1 - 0 6 6 7 6 5 3 2 2 3 5 3 3 2. 5 5 6 1 6 1 6 5 3 2 3 5 2 3
2 1 1. 2 3 1 ,6 ,5 5 5 6 1 6 1 2 1 6 5 3 2 1 2 2 3 5 6 5 5. 5 5 6 1 6 1 5 6 5 3 2 3
5 2 3 2 1 1. 2 3 1 2 1 6 1 0 0 0 3 2 1 1 1 1 3 2 1 1 1 1 0 6 1 1 1 1 1 1 1 ,5 ,6 ,5
3 2 1 1 1 1 3 2 1 1 1 1 ,6 1 1 5 5 5 5 ,5 3 2 3 2. 1 6 5 5 5 5 5 3 5. 3 q2 1 1 2 3 6
5 3 2 2 1 - 3 2 1 1 1 1 2 3 5. 3 2 1. 2 2 2 1 2 2 6 5 3 2 0 0 1 1 1 ,5 1 1 1 1 1 ,5
0 0 1 1 1 ,5 1 1 1 1 1 ,5 0 0 1 1 1 5 1 1 1 1 1 5 0 0 1 1 1 5 1 1 1 1 2 1 0 1
%END
