%苍天的孩子.txt
% 出处 https://www.qupu123.com/
title=苍天的孩子
tag=分类/通俗歌曲
usertag=分类/通俗歌曲
tagroute=
transcriber=jianpu2-auto
status=ocr
source=qupu123-380658
%--
4/4
subtitle=score
,1' x' ,1' x x'. x' x qx - 6 0 x x 3 6 3 6 3 6 3 6 3 5 2 5 2 5 2 5 2 6 3 3 3 2. 2 2 ,6 ,3 ,6
3 1. 2 q1 ,7 ,3 ,5 ,6 ,7. 6 5 ,6 2 2 ,6 ,6 ,6 ,3 ,6 3 1 ,7 3 3 ,5 ,6 ,6 ,6 q2 2 1 ,6 2 3 5 6 3 3 2 3
5 6 6 6 ,6 1 2 3 2. 5 3. 5 5 3 2 2 3 2 1 6 6 3 6 3 1 7 3 3 5 6 6 ,6 2 2 1 6 6 2 3 5
6 3 3 2 3 5 6 6 6 ,6 1 2 3 2. 3 5 ,5 ,5 ,3 2 2 3 2 1' ,6 6. 3 6 6 3 2. 3' 1 7 3 3 5 6 6 6
6 2 2 2 3 1 6 5 5 6 - - 3 6. 3 6 3 2 1 6 6 1 2 2 1. 7. 7 7 6 5 3 3 5 6 6 ,6 ,3 ,6 3 2
1 ,6 1 5 6 6 5. 6 7 6 5 3 2. 1 2 6 1 6 7 3 6 6. 3 6 6 3 2. 3 1 7 3 3 5 6 6 6 6 2 2 2
3 1 6 6 5 6 6 5 3 1 2 3 6. 3 6 3 2 1 6 6 1 2 3 2 7. 7 7 6 5 3 3 5 6 - - 6 7. 7 7 6
5 3 3 5 6 5 6 6
%END
