%苦瓜钢琴.txt
% 出处 https://www.jianpujia.com/
title=苦瓜钢琴
tag=
usertag=
tagroute=
transcriber=jianpu2-auto
status=ocr
source=jianpujia-249678
todo=refine the filename
%--
4/4
subtitle=score
x 2 5 x 6 5 6 1 1 0 3 3 6 6 3 3 2 2 5 3 5 7 6 0 3 5 4 4 3 1 6 1 3 1 1 1 6 3 6 3
6 - 4 1 4 6 5 2 5 7 3 7 3 5 6 3 6 3 2 6 2 4 6 6 x - - - - - - - - - - - - x 2 x
6 5 6 7 5 5 3 2 3 2 1 5 1 2 1 2 5 5 0 5 5 3 3 7 7 5 5 2 5 2 5 6 6 2 5 1 5 1 3 5
1 5 1 5 1 2 1 5 6 3 6 3 3 1 6 x - - 0 - - - - - - - - x 3 3 x 2 1 1 7 1 0 1 6 6
6 1 3 2 1 2 2 5 1 1 7 6 7 4 0 4 4 3 5 6 6 5 6 3 6 3 6 5 4 1 4 5 2 5 3 7 3 6 3 6
2 6 2 4 6 - x - - - - - - - - 3 7 6 5. 0 3 2 2 5 3 7 5 3 4 3 1 - - 1 1 6 2 7 3 4
1 5 2 6 3 7 4 ,1 1 5. 2. 5' 2 ,5 2 3' 5' 2 5' 2 6 4 1' 1 ,5 ,2 ,5 - - 1 - ,3 - ,6 - - - ,4 ,1 ,4
,1 - 4 1 5. 5 5 5 4 4 2. 2 2 1 2 4 6 1 3 2 1' 1 1' 1 1 6 6 5 5 4 5 4 6 1 3 - 2 - 6 5.
0 5 4 6 6 6 5 7 ,1 - 5. ,5 ,1 ,5 ,4 ,4 ,4 ,5 - ,5 1 7 5 2 ,5 - - 4 5 ,5. 5. 1. 6 5 4 4. 6. 5. 2'. 2
5 4 2. 2. 5. 4. 2 5 5 2 5 5 5 4 4 5 5 5. 5 5 6. 6 6 5 5 5 5 4 4 4 4 5 5 5 5 - 0 5 5 5.
5 5. 4 4. ,5 5 ,5 5 6 2 ,1 1 - ,1 1 ,5. 5. 5 2 5 7 2 7 5 x 0 0 0 - - 0 - 0
%END
