%苦菜花开闪金光电影《苦菜花》插曲.txt
% 出处 http://www.fysongs.cn/songku_show.asp?id=43586
title=苦菜花开闪金光电影《苦菜花》插曲
tag=
usertag=
tagroute=
transcriber=jianpu2-auto
status=ocr
source=fysongs-43586
%--
2/4
subtitle=score
x q6 6 q6 5 6 6 6 5 6 5 6 1 3 5 6 5 3. 5 6 1 5 q3 2 ,6 q7 6 ,7 6 ,5 - 1. 2 1 7 6 1 5. q3 5
- 3 1 6. 1 5 6. 5 3 q2 3 - 5 3 5 6 6 6 3 2. q3 1 1. 3 2 1 7 6 5. 3 5 0 2 q7 7 6. q1 5 6 1.
2 7 5 6 - 3 1 6 1 5 q6. 5 3 2 3 - 5 3 q5 6 x 6 6 3 q2 q3 1 1. 3 2 q1 7 6 5 - - - 1 6 6
5 6 6 5 6 q5 q6 1 q3 5. q6 5 5. 6 1 6 1 5 6 5 3 2 3 - 6 6 5 6 6 5 1 1 q2 7 6 5 3 5 5. 6
1 6 1 5 6 2 1 1. 0 1. 6 1 2 3 3 5. 3 2 1 3 2 1 - 1 0 0 4. 4 5 6 1 - 1 7. 1 7 6 5 - 5
0 0 1. 2 3 2 1 - 1 - 2. q1 2 2 3 3 0 0 4. 6 5 4 3 - 3 2. 3 5 5 1 - 1 0 0
%END
