%草原，我眷恋的地方.txt
% 出处 https://www.jianpujia.com/
title=草原，我眷恋的地方
tag=分类/草原
usertag=分类/草原
tagroute=
transcriber=jianpu2-auto
status=ocr
source=jianpujia-381729
%--
4/4
subtitle=score
1 - - q1 q4 1 ,1 x 5 6 1 2 3 3 6 6 0 2 3 ,6 3 6 5. 3 2 3 0 1 2 3 ,6 q6 q6 1 1 2 3. 1 2 ,6
3 3 1 6 6 2 3 6 1 5 3 3 3 3 3 3 6 1. 6 5 6 3. 1 3 2 2 2 2 2 3 5 3. 3 5 3 2 2 3 1 ,6.
,6 q6 q6 1 1 2 - 3. 1 2 ,6 3 3 1 q6 q6 2 3 3 6 1 5 3 3 3 3 3 3 6 1. 6 5 6 3. 1 3 2 2 2 2
2 3 5 3. 3 5 3 2 2 3 1 ,6. ,6 3 3 5 6 1 6 5 6 3 3 3 1 q6 2 3 6 1 5 3 3 3 6 6 1 6 2 3
1 2 3 2 2 2 2 2 3 3 3 5 3 1 2 ,6 1 2 3. 5 3 0 2 3 ,6 q6 2 1. q6 2 0 5 2 3 1 2 3 5 6. 1
6 0 5 6 2. 3 q6 0 2 3 5. 3 2 3 0 1 2 3 ,6 2 2 2 2 3 5 3. 3 5 3 2 2 3 1 ,6. 2 2 2 2 3 5
3. 3 5 3 2 2 3 1 ,6.
%END