%草原，巩乃斯草原_2.txt
% 出处 https://www.jianpujia.com/
title=草原，巩乃斯草原
tag=分类/草原
usertag=分类/草原
tagroute=
transcriber=jianpu2-auto
status=ocr
source=jianpujia-410579
%--
4/4
subtitle=score
,1 5 6 6 1 6'. - - 7 6 6 5 6. - 6 6. 5 5 3 5 1 2 3 2' 2' 2. 2. 3'. 2 2 1. 1' 2'. ,,2 0 1 2 3 2 1
7 q5. q6 ,6 q5. 7 7 6 6 6. q7 1 q7. q6. q5. q6 6 ,6 7. q6 q7 6. ,6. q3 7 7 7 6 5 6 7 6 5 6 7 q1 7 6 5 6
7 6 - 5 6 7 6 5 3 5 6 7 6 5 3 4 3 7 3 7 6 5 4' 3' 1 1 3' 3' 2 3 q2 1 2. q,6 2 ,2 3 2 ,1 2.
2 1 2 2 3 2 1 ,7 ,6 ,5. 6 ,6 ,6 q,7 ,6 ,7 1 2' 3 2 1 ,7 6 ,5. 6 ,6 ,7 1 2 ,3 q2 1 7 ,6 x' 5 ,6 6 5 6
6 5 6 7 7 6 6 6 q6 6 6 6 6
%END