%葡萄成熟时_2.txt
% 出处 https://www.jianpujia.com/
title=葡萄成熟时
tag=
usertag=
tagroute=
transcriber=jianpu2-auto
status=ocr
source=jianpujia-250175
%--
4/4
subtitle=score
1 - - q1 4 q1 - - 7 0 x. x. 0 2 2 2 2 1 2 2 2 1 2 3 5 5 5 5 5 1 7 1 7 1 5 1 1 1 5 1
1 1 1 1 4 3 2 1 1 3 2 - 1 5 1 1 5 7 5 6 3 6 3 6 3 6 4 1 4 1 3 1 5 3 2 6 4 5 2 7
x 0 - 0 - 0 0 0 0 - - 0 0 x 5 x 0 2 2 2 2 1 2 2 2 1 2 3 5 5 5 5 5 1 7 1 7 1 5 1
1 1 5 6 5 5 6 6 6 6 5 3 4 1 5 1 1 5 7 5 6 3 6 3 6 3 6 3 4 1 6 1 3 7 5 2 2 6 4 6
5 2 7 2 x - - - - - - - - - - - - - - - x x 5 5 5 5 5 1 1 1 3 4 5 5 5 5 2 7 1 1.
1 1 6 6 1 6 6 6 6 1 3 3 3 3 2 1 2 2 - 3 7 5 7 6 3 1 3 3 7 5 7 6 3 1 3 4 1 6 1 6
3 1 3 6 5 6 5 5 2 5 x - - - - - - - - - - - - - - - 0 3 3. 3 3. 3 3 5 5 5 5 3 2 2
1. 1. 1 6 5 5 5 4 5 5 3 2 1 1. 1 4 3 4 5 5 3 2 2 1 2 1 5 1 5 7 3 7 6 3 6 3 5 2 5 4
1 4 1 3 7 3 2 6 2 6 5 2 5 x 0 0 - - 0 0 0 0 - 0 - - x 1 7 x 5 3 3. 3 3. 3 3 5 5 6
6 5 3 3 3 5 4 4 5 3 3 2 1 1 6 0 5 3 2 1 1 7 1 1 5 1 5 7 3 7 7 5 7 5 6 3 6 5 2 5
5 2 5 4 1 4 1 5 2 5 1 - - - 5 3 3. 3 3. 3 3 5 5 5 5 3 2 2 1 1. 1 6 5 5 5 4 5 5 3 2
1 1. 1 1 5 1 5 1 5 1 1 5 1 5 7 3 7 6 3 6 3 5 2 5 4 1 4 1 3 7 3 x - - - - - - - -
- - - -
%END
