%裙姊钢琴_2.txt
% 出处 https://www.jianpujia.com/
title=裙姊钢琴
tag=
usertag=
tagroute=
transcriber=jianpu2-auto
status=ocr
source=jianpujia-150115
%--
4/4
subtitle=score
1 6 0 0 1 1 6 0 0 0 1 6 0 0 1 1 6 1 6 1 6 6 5 1 6 0 0 3 1 6 0 0 6 1 6 0 0 3 6 6
6 0 x - - - x 5 x 6 - 6 3 5 6 3 - 0 6 6 6 - 6 3 5 6 7 6 5. 0 5 6 1 0 0 0 - - - -
0 ,2. ,2 ,2 - ,6. ,6 ,6 - ,2. ,2 ,2 - ,3. ,3 ,3 - x x 2 6 1 2 6 1 2 3 2 1 ,6 ,6 ,6 6 1 2 ,6 1 2 6 1
2 3 3 - 0 ,6 ,6 2. 2 2 - 6. 6 6 - 2. 2 2. 2 0 3 - - - 1 0 - - - - x 1 3 x 6 - 6 3 5 6
3 - 0 6 6 6 - 6 3 5 6 7 6 5. 0 5 6 1 0 0 0 - - - - 0 ,2. 2 ,2 - ,6. 6 ,6 - ,2. 2 ,2 - ,3. 3
,3 - x 1 7 x 2 ,6 1 2 ,6 1 2 3 2 1 ,6 ,6 ,6 ,6 1 2 ,6 1 2 ,6 1 2 3 3 2 1 ,7 ,2. ,2 ,2 - ,6. ,6 ,6
- ,2. ,2 ,2 - ,3 ,2 ,1 ,7 4 4 4 5 6. 7 6 5 3 3. 3 5 ,6 1 2 3 2 1 0 ,6 1 2 3 2 0 4 4 4 - 3. 3
3 3 6 6 6 6 6 6 4 4 4 4 4 4 x - - - - - - - x 2 5 x ,6 1 2 3 2 0 5 6 6 6 ,6 - ,6 1
2 3 2 1 0 6 1 2 3 2 0 2 2 2 2 2 2 4 4 4 6 6 6 6 6 6 6 6 6 4 4 4 4 4 4 x 0 0 - -
0 0 0 - - 0 - - x 2 x 6 1 2 3 2 0 5 6 6 6 6 - 0 6 3 5 2 3 1 2 6 - 6 6 0 6 6 6 6
6 6 6 6 6 1 - - - - - - - - - - - - 0 - 0 0 0 2 2 2 2 2 2 4 4 4 6 6 6 0 0 0 0 6
6 6 6 x - - - - - - x 3 3 x 6 6 0 6 6 6 6 6 5 5 6 6 0 6 6 6 6 6 6 6 6 6 6 6 6 5
0 0 6 6 0 6 6 6 6 6 6 6 1 0 - - - 0 0 - - - - 0 - - 0 - - - - 0 - - 0 - - - 0 0
- - - 4 4 4 4 2 2 2 2 4 4 0 0 6 6 6 6 x 3 7 x 6 6 0 6 6 ~ 6 6 6 5 5 6 6 0 6 6 ~
6 6 6 6 6 6 6 6 6 6 6 6 6 0 0 6 6 - 6 3 5 6 1 - 0 - 0 0 - 0 0 0 - 0 - 0 - - - 0
0 - 0 0 - - - ,4 ,4 ,4 ,4 ,2 ,2 ,2 ,2 ,4 ,4 0 0 ,2. 2 ,2 - x 4 1 x 3 - 0 6 6 6 - 6 3 5 6 7 6
5. 0 5 6 2 6 1 2 6 1 2 3 1 - - - 0 0 - - - - - ,6. 6 ,6 - ,2. 2 ,2 - ,3. 3 ,3 - ,2. 2 ,2 - x
4 5 x 2 1 6 6 ,6 6 1 2 6 1 2 6 1 2 3 3 2 1 ,7 4 4 4 5 6. 7 6 5 ,6. 6 ,6 - ,2. 2 ,2 - ,3 ,2
,1 ,7 ,4 ,4 ,4 - 3 3. 3 5 ,6 1 2 3 2 1 0 ,6 1 2 3 2 0 ,6 1 2 3 2 0 3. 3 3 3 6 6 6 6 6 6 4
4 4 4 4 4 2 2 2 2 2 2 x 0 - 0 0 0 - - 0 - - x 5 3 x 5 6 6 6 ,6 - ,6 1 2 3 2 1 0 6
1 2 3 2 0 ,6 1 2 3 2 0 4 4 4 6 6 6 6 6 6 6 6 6 4 4 4 4 4 4 2 2 2 2 2 2 x 0 0 - -
- 0 0 - - - - - ,5 ,6 ,6 ,6 ,6 - ,6 1 2 3 2 1 0 ,6 1 2 3 2 0 ,6 1 2 3 2 0 4 4 4 6 6 6 6
6 6 6 6 6 4 4 4 4 4 4 2 2 2 2 2 2 x - - - - - - - - - - - - x 6 1 x ,5 ,6 ,6 ,6 ,6 -
,6 1 2 3 2 1 0 ,6 1 2 3 2 0 ,6 1 2 3 2 0 4 4 4 6 6 6 6 6 6 6 6 6 4 4 4 4 4 4 2 2 2
2 2 2 x - - - - - - - - - - - - x 6 5 x 5 6 6 6 ,6 - ,6 1 2 3 2 1 0 6 1 2 3 2 0 ,6
1 2 3 2 1 x qx qx 0 4 4 4 6 6 6 6 6 6 6 6 6 4 4 4 4 4 4 2 2 2 2 2 2 x 0 0 - - 0 0
0 - - 0 - - x 6 x q1 6 q1 6 q1 6 0 6 6 6 0 1 x
%END
