%裙姊.txt
%裙姊钢琴.txt
% 出处 https://www.jianpujia.com/
title=裙姊
tag=李荣浩,分类/钢琴谱
usertag=李荣浩,分类/钢琴谱
tagroute=
transcriber=jianpu2-auto
status=ocr
source=jianpujia-150115
artist=李荣浩
%--
4/4
subtitle=score
4 4 4 5 6. 7 6 5 3 3. 3 5 ,6 1 2 3 2 1 0 ,6 1 2 3 2 0 4 4 4 - 3. 3 3 3 6 6 6 6 6 6 4
4 4 4 4 4 x - - - - - - - x 2 5 x ,6 1 2 3 2 0 5 6 6 6 ,6 - ,6 1 2 3 2 1 0 6 1 2 3
2 0 2 2 2 2 2 2 4 4 4 6 6 6 6 6 6 6 6 6 4 4 4 4 4 4 x 0 0 - - 0 0 0 - - 0 - - x
2 x 6 1 2 3 2 0 5 6 6 6 6 - 0 6 3 5 2 3 1 2 6 - 6 6 0 6 6 6 6 6 6 6 6 6 1 - - -
- - - - - - - - - 0 - 0 0 0 2 2 2 2 2 2 4 4 4 6 6 6 0 0 0 0 6 6 6 6 x - - - - -
- x 3 3 x 6 6 0 6 6 6 6 6 5 5 6 6 0 6 6 6 6 6 6 6 6 6 6 6 6 5 0 0 6 6 0 6 6 6 6
6 6 6 1 0 - - - 0 0 - - - - 0 - - 0 - - - - 0 - - 0 - - - 0 0 - - - 4 4 4 4 2 2
2 2 4 4 0 0 6 6 6 6 x 3 7 x 6 6 0 6 6 ~ 6 6 6 5 5 6 6 0 6 6 ~ 6 6 6 6 6 6 6 6 6
6 6 6 6 0 0 6 6 - 6 3 5 6 1 - 0 - 0 0 - 0 0 0 - 0 - 0 - - - 0 0 - 0 0 - - - ,4 ,4
,4 ,4 ,2 ,2 ,2 ,2 ,4 ,4 0 0 ,2. 2 ,2 -
%END
