%解脱.txt
% 出处 http://www.jianpu.cn/
title=解脱
tag=张惠妹
usertag=张惠妹
tagroute=
transcriber=jianpu2-auto
status=ocr
source=jianpucn-114416
%--
4/4
subtitle=score
0 2 2 2 2 3 3 1 2 2 2 2 2 2 3 2 1 1 - - - 1 - - - 0 2 2 2 2 3 3 1 2 2 2 2 2 3 3
4 6 5 2 3 2 2 2 0 0 0 0 0 2 2 2 2 3 3 1 2 2 2 2 2 2 3 0 2 1 1 0 5 6 5 5 6 x 0 2
2 2 2 3 3 2 2 2 2 2 2 3 5 5 0 3 2 2 1 1 1 2 3 1 1 1 1 2 ~ 2 3 0 1 6 ,6 0 6 0 ,5 1
1 1 2 1 1 1 1 2 5 6 0 q2 q3 3 2 q2 3 1 0 4 6 5 5 4 4 3 3 2 2 3 4 6 5 5 1 1 3 3 2 ,1
2 1 1 1 2 3 1 1 1 1 2 3 0 5 2 3 3 2 2 x 0 0 1 6 3 4 6 6 4 4 3 3 2 2 5 4 3 4 5 5
6 1 1 3 3 2 1 2
%END