%认错.txt
% 出处 http://www.fysongs.cn/songku_show.asp?id=42368
title=认错
tag=
usertag=
tagroute=
transcriber=jianpu2-auto
status=ocr
source=fysongs-42368
%--
4/4
subtitle=score
x 0 3 2 1 ,6 - 0 3 2 1 ,4 - 0 3 2 1 ,5. ,7 q1 2 2 4 3 - 0 1 7 1 6 - 0 1 7 1 5 - - - 3
4. 2 1 ,7 ,5 1 - 3 4 5. 5 0 5 4 3 2 2 3 2 0 2 3 2 2 1 1 1 1 1 7 3 7 3 5 - 0 5 5 6. 1
0 6 6 5 5 1 2 1 3 3 0 3 3 5 4 4 4 3 2 1 3 3 3 2. 0 3 4 5. 5 0 5 4 3 2 2 3 2. q3 2 2
q1 q1 1 q1 1 7 q3 5 - q0 q5 q5 q5 7 1 6 5. 6. q1 q0 q6 q6 5 q5 1 2 3. 0 3 4 4 4 3 2 1 2 2 6 2 -
1 - 0 1 7 1 6. 6 0 7 7 1 5 3 5 2 3 q0 q3 4 4 q4 1 7 7 6 6 5. 0 5 5 5 5. 3 3 2 2 2 2 1
7 1. 0 1 1 3 3 4 4 4 3 2 3 2 - 0 1 7 1 6. 6 0 7 7 1 5 3 5 2 3 0 3 4 4 4 1 7 7 6 6
5. 0 5 5 5 5. 3 3 2 2' 2 2 1 7 1. 0 1 1 4 3 4. 0 1 1 4 3 4 4 4 3 3 2 1 - 0 0 0 0 3 4
1 4 3 4 4 4 3 3 3 2. 0 q1 7 1 1 3 3 4. 0 1 1 4 3 4 4 4 q3 q3 q2 1 - 0
%END
