%让我欢喜让我忧_歌曲类.txt
% 出处 http://www.jianpu.cn/
title=让我欢喜让我忧 歌曲类
tag=周华健
usertag=周华健
tagroute=
transcriber=jianpu2-auto
status=ocr
source=jianpucn-115172
%--
4/4
subtitle=score
4 3 4 6 5 1 1 0 2 3 4 3 4 6 1 1 0 5 3 2 1 1 1 2 3 5 5 5 6 7 1 6 5 4 5 5 0 7 1' 1'
6 6 4 x. 6 x 3 2 1 2 2 2 1 6 2 2 5 3 2 1 1 1 2 3 5 6 6 7 1 1 2 3 6 6 0 6 7 1 1 2
3 6 5 3 6. 3 2 2. 0 1 1 2 1 1 0 6 7 1 1' 1' 1' 7 6 5 5 3 5 6 6 0 5 4 ~ 4 1 0 1 q2 q2 q2
q2 q2 q2 ~ 2 q3 q5 q6 q0 6 q7 6 0 0 q0 q6 q1' q1' q2' 3 6 6 4 3 3 2 2 2 6 2 1 1 1 0 2 1 1 1 5 1
6 1 2 3' 5 5 5 4' 3' 3' 2' 2' 2' 5 3 2 1 1' 6 2' 1' 6 1' 1' 1'. 0 3 2 1 1 1 2 3 0 0 6 7 1 1 0
6 4 5 5 0 6 7 1 1 6 6 4 6 3 2 1 2
%END
