%让我留在你身边钢琴.txt
% 出处 https://www.jianpujia.com/
title=让我留在你身边钢琴
tag=分类/钢琴谱
usertag=分类/钢琴谱
tagroute=
transcriber=jianpu2-auto
status=ocr
source=jianpujia-245644
todo=refine the filename
%--
4/4
subtitle=score
3 2 1 1 1 3 4 3 3 1 1 1 1 2 3 3 4 3 2 1 1 6 1 1 6 1 6 1 2 3 2 5 2 5 2 5 2 5 2 4
1 4 1 4 1 4 1 3 7 3 7 6 3 6 3 2 6 2 6 2 6 2 6 2. 5 3 2 1 1 1 - - - 0 5 1 5 3 2 1
5 5 5 1 5 3 2 1 5 5 2 5 2 5 2 5 2 1 5 1 5 1 5 1 5 7 5 7 5 7 5 7 5 6 3 6 3 6 3 6
3 x 0 0 - - 1 - - - - 0 0 0 0 - - - - 2 7 1 2 3 2 1 5 7 1 2 3 2 1 1 5 1 4 3 2 1
0 5 1 5 3 2 1 5 4' 4 1 4 1 4 1 4 1 1 5 2 5 2 5 2 5 2 4 1 4 1 4 1 4 3 7 3 7 3 7 3
7 2 6 2 6 2 6 2 6 x - - - - - - - - - - - - - - - 4 1 4 5 3 2 1 1 1. 5 3 2 1 2 2
7 5 3 2 1 1 6 6 1 6 1 6 1 2 5 2 5 2 5 2 5 2 1 5 1 7 5 7 6 3 6 x - - - - - - - 3
2 1 1 1 3 4 3 3 1 1 1 1 2 3 3 4 3 2 1 1 6 1 1 6 1 6 1 2 3 1 5 2 5 4 1 4 3 7 3 6
3 6 2 6 2 4 1 1 - - 2 - - 2 2' 2 2. 5 3 2 1 1 1. 5 3 2 1 2 2 7 5 3 2 1 1 5 5 5 5 5
5 5 5 5 5 5 0 5 0 5 0 5 0 5 0 5 0 5 0 5 0 5 - - 5 0 1 5 1 5 1 5 1 5 7 5 7 5 7 5
7 5 x - - - - - - - 0 0 0 0 - - - -
%END
