%话说十堰新变化.txt
% 出处 https://www.qupu123.com/
title=话说十堰新变化
tag=分类/谱友上传
usertag=分类/谱友上传
tagroute=
transcriber=jianpu2-auto
status=ocr
source=qupu123-394594
%--
4/4
subtitle=score
1 - - q1 - - 6 0 x x x 6 6 6 6 5 6 5 3 5 6 1 1 6 1 6 5 5 3 2 1 x 3 x 5 3 5 6 1 6
5 1 3 2 1 1 1 6 1 6 5 1 3 3 2 1 1 2 3 2 1 6 6 6 6 5 6 5 3 5 6 1 1 2 6 1 6 5 x 3
5 5 1 2 6 5 7 6 1 1 6 1 6 5 5 3 6 5 5 3 5 6 1 1 1 6 5 5 3 2 1 1 1 1 6 5 5 3 2 1
3 2 1 2 1 2 3 2 6 6 5 1 3 2 1 2 3 2 1 2 3 5 2 x 6 5 3 5 6 1 3 3 2 1 1 1 1 6 1 6
5 5 3 6 5 6 6 5 6 1 3 5 6 x x 1 1 6 1 6 5 5 6 1 3 2 3 2 1 3 2 3 3 5 6 1 3 5 6 1
1 1 6 5 3 5 6 1 5 3 5 6 1 5 6 3 5 6 1 3 2 1 1 1 6 1 6 5 3 5 6 1 5 2 3 - 3 5 6 1
5 6 6 5 6 3 1 6 6 1. 1 1 1 6 1 6 5
%END