%说好的幸福呢简单版.txt
%说好的幸福呢简单版钢琴.txt
% 出处 https://www.jianpujia.com/
title=说好的幸福呢简单版
tag=周杰伦,分类/钢琴谱
usertag=周杰伦,分类/钢琴谱
tagroute=
transcriber=jianpu2-auto
status=ocr
source=jianpujia-379923
artist=周杰伦
%--
4/4
subtitle=score
1 - - q1 - - 6 3 x x 0 5 5 5 5 5 5 5 5 5 5 1 4 3. 2 3 2. 7 1 1 - - - - - - - - - -
0 0 0 0 0 0 0 0 4 1 ,4 5 2 ,5 x 4 x 2. 5 6 7 1 6 7 1. 7 1 2. 5 6 7 - 6. 6 7 3 7 3 6 3
6 2 6 1 3 7 3 6 3 5 5 - x - - - - - 1 7 6 6 7 5 - 6 5 4 4 5 4 3. 3 6 7 1 7 6 6 7
5 2 2 2 6 3 6 3 3 7 3 4 1 4 1 1 5 1 5 6 3 6 3 3 7 3 x 0 0 0 0 0 0 0 0 - - x 1 0
x 3 3 3 3 2 2. 6 7 1 7 6 6 7 5 - 6 5 4 4 1 3. 6 7 4 1 4 1 5 2 5 6 3 6 3 3 7 3 4 1
4 1 1 5 1 5 x - - - - - - - - - - 1 7 6 6 7 5 2 2 2 3 3 3 3 4 3 2. 5 6 7 1 1 7 1
1 1 1 7 1 2 2 2 1 6 3 6 3 3 7 3 4 1 4 1 5 2 5 6 3 6 5 2 5 x 1 6 x 2 2 2 2 2 2 2
7 5 1 1 1 1 5 1 5 1 1 1 1 1 5 1 5 1 1 1 1 1 2 3 3 3 3 3 4 3 2 2 - 3 7 3 6 3 6 4
1 4 1 1 5 1 5 4 1 4 1 5 2 5 2 x - - - - - - - - - -
%END
