%说爱你.txt
% 出处 http://www.jianpu.cn/
title=说爱你
tag=蔡依林
usertag=蔡依林
tagroute=
transcriber=jianpu2-auto
status=ocr
source=jianpucn-88279
%--
4/4
subtitle=score
1 1 1 ,5 6 x ,6' 4 ,6' 7 5 4 3 x 2 1 1 1 x ,5 1 ,6' - ,6' q,7 q,7 1. q,5. q5' q5 q4' q4 3 3 2' 2 2' 1 1 ,5
,6' ,6' ,7 5 4 3 2 1 q1 ,5 ,6 - ,5 - x 0 ,5 1 2 3 2 3 4 3 1 2 2 1 5 5 5 2 3 1 0 1 2 3 4 3
3 ,5 ,1 1' 1' ,5 1 1 5 5' 5' 5 2' 3' 1 0 1 2 3 4 3 3 ,5 1 1' 1' 0 3 3 q,6. 1 6 q1 6 1 q1 1 q6 1 ,7
6 7 1 1 1 1 2 1 5 1 5 5 1 2 2 1 1 0 1 5 5 1 1' 1' 6 1 6 1 q1 q1' 1' q6 q1 q6 q1 q1 q2 1 q3 3
q4 q3 5 1 5 5 1 2 2 1 1 1 0 0 1 1 q,5 q,5 q,4 0 1 1 2 2 3 3 1 0 1 1 ,5 ,5 ,4 0 ,6 1 ,7 q,7 q,6 ,6
,5 0 1 1 ,5 ,5 ,4 0 1 ,1 2 2 3 3 3 0 1 1 ,5 q,5 ,4 0 ,6 ,6 ,6 ,6 ,6 ,7 ,5 ,6 ,7 3 2 3 4 3 1 2 2 1
5 5 5 5 2 3 1 0 1 2 3 4 3 3 2 1 1 0 x 5' 1 1 2 x' 3 2 3' 1' 4 x' 1 2 1 5 5 5 5 2 3 1
0 1 2 3 4 3' 3' 2 1 ,1 1' 1' - x 1 x 0 ,1 ,1 1 3 1 1 0 5' 1 x' 2 1 0 1 2 x 3 4 3 3 2 1 2.
1 - 1' 0 0 0
%END
