%请你别再来找我.txt
% 出处 https://www.jianpujia.com/
title=请你别再来找我
tag=邓丽君
usertag=邓丽君
tagroute=
transcriber=jianpu2-auto
status=ocr
source=jianpujia-74027
artist=邓丽君
%--
6/8
subtitle=score
x x x. 1. x ,x - x. x. 1' x 1. 1 1 2 3. 3 1 5 6. 6 7 1 6. 6. 2. 2 3 3 4. 4 1 7. 7 7 1 2. 5. 5. 5
3 1 6. 6 6 6. 6 4 3 2. 2 1 2 3 5 3 1 6 7 1 2 3 2 1 1 2 3 3 3 3 2 1 5. 1. 1 2 2 3 3 7
6. 6 6 7 6. 6. 6. 6 7 1 2 7 7 6 7 6 5 5. 5. 5. 5. 2 2 3 4. 4 2 7. 7 6 5. 5. 5. 5 6 7 1 3 2 1
2 2. 2. 2. 1. 1 2 2 3 3 7 6. 6 6 7 6. 6. 6. 6 7 1 2 7 6 7 6 5 5. 5. 5. 5. 2 2 3 4. 4 2 7. 7 6
5. 5. 5. 5 6 7 1 3 2 1 1. 1. 1. 1. 1. 3 0 3 0 3 2 1 2. 2 2 3 3 2 2. 2. 2 4 3 2 2 1 2 3. 3. 3.
3. 3. 3 4 3 5 3 3 7 5 6 6. 6. 6 7 1 2. 2. 2 3 2 1 1. 1. 1. 1. 1. 1. 1. 1. 1. 1. 1. 1. 1. 1 0 6. 6 6
6. 6 4 3 2. 2 1 2 3 5 3 1 6 7 1 2 3 2 1. 1. 1. 1.
%END
