%谁可改变.txt
% 出处 https://www.qupu123.com/
title=谁可改变
tag=
usertag=
tagroute=
transcriber=jianpu2-auto
status=ocr
source=qupu123-305330
%--
2/4
subtitle=score
3' 2' 2' 6 3 5 5 x 0 q,,5 3 2 3 0 2 2 1. 1 1 1 q,7 1 ,6 0 7 1 ,6 0 ,7 1 ,5 0 ,5 4 3 4 0 4 4 3
2 2 0 2 3 2 1 ,6 ,6 q7 q,1 2 2 q5 2 1. x 4 4 3. 4 4 x 1 6 5 6 6 4 5 6 5 5 4 3 3 3 5 5 4
0 ,5 ,5 ,4 3 3 0 ,3 1' 7 1' 0 6 7. 7 5 5 5 5 6 7 6 4 ,6. ,1. 2. - 2 0 q0 ,5 3 2 3 - 0 2 3 2 1
1 1 1 1 q,,,7 1 ,6 0 ,,,7 1 ,6 0 s,,7 1 ,5 - 0 ,5 4 3 4 0 4 4 3 2 2 - 0 2 3 2 1 ,6 ,6 q,7 q1 2 - q2
,5 3 2 1. 1 - 1 - - - 1 x 0 ,,3 ,5 ,6 ,,,6 5 3' 2' 3' - 3' q2' 3' 2' 1' - 1' q,,7 1' q7 q1' 6. 7 1' 5 5 x ,5
4 3 4 0 4 3 2 ,2 2. 0 2'. 2 1' ,6 ,6 ,7 1 2 2 ,5 3 2 0 2 1 1 x 3 3 5 2 3 3 - 6 6 1' 5' 5' 0
5' - 5' - 5' 0
%END
