%谁料皇榜中状元黄梅戏《女驸马》选段.txt
% 出处 http://www.fysongs.cn/songku_show.asp?id=43446
title=谁料皇榜中状元黄梅戏《女驸马》选段
tag=
usertag=
tagroute=
confidence=0.990
conf_p10=0.997
transcriber=jianpu2-auto
status=ocr
source=fysongs-43446
%--
2/4
subtitle=score
5 6 1. 2 6 1 2. 5 3 5 2 1. 2 1 2 5 6 6 1 5 3. 2 3 2 5 6. 5 6 1. 2 1 6 5 6 2 7 6 5 6 1
3 5 6. 5 6 5 6 6 5 6 1 1 6 5 3. 1 6 5 6. 1 6 5 3 2 3 5 1 1 6 5 1 6 1 2 5 6 5 3 2 x
2 1 2 3 5. 6 5 3 5. 6 5 3 2 1. 2 5 3 2. 1 2 1 2 5 6 1' 1' 6 5 3 3. 5 6 5 5 6 5 3 2 1 2
0 3 5 2 5. 6 5 2 1 - 6 5 6 1 1 6 5 3 1 6 5 6. 1 6 5 3 2 3 5 1 1 6 5 1. 2 5 3 2 - 6.
5 6 1 1 2 6 5 3 3. 5 6 5 5 6 5 3 2 1 2 0 3 5 2 5 6 5 2 1. x 3 2 1 2 3 5 2 1 6 1
%END
