%谢幕.txt
%谢幕钢琴.txt
% 出处 https://www.jianpujia.com/
title=谢幕
tag=林俊杰,分类/钢琴谱
usertag=林俊杰,分类/钢琴谱
tagroute=
transcriber=jianpu2-auto
status=ocr
source=jianpujia-382758
artist=林俊杰
%--
4/4
subtitle=score
x 3 4 x 1 6. 6 5 4 3 3 5 1 1 5 4 4 6 1 1 6 4 4 3 1 1 2. 0 3 3 3 3 2 1 7 7 7 7 7 7
1 2 4 1 6 1 3 1 5 2 6 4 5 2 5 2 1 5 1 7 4 3 x 0 0 0 0 0 - 0 - 0 3 3 3 3 2 1 5 5
5 3 5 6 6 6 5 4 0 3 4 3 3 3 3 2 2 1 6 3 3 3 3 3 2 1 4 4 4 4 3 4 7 2 7 4 6 3 5 1
5 2 1 4 1 6 3 1 5 2 2 4 6 1 4 5 - x - - - - - - - - - 2 1. 1 2 3 5 3 2 2 1 1 5 3
3 1 2 3 5 3 2 2 1 1 2 3 3 3 2. 1 2 3 5 5 3 3 2 2 1 6 ,4 4 6 1 ,4 4 1 4 5 6 1. ,3 3 5
1 ,3 3 1 3 5 1 ,2 2 4 ,6 ,2 2 2 4 6 1 4. x 4 3 ,5 ,5 5 5 5 5 6 0 5 5 1 5 1 5 1 1 1 2 ,7
- 3 2 3 3 3 2 1 7 7 7 7 7 1 2 5 5 1 2 5 5 5 0 5 5 - 1 5 1 7 5 7 x - - - - - - -
0 3 3 3 1 1 7 7 7 7 7 7 5 1 1 6 4 6 5 4 3 3 5 1 1 5 4 4 6 1 1 6 4 4 5 1 1 2. 6 3
1 6 3 7 2 5 7. 4 1 0 3 1 3 2 6 1 2 5 4 1 5 1 - - - - - - - - - - - - 0 3 3 3 3 2
1 7 7 7 7 7 7 1 2 0 3 3 3 3 1 1 5 5 5 5 5 1. 7. 6 5 4. 0 6 6 3 3 3 3 3 2 1 6 3 1 5
1 7 4 6 3 6 3 7 1 3. 5 2 1 4 1 5 6 1 4 3 1 5 x - - - - - - - - 0 0 - - -
%END
