%谢谢你赠予我的温柔.txt
% 出处 https://www.qupu123.com/
title=谢谢你赠予我的温柔
tag=分类/谱友上传
usertag=分类/谱友上传
tagroute=
transcriber=jianpu2-auto
status=ocr
source=qupu123-396389
%--
4/4
subtitle=score
q1 - - - - 7 2 - 0 - x' x' 1' x x' 5 6 3. 2 3 2 3 3 5 - - 3 5 1. 6 1 6 1 1 2 - - 2 3 5.
3 5 3 5 3 7 6. 6 6 1 2. 3 2 5 2 1 - - 1 2 3 3 3 2 3 2 3 6 5 5 3 5. 0 6 6 6 5 6 5 5
1 2 3. 3 3 2 1 1 1 6 1 1 3 5 6 5 5 3 5. 0 - - - - - - - - - - - - - 3 2 2 1 1 6 1
2 3. 2 2 0 1 2 3 3 3 2 3 2 3 5 6 5 5 3 5. 0 - - - - - - - - - - - - - - - 6 6 6 5
6 5 6 5 3 3 3 0 3 2 1 1 1 6 1 1 3 5 6 5 5 3 5. 0 - - - - - - - - - - - - - 3 2 2
1 1 6 6 5 1 2 1 1 0 5 6 3. 2 3 2 3 3 5 - 0 3 5 1. 6 1 6 1 1 - - - - - - - - - - -
- - - 2 - 0 2 3 5. 3 5 3 5 3 1 6. 0 6 1 2. 1 2 1 3 2 1 2 - - 5 6 - - - - - - - - -
- - 3. 2 3 2 3 3 5 - 0 3 5 1. 6 1 6 1 1 2 - 0 2 3 5. 3 5 3 1. 7 - - - - - - - - - -
- - x 7 6. 6 6 1 2 2 3 2 5 1 2 1 1. 1 3. 2 3 2 3 3 5 3 5 6. 5 1 6 5 1 2 5 6 3. 2 3 5
1 7 6 6 1 2. 3 5 3 2 1 - - 1 2. 2 2 3 2 5 1 2 1 1. 1 6 1 2 2 3 2 5 1 2 1 1 1 - - 3.
2 3 2 3 3 5 - - 5 6 1 2. 3 2 5 6 2 1 - - -
%END
