%豆浆油条.txt
% 出处 http://www.jianpu.cn/
title=豆浆油条
tag=林俊杰
usertag=林俊杰
tagroute=
transcriber=jianpu2-auto
status=ocr
source=jianpucn-35585
%--
4/4
subtitle=score
0 0 0 0 0 ,5 ,5 6 6 1 5 5 5 3 3 3 2 2 2 ,1 2 3 2 - 0 0 x 0 0 1 5 0 5 3 3 3' 3 3 x 2
,,1 2 ,1 1 2 1 2 3 5 6 ,5 ,5 6 ,1 2 3 5 ,5 x 0 ,5 3 5 3 1 q1 2 ~ 2 0 0 0 5 3 5 3 q1 1 5 ~
5 0 0 0 ,1 6 ,1 6 4 ~ 4 5 ~ 5 1' ~ 1' 0 0 0 1 2 3 4 5 0 3 0 2' ~ 2 0 0 ,5 3 ,5 3 ,1' 1 2'
~ 2' 0 0 0 0 ,5 3 2 3 q1 1 5 ~ 5 0 3 2 ,1 1 0 1 6 ,1 6 4 4 5 ~ 5 ,1' ~ 1' 0 0 q0 1 2 3 4
5 5 1' ,1' 2' ~ 2' 0 s5 5 5 3 3 3 q2 2 2 q,1 2 3 2 - 0 0 q5 5 5 3 q3 3 2 2 2 1 5 6 5 - 0 5
6 5 6 5 3 5 3 1. 5 3 5 3 1 6' x 1 0 4 4 4 3 4' ~ 4' 4 3 x 4 3 4 1. 5 6 5 0 0 5 5 5 3
3 3 2 1. 2' 2 1 x 2 3 2 0 0 1 5 5 5 3 3 3 2 2 2 1 5 6 5 0 5 6 5 6 q5 3 5 3 5 3 5 3
q2' x 0 x 4 4 4 3 4' 4' 4 3 4 3 4 5 6 5 0 2 3 2 2 3 2 2 3 2 2' 2' 1 3 2 5 6 5 x 5 6 5
0 0 5' ~ 5' 5 1' 7 0 0 0 2' 2' 3' 3' 5' 3' 5' 5' 6' 0 6' 3' 5' 6' 2' 1 2' ~ q2' q1' q3 2' 1' 6 1' 2' 5 6 6
2 1 ,,6 1 6 ,1 q2 s3 5 ~ 5 ~ 5 5 6 1' 2' 3' 5' - 0 0 0 0 0 0 3 4 5 3 2' 1' - 0 0 x 0 0 q5 5
5 5 5 3 3 3 q2 q2 2 1 2 3 2 0 0 0 0 0 q5 q5 q5 q3 3 3 2 2 2 ,1 2 3 5' 6 5' 5 - 0 q5 5 5 3
3 3 2 2 2 ,1 2 3 2 - 0 5 5 5 3 3 3 q2 q2 2 ,1 2 3 ,5' 6 ,5 7 ,1 ,6 ,5 1 x
%END
