%贵妃醉酒.txt
% 出处 http://www.fysongs.cn/songku_show.asp?id=43292
title=贵妃醉酒
tag=
usertag=
tagroute=
transcriber=jianpu2-auto
status=ocr
source=fysongs-43292
%--
4/4
subtitle=score
2. 3 5 6 5 3 5 6 6 6 1 - - - 1 - - 1 2 1 6 5 3 6 5. 5 - 0 3 2 5 6 1. 2 1 7 6 5 6 0
3 2 5 6 1. 2 7 6 5 7 6 0 5 6 5 6 1 0 2 3 4 4 - - - 3 5 3. 3 - 3 6 5 5 5 3 1 1 6 0
1 4 3 2 3 x 3 5 6 1 5 6 1 5. 6 1 2 6 5 4 3 5. 5 5 5 5 x 1 1. 1' 1 2 1 6 5 5 6 5 3. 3
- 2. ,x x 3 6 5 6 1 2 7 - 6 3 3 6 5. 6 5 3. 5 3 5 1 5 6 1 5 0 6 5 4 4. 3 2 3 4 3 4. 4
4 6 4 3 2 3 4 3 7 6. 7 6 5 3 5 7 1' 6 5 3 6 5 5 6 1 7 6 0 1 6 3' - q1. 0 2 7 6. 2 7 6
5 6 4 3 q5. q6 q1 q7 q6 q7 q6 q5 q4 q3 q2 q3 5 - - - x 2 0 3 5 3 5 6 6. 1 - - 5 6 1 2. 5 - - -
5 - - -
%END
