%走向世界_走向未来.txt
% 出处 https://www.qupu123.com/
title=走向世界_走向未来
tag=分类/合唱
usertag=分类/合唱
tagroute=
transcriber=jianpu2-auto
status=ocr
source=qupu123-335777
todo=refine the filename
%--
2/4
subtitle=score
x 5 1 2'. 2' 3. 3 6' 7 2. 2 2 6' 6 1 2 3' 5. 4 3 2 1 5 5 1 0 0 0 0 5. x 4 6 5 0 1 2 3 5. 5
6 6 0 0 0 0 5. x 4 6 5 0 1 2' 3 3. 3 4 4 1. 7 2 1 0 0 0 0 0 1 1 2 3 5. ~ 5 6 6 1. 7 2
1 0 0 0 0 0 1 2 3 q3. 3 4 4 x 7 x 3' 2 5. 6 1 2 3 3 6. 1 5 6 7 3. 4 5 6 7 1 ,1 7 0 5 5
- 3' 2 - 6 1 2 3 3 3 5' 6 7 3. 4 5 6 5 5 5 7 5 1 1 0 0 0 0 0 0 1 0 0 5 7 1 2 2 5 0
0 0 0 0 0 0 0 0 3 5 6 7 7 3 1 3 4 5 5 0 3 4' 5 6 6 0 0 0 0 q1 q1 q1 2 3 3 0 1 2 3 4
4 0 0 0 0 5 3.
%END