%走向世界走向未来.txt
% 出处 https://www.qupu123.com/
title=走向世界走向未来
tag=
usertag=
tagroute=
confidence=0.960
conf_p10=0.818
transcriber=jianpu2-auto
status=ocr
source=qupu123-335777
%--
2/4
subtitle=score
x 5 1 2'. 2' 3. 3 6' 7 2. 2 2 6' 6 1 2 3' 5. 4 3 2 1 5 5 1 0 0 0 0 5. x 4 6 5 0 1 2 3 5. 5
6 6 0 0 0 0 5. x 4 6 5 0 1 2' 3 3. 3 4 4 1. 7 2 1 0 0 0 0 0 1 1 2 3 5. ~ 5 6 6 1. 7 2
1 0 0 0 0 0 1 2 3 q3. 3 4 4 x 7 x 3' 2 5. 6 1 2 3 3 6. 1 5 6 7 3. 4 5 6 7 1 ,1 7 0 5 5
- 3' 2 - 6 1 2 3 3 3 5' 6 7 3. 4 5 6 5 5 5 7 5 1 1 0 0 0 0 0 0 1 0 0 5 7 1 2 2 5 0
0 0 0 0 0 0 0 0 3 5 6 7 7 3 1 3 4 5 5 0 3 4' 5 6 6 0 0 0 0 q1 q1 q1 2 3 3 0 1 2 3 4
4 0 0 0 0 5 3. 2 6 4'. 3 2 1. 2 3 5. 4 3' 3 0 6 7 1 5 7 6 2. 1 7 6. 7 1 3. 2 1 0 0 0 5 6
7 1 5 2' 2' 6 4. 3 2 1. 2 3 ~ 3 5 6 7 1 5 0 6 1' 1' 7 6 2. 1 7 6. 7 1 ~ 1 5 6 7 1 5 0 6
7 1 0 6 7 x 2 6 5. 5 3 3 6. q6 2 2 ~ 2 - 0 6 7' 1' 2' 6 5. 5' 3' 3' - 6. 0 2' 2 - 2' 2 6 5. 5
3 3 6. 6 2 2 - 5 6 7 1 4 3. 3 2' 3 3 6' 4 3'. x 2' 1 - 3' 2 1' - 1 - 2' 3' 2 1'. 6 1' ~ 1 - 4
2 3 4' 5 5 - 4 q3' 1 2' - ,3 7 6 5 1 x 7 6 5 ,5 1 ~ 1 0 5 5.
%END
