%起风了_3.txt
% 出处 https://www.qupu123.com/
title=起风了
tag=
usertag=
tagroute=
transcriber=jianpu2-auto
status=ocr
source=qupu123-337963
%--
4/4
subtitle=score
1 - - 1 1 ,x q,x. x 7 1 3 7 7 7 3 7 7 1 3 7 7 7 3 7 7 1 3 7 7 7 3 7 ,7 1 2 3 6 5 5 6
5 5 6 5 5. 2 3 6 5 5 6 5 5 6 5 5 3 2 1 6 6 3 2 2 1 6 6 1. 1 - x 7 1 2 3 3 5 3 3 7
7 1 2 3 3 5 3 2 3 1 2 7 1 5 7 1 2 3 3 5 3 3 7 7 1 2 3 3 5 3 2 3 1 2 7 1 5 7 1 2
3 3 5 3 3 - 7 1 2 3 3 5 3 2 3 1 2 7 1 5 7 1 2 3 3 5 3 3 - 6 - - - 2. 1 2. 1 2 3 5
3 2. 1 2. 1 2 3 2 1 ,6 2. 1 2. 1 2 3 5 3 2. 3 2 1 2 2 0 2. 1 2. 1 2 3 5 3 2. 3 2 1 ,6 3 2
1 2 1 3 2 1 2 1. 5 3 2 1 2 2 1. 0 1 2 3 1 6 5 6 6. 2 7 6 7 7 7 6 7 7 3 1 2 1 7 6. 5
6 5 6 6 5 6 5 6 5 2 2 5 3 3 - 1 2 3 1 6 5 6 6. 2 7 6 7 7 7 6 7 7 3 1 2 1 7 6. 5 6
3 3 3 5 6 3 3 3 5 6 6 - 0 1 2 3 6 5 5 6 5 5 6 5 2 2 3 6 5 5 6 5 5 6 5 5 3. 2 1 6
6 1 1 2 1 6 6 1 3. 3 2 2 1 2 3 6 5 5 6 5 5 6 5 5 2 3 6 5 5 6 5 5 6 5 5 3 2 1 6 6
3 2 2 1 6 6 1. 1 - 0 6 3 2. 2 1 6 ~ 6 3 2 2 1 6 ~ 6 1. 1 - 0 0 7 1 2 3 3 5 3 2 3 1
2 7 1 5 7 1 2 3 3 5 3 3 - 6 - - - 2. 1 2. 1 2 3 5 3
%END
