%趁我们年青.txt
% 出处 https://www.qupu123.com/
title=趁我们年青
tag=分类/通俗歌曲
usertag=分类/通俗歌曲
tagroute=
transcriber=jianpu2-auto
status=ocr
source=qupu123-328842
%--
3/4
subtitle=score
qx - - 1 2 0 - - - x 5 6 5 3 1 0 ,2 1 q,7 1' x' 7 1 2 1 7 6. 3 6 5 6 7 6 4 2 0 4 5 6 5
4 7 7 6 5 - 3 2. 1 2 1 6 - - 2 2 3 4. 5 4 3 2 - 1 5 - - 5 - - 6 5 4 3 2 4 3 2 1 6
7 7 6 5 - 3 2 - 6 7 1 - - 1 - - 3. 4 3 4 5 0 3 1 6 5 - - 5 - - 4 5 4 5 6. 5 4 6 5
0 4 3 5 2 - - 3 2. 1 7 2 6 0 2 1. 7 6 7 5 0 2 3 4 3 2. 1 2 6 6 - 6 - 5 3 2 - 5 6. 1
2 1 1 - - 4 4 3 2. 3 2 3 4 0 6 5 5 - -
%END
