%越来越不懂钢琴_2.txt
% 出处 https://www.jianpujia.com/
title=越来越不懂钢琴
tag=
usertag=
tagroute=
transcriber=jianpu2-auto
status=ocr
source=jianpujia-246519
%--
4/4
subtitle=score
1 - - q1 - - q1 3 1 x. x 6 5 3 2 1 2 3 5 5 2 1 3 - - 0 0 0 0 5 3 4 1 4 5 6 - 5 2 5
6 7 - 3 7 3 4 5 7 6 3 6 7 1 - x 0 - - 0 0 0 0 - 5 6 5 3 2 1 2 3 5 5 2 7 1 - ,7 -
6 7 1 7 1 2 3 4 1 4 5 6 - 5 2 5 6 7 0 3 7 3 7 7 - 6 3 6 3 6 - x - - - - - - - -
6 5 3 2 1 2 3 5 5 2 1 3 - - 0 0 0 0 3 5 3 4 1 4 5 6 - 5 2 5 6 7 - 3 7 3 4 5 7 1
5 1 2 3 - x - - - - - - - - 7 7 x 1 3 q5 ,5 ,5 6 5 3 2 1 2 3 5 5 - ,3 - - - ,3 - ,6 ,7
4 1 4 5 6 - 5 2 5 6 7 - 3 - - - 3 - - - x 0 - - 0 3 1 - 0 0 5 7 2 7 1 1 5 6 3 1
1 1 3 6 3 1 1 3 1 7 6 3 7 1 5 1 5 ,1 - 5 2 5 2 ,5 - 6 3 6 3 ,6 ,6' - 6 3 6 3 ,6 ,6' - x
2 1 6 - 0 0 5 7 2 2 2 2 5 1 5 3 - 2' 7 1 2' 5 - 0 6 7 1 ,2 ,6 ,2 ,6 ,2 - ,5 ,2 ,5 ,2 ,5 - ,6
,3 ,7 ,3 1 ,3 ,6 ,3 ,6 ,3 ,6 ,6 - 1 - 0 0 5 7 2 7 1 1 5 6 3 1 1 1 3 6 3 1 1 3 1 7 6 1 5 1
5 1 1 - 5 2 5 2 7' 5 - 6 3 6 3 6 1 - 6 3 6 3 6 1 - x - - - - - - - - x 2 6 - 0 0
5 7 2 2 2 2 5 1 5 3 - 0 0 0 0 0 0 1 5 1 5 ,1 - 5 2 5 2 ,5 - 1 5 2 5 3 ,5 1 5 1 5 1
,5 1 5 4 1 2 3 5 5 5 2 - 3 1 2 3 2 1 6 3 1 2 3 2 3 1 6 1 2 6 2 3 4 6 3 7 3 4 5 7
4 1 4 5 6 1 4 1 4 5 6 1 x - - - - - - - - 0 1 5 2 5 2 1 7 7 3. 5 2 1 1 2 2 5 3 5
2 5 2 1 5 2 2 5 3 1 1 1 x 1 2 6 2 3 4 6 3 7 3 4 5 7 1 5 1 2 3 5 4 1 4 5 6 1 1 5
4 1 5 2 5 2 1 2 5 3. 5 3 6 1 6 1 3 5 3 6 1 2 3 6 1 5 2 5 6 7 2 1 5 1 2 3 5 6 3 6
7 1 3 6 3 6 7 1 3 x - - - - - - - - 1 5 6 6 - 0 0 0 3 2 5 5 - - 5 3 3 2 2 2 1 1
2 6 2 3 4 6 2 6 2 3 4 6 3 7 3 4 5 7 4 1 4 5 6 1 x - - - - - - - - x 4 x 2 6 5 3
2 1 2 3 5 5 2 1 3 - - 0 0 0 0 3 5 3 2 6 2 3 4 - 3 7 3 4 5 - 4 1 4 5 6 1 4 1 4 5
6 - x 0 - - 0 0 0 0 - x 5 3 5 5 6 5 3 2 1 2 3 5 5 - ,3 - - - ,3 - ,6 ,7 2 6 2 3 ,4 -
3 7 3 4 ,5 - ,4 - - - ,4 - - - 5 7 5 5 1 3 3 x 4 4
%END
