%越来越不懂钢琴.txt
% 出处 https://www.jianpujia.com/
title=越来越不懂钢琴
tag=分类/钢琴谱
usertag=分类/钢琴谱
tagroute=
transcriber=jianpu2-auto
status=ocr
source=jianpujia-246519
%--
4/4
subtitle=score
x 2 1 6 - 0 0 5 7 2 2 2 2 5 1 5 3 - 2' 7 1 2' 5 - 0 6 7 1 ,2 ,6 ,2 ,6 ,2 - ,5 ,2 ,5 ,2 ,5 -
,6 ,3 ,7 ,3 1 ,3 ,6 ,3 ,6 ,3 ,6 ,6 - 1 - 0 0 5 7 2 7 1 1 5 6 3 1 1 1 3 6 3 1 1 3 1 7 6 1 5
1 5 1 1 - 5 2 5 2 7' 5 - 6 3 6 3 6 1 - 6 3 6 3 6 1 - x - - - - - - - - x 2 6 - 0
0 5 7 2 2 2 2 5 1 5 3 - 0 0 0 0 0 0 1 5 1 5 ,1 - 5 2 5 2 ,5 - 1 5 2 5 3 ,5 1 5 1 5
1 ,5 1 5 4 1 2 3 5 5 5 2 - 3 1 2 3 2 1 6 3 1 2 3 2 3 1 6 1 2 6 2 3 4 6 3 7 3 4 5
7 4 1 4 5 6 1 4 1 4 5 6 1 x - - - - - - - - 0 1 5 2 5 2 1 7 7 3. 5 2 1 1 2 2 5 3
5 2 5 2 1 5 2 2 5 3 1 1 1 x 1 2 6 2 3 4 6 3 7 3 4 5 7 1 5 1 2 3 5 4 1 4 5 6 1 1
5 4 1 5 2 5 2 1 2 5 3. 5 3 6 1 6 1 3 5 3 6 1 2 3 6 1 5 2 5 6 7 2 1 5 1 2 3 5 6 3
6 7 1 3 6 3 6 7 1 3 x - - - - - - - -
%END
