%路过蜻蜓.txt
% 出处 https://www.jianpujia.com/
title=路过蜻蜓
tag=
usertag=
tagroute=
transcriber=jianpu2-auto
status=ocr
source=jianpujia-149609
%--
4/4
subtitle=score
2 1 1. 1. 4 3 4 5 2 1 2 1 - 1 - - 5 1 1 1 1 4 2 6 2 6 5 1 1 1 1 2 6 - - 1 4 3 4 3
4 5 2 6 - 5 1 2 1 2 1 2 4 1 - ,1 ,3 ,5 5 2 ,6 ,5 ,5 ,5 ,5 7 4 ,6 2 5 2 ,1. 1. 4 3 4 5 2 2 ,3
1 ,3 1 - 2 ,7 - - ,1 ,3 ,5 ,5 ,2 ,7 ,1. 4 3 4 ,5 - - 3 3 x. 3 5 2 1 4 3 4 3 4 2 7 - 5 2 1 2
1 2 4 1 - x - 3 7 x. ,5. 3. 4 3 4 5 2 1 5 3 1 - - ,7. 5. 6 5 6 ,1 ,3 ,5 ,5 ,2 ,5 ,1 ,5 ,1 ,3 ,5 1
,3 ,7 ,3 4 1 x 6. 3 7 5 4 4. 5 4 6 5 4 3 1 1 3 5 4 x 1 1 1
%END
