%迎宾曲电影《客从何来》主题曲.txt
% 出处 http://www.fysongs.cn/songku_show.asp?id=43242
title=迎宾曲电影《客从何来》主题曲
tag=
usertag=
tagroute=
transcriber=jianpu2-auto
status=ocr
source=fysongs-43242
%--
2/4
subtitle=score
1 x 1' x x' x 3 4 3 2 1 7 1 2 3 4 3 2 1 7 1 0 2 1 7 6 5 3. 6 7 2 3 2 3 6 1 0 5 6 4
3 2 2 3 5 5 3 4 3 2 1 2. 7 6 7 2 0 3 7 6 5 - 6 2 3 1 3. 5 6 1 5 3. 5 3 2 x 1 0 2 3
2 1 2 3 2 1 1 2 1 2 3. 2 1 7 1 0 2 1 7 7 6 5 6 0 5 5 3 4. 5 3 2 1 2 0 5 5 7 1 2 3'.
1 2. 3 2 1 7 1 - 1 - 1 - 3 - 3. 4 3' 4 3 2 1 7 1' - 1 2' 3' 4' 3' 4 3 2' 1' 7 1 - 1 2' 1' 7
6 5 7 3 0 7 6 5 4 6 3. 4 3 2 1 2 - 5 5 7 1 2 - 3. 1 2. 3 2 1 7 3 4 3 2 1 7 1 2 3 4
3 2 1 7 1 0 2 1 7 6 5 3. 6 - - - - - - - - - - - - - 1 - 1 - 0 0 0 0 7 2 3 2 3 6
5 6 7 1 2 3. 4 3 4 3 2 1 7 0 7 1 x
%END
