%还是分开钢琴.txt
% 出处 https://www.jianpujia.com/
title=还是分开钢琴
tag=
usertag=
tagroute=
transcriber=jianpu2-auto
status=ocr
source=jianpujia-248130
%--
4/4
subtitle=score
1 - - 4 q1 - - 6 2. 0 1 1 1 4 ~ 4 1 1 0 5 6 5 3 2 1 1 2 1 1 1 1 1 1 1 4 1 1 0 5 6
5 6 3 3 3 2 2 1 6 3 6 4 1 4 5 2 5 1 5 1 6 3 6 4 1 4 5 2 5 1 5 1 x 0 - - 0 0 - 0
0 5 5 5 5 5 1 1 6 5 1 1 6 1 1 1 1 2 1 2 1 2 1 4 3 2 1 1 1 6 1 5 1 1 1 5 1 1 1 6
2 0 1 2 1 2 1 2 1 4 3 2 1 6 3 6 4 1 4 5 2 5 1 5 1 6 3 6 4 1 4 5 2 5 1 5 1 x - -
- - - - - - 1 2 3. 3 2 1 1 5 - 0 1 2 1 5 5 5 5 5 5 5 5 5 5 0 1 2 1 1 7 7 6 6 5 5
3 6 5 3 0 5 2 1 6 3 6 4 1 4 5 2 5 7 5 - 6 3 6 3 4 1 4 1 5 2 5 2 1 5 5 2 x - - -
- - - - - - - - - x 1 3 x 2 1 1 6 5 1 1 1 5 1 1 1 0 2 2 2 2 2 2 2 0 2 2 1 3 5 5
0 1 2 1 5 5 5 5 5 5 5 5 5 5 0 1 2 1 1 7 7 6 6 5 5 3 6 5 3 0 5 2 1 6 3 6 3 4 1 4
1 5 2 5 2 1 5 5 2 6 3 6 3 4 1 4 1 5 2 5 2 1 5 5 2 x - - - - - - - - - - - - - -
- - x 1 7 x 5 1 1 6 5 1 1 1 5 1 1 6 0 1 2 1 2 1 2 1 2 1 2 3 3 2 3 1 1 - - - 0 1
1 1 4 ~ 4 1 1 1 6 3 6 3 4 1 4 1 5 2 5 2 1 5 5 2 6 3 6 1 3 - 6 3 6 4 1 4 0 5 6 5
3 2 1 1 2 1 1 1 1 1 1 1 4 1 1 0 5 6 5 6 5 5 3 3 3 2 2 1 5 5 5 5 5 1 1 6 5 1 1 6
1 1 5 2 5 1 5 1 6 3 6 4 1 4 5 2 5 1 5 1 6 3 6 4 1 4 x 0 - - 0 0 - 0 0
%END
