%还是觉得你最好钢琴.txt
% 出处 https://www.jianpujia.com/
title=还是觉得你最好钢琴
tag=分类/钢琴谱
usertag=分类/钢琴谱
tagroute=
transcriber=jianpu2-auto
status=ocr
source=jianpujia-250172
todo=refine the filename
%--
4/4
subtitle=score
q1 - - 4 qx - - 0 3 2 1 2 5 1 7 6 7 3 6 5 4 5 1 1 6 7 1 2 3 2 1 5 1 3 7 5 7 2 6 3
6 1 5 3 5 1 4 1 4 6 3 2 5 1 2 6 2 4 5 2 1 7 x - - - 0 - - 0 0 - - - - - - - - 5
3 2 5 5 2 5 2 5 7 5 1 7 5 6 7 5 5 3 6 6 5 4 5 1 6 7 1 2 5 3 5 2 1 5 1 3 7 5 7 2
6 3 6 1 5 3 5 1 4 1 4 6 3 1 3 5 2 6 2 4 5 3 5 7 x - - - - - - - - - - - - - - -
- 5 - - 1 2 3. 3 2 5 1 - - 1 2 3. 3 5 6 3 2 1 5 1 5 1 - 1 5 1 7 5 7 6 3 6 7 1 - 1
5 1 3 7 5 7 2 x - - - - - - - - - - x 1 3 x 1 - - 1 2 3 3 2 1 2 1 2 3 3 5 6 1. 1
4 5 7 4 6 3 6 7 1 - 4 1 4 6 5 3 5 7 3 1 3 5 6 3 6 1 4 1 4 6 4 1 4 6 x - - - - -
- - - - - - - - - 1 7 3. 3 2 5 2 - - 1 2 5. 5 5 1 5 - - 1 2 3 3 3 3 5 6 1 5 2 5 1
7 - 1 5 1 5 7 5 2 5 6 3 6 7 1 3 1 5 1 5 7 5 2 5 x 2 1 x x' 1 - - 1 2 3 5 5 3 5 2
5 1 5 2 1 2 ,3 1 ,1 1 ,5 1 ,1 1 1. 1 4 5 6 4 6 3 6 7 1 6 4 1 6 1 5 3 5 7 3 7 5 1 6 3
7 1 4 1 4 6 1 6 4 1 x 0 - - 0 0 0 0 0 - - 0 - 0 0
%END
