%还是笨小孩钢琴.txt
% 出处 https://www.jianpujia.com/
title=还是笨小孩钢琴
tag=
usertag=
tagroute=
transcriber=jianpu2-auto
status=ocr
source=jianpujia-387664
todo=refine the filename
%--
4/4
subtitle=score
5 5 3 3 2 3 3 - 1 6 5 3 2 3 3 - - 1 7 3 3 3 3 3 3 3 3 3 3 1 1 1 1 1 2 2 2 2 2 3
3 3 3 3 3 3 3 3 3 ,6 6 6 6 ,6 ,6 6 6 6 ,6 ,4 4 4 4 ,4 ,5 5 5 5 ,5 ,6 6 6 6 ,6 ,6 6 6 6 ,6 x
2 2 x 6 6 6 6 6 7 7 7 7 6 5 3 5 6 6 - 4 1 7 6 5 6 1 1 1 1 1 2 2 2 2 2 3 3 3 3 3
3 3 3 3 3 1 1 1 1 1 2 2 2 2 2 4 4 4 4 4 ,5 5 5 5 5 ,6 6 6 6 6 6 6 6 6 6 4 4 4 4 4
5 5 5 5 ,5 x 2 5 x 6 - - 1 7 6 6 6 6 6 7 7 7 7 6 5 5 3 3 2 3 3 - 3 3 3 3 3 3 3 3
3 3 1 1 1 1 1 2 2 2 2 2 3 3 3 3 3 3 3 3 3 3 6 6 6 6 6 6 6 6 6 6 4 4 4 4 4 5 5 5
5 5 6 6 6 6 6 6 6 6 6 6 1 6 5 3 2 3 3 - - 1 7 6 6 6 6 6 7 7 7 7 6 1 1 1 1 1 2 2
2 2 2 3 3 3 3 3 3 3 3 3 3 1 1 1 1 1 2 2 2 2 2 ,4 4 4 4 ,4 ,5 5 5 5 ,5 ,6 6 6 6 ,6 ,6 6
6 6 ,6 ,4 4 4 4 ,4 ,5 5 5 5 ,5 5 3 5 6 6 - 4 1 7 6 5 6 6 - - - 3 3 3 3 3 3 3 3 3 3 1
1 1 1 1 2 2 2 2 2 3 3 3 3 3 3 3 3 3 3 ,6 6 6 6 ,6 ,6 6 6 6 6 ,4 4 4 ,4 ,4 ,5 5 5 5 ,5 ,6
6 6 6 ,6 ,6 6 6 ,6 ,6 4 1 7 6 5 6 6 - - - 4 5 6 4 - 5 - 6 - - - x 1 x
%END
