%这一天_2.txt
% 出处 https://www.qupu123.com/
title=这一天
tag=
usertag=
tagroute=
transcriber=jianpu2-auto
status=ocr
source=qupu123-311092
%--
4/4
subtitle=score
3 x 2 2 3 3 ,3 3 6 5. 2 3 - 3 - 2 ,1 2 2 1. 6 - - ,6 q,6 q1 q1' 1 2 q6 q6' q,6 q,1 1' q6 q1' 5' 5 q,1' x'.
x'. 1'. 3 q2 5. 5 q1 5 5 5. 3 0 ,1' 0 0 2 2' ,7. q5 1'. 1 1. ,6 - ,6 1 7 ,7' 1 7. 7 7 - 7 0 6 0 - 6 6
- 6 - 6 7 ,1 2 7 ,,1 2 3 1 2 3 0 2 0 4 5 6 6 6 ,6 6 6 ,6 6 6 ,6 6 0 x 0 ,6. 6 ,6 ,6 ,6 6 6
7 7 5 3 0 x 6 5 6 7 ,,1 7 ,,1 3 2. 2 2 2 2 5 5 4 3 2 3 0 7 6 5 q3 2' 7 5 3 ,7 ,7. 7 3 1 ,7.
7 ,7 ,7 ,5 ,3. 3 2. 3 2 1 ,1 ,7 ,7 ,7 ,7 ,x. ,5 ,6 ,6 ,6. 6 6 0 7 6 7 5. 6 4 0 0 3 2 3. 3 - ,6. 6 6 6
- 0 7 6 7 5. 7 0 q7 5 6. 6 - 3 6. 3 2 1 2 3. 2 2 2 1 3 6 5 ,6. ,x -
%END
