%远方的爱人.txt
% 出处 https://www.qupu123.com/
title=远方的爱人
tag=分类/谱友上传
usertag=分类/谱友上传
tagroute=
transcriber=jianpu2-auto
status=ocr
source=qupu123-396566
%--
4/4
subtitle=score
1 - - - 1' x x 3 6 6 3 5 6 7 6 7 7 6 5 3 5 6 6 1 1 6 2 2 3 2 5. 6 7 5 2 3 3 5 5 5
3 5 6 7 6 q3 s6 s6 q6 s3 s2 1 q,7 s7 s7 q,7 q,6 q,5 q,3 q2 q1 ,6 0 q,6 s3 s3 q3 s2 s1 1 0 q,7 s7 s6 q,7 q,5 ,6 0 ,6 q1
q,6 q2 s3 s2 2 5 5 6 7 6 5 3 0 3 6 6 3 5 6 7 6 6 3 2 1 1 0 2. 2 1 2 2 2 3 2 5 6 2 1 6
6 0 6 2 3 3 2 3 2 1 0 7 7 6 5 6 7 6 0 6 6 1 6 2 3 2 2 5 5 6 7 5 3 3 0 3 6 6 3 5
6 7 6. 6 6 3 3 2 3 2 1 0 2. 2 1 2 2 3 2 2 5 6 2 1 6 6 0 3 5 3 6 7 6 6. 6 7 7 5 6 7
6 6 1. 1 1 6 6 5 6 5 3 6. 6 6 1 2 3 0 3 5 3 6 7 6 6. 6 6 3 3 2 1 1 0 2. 2 1 2 2 2 3
2 2. 3 - - - - - - - - - - - - - - - - - - - - - - - - - - - 5 6 2 1 6 6 3 5 3 6
7 6 6. 6 7 7 5 6 7 6 6 1. 1 1 6 6 5 6 5 3 3 5 6 6 6 1 2 3 0 3 5 3 6 7 6 6. 6 6 3 3
3 2 3 2 1 0 2. 2 1 2 2 2 3 2 2. 3 5 6 2 1 6 6 3 5 5 5 3 6 7 6 7 7 6 5 6 7 6 1 1 1
1 6 6 6 5 6 5 3 6. 6 6 1 2 3 3 3 5 0 5 3 6 7 6. 5 6 3 3 3 2 2 3 2 1 2. 2 1 2 2 3 5
3 2. 2 5 6 2 1. 2 6
%END
