%迷痴的心.txt
% 出处 https://www.qupu123.com/
title=迷痴的心
tag=
usertag=
tagroute=
transcriber=jianpu2-auto
status=ocr
source=qupu123-305328
%--
4/4
subtitle=score
3. 4 5 3 2 2 1 2. 3 4 3 2 2 1 3. 4 5 3 2 2 1 2. 3 4 3 2 2 1 1. ,2 q1 1 2 1 1 - 0 3 4 5
2 2 1. 2 2 2 3 q,2 q1 1 6 ,6 0 2 2 2 3 4 3 2 2 0 5 1 0 q,,5 1 2 3 3 0 0 3 3 3 q4 5 3 2 2
1 ,,1 4 0 1 4' 5 6 1. 6 0 q1 6 5 5 5 5 4 3. s2 q1 s1 1 q1 1 x ,3 ,5 1 3 q0 x x. 2. 6 - 2 2 2 2.
2 3 4 3 2 q2 1 1 - q,x 4 5 6 q6 0 q1 6 6 6 0 3 5 5 q5 5 3 3 5 4 4 4 4. 3 4 4 4 4. 2 3 3.
3 5 3 3 0 ,1 6 6 6 0 1 6 q6 q6 0 q6 q7 1 1. 5 5 1 - 2. 3. 3. 4 5 3 2 2 2 1 3 0 1 1 4. 0 4
6. 5 ,5 ,7 1 - x 3. 4 4 5. 1 1 1 0 2. 4 2 2 1 1 2 3 2 1 1 2 1 - 1 0
%END
