%退后钢琴.txt
% 出处 https://www.jianpujia.com/
title=退后钢琴
tag=分类/钢琴谱
usertag=分类/钢琴谱
tagroute=
transcriber=jianpu2-auto
status=ocr
source=jianpujia-245555
%--
4/4
subtitle=score
2 1. 1 1 4 7 1 6 1. 5 7 2 5 5 5 5 1 7 1 2 2 5. 5 5 5 1 7 1 2 2 5. 2 6 4 6 4 6 4 6 5
4 1 4 5 2 7 2 1 5 3 5 3 5 7 5 6 3 1 3 1 3 5 3 x - - - - - - - - - - - - - - - -
3 6 6 3 3 6 2 6 1 2 3 3 4. 3 6 3 6 3 6 2 5 1 2 2 5 5. 2. 5 5 2 5 2 5 2 1 7 1 2 2 5.
2 5 2 5 2 5 1 7 1 2 2 1. 7 5 2 6 4 6 1 1 6 4 5 4 1 4 5 2 7 2 1 5 3 5 3 5 7 5 6 3
1 3 1 3 5 3 x - - - - - - - - - - - - - - - - ,6. ,6 2 7 1 2 2 2 1 2 7 1 1. 1 0 6 7
1 1 1 1 3. 4 1 4 1 5 5 3 5 5 5 3 2 3 5 2 3 5 7 1 4 2 6 2 6 2 6 2 2 6 4 6 5 2 7 2
1 5 3 5 3 5 3 5 6 3 1 3 1 3 1 3 4 1 6 2 3 6 2 6 2 1 7 1 4 1 - 2 5 5 2 5 3 0 2 2
1 2 3. 2 5 2 5 2 5 1 7 1 2 2 5. 7 7 4 1 6 1 6 1 6 1 5 2 6 2 5 2 5 1 5 3 5 3 5 3 5.
1 5 3 5 3 5 7 5 x - - - - - - - - - - - 1 - - - - 2 2 2 3 3 3 1 3 3 3 1 2 2. 2 2
2 5 5 5 1 7 1 2 2 5. 6 6 6 2 6 2 3 3 4. 6 6 6 2 5 2 5 5. 5 5 5 5 1 7 1 2 2 5. 6 3 1
3 1 3 5 3 2 6 4 6 1 1 6 4 5 4 1 4 5 2 7 2 1 5 3 5 3 5 7 5 4 1 5 2 5 2 5 2 1 7 1
2 2 1. 7 1 1. 1 0 6 7 1 1 1 1 3. 2 4 1 7 4 1 5 1 ,2 5 3 2 5 5 2 5 5 6 3 1 3 1 3 5 3
4 2 6 2 6 2 6 2 2 6 4 6 5 2 7 2 1 5 3 5 3 5 3 5 x - - - - - - - - - - - - - - -
-
%END
