%逃避行.txt
% 出处 https://www.jianpujia.com/
title=逃避行
tag=邓丽君
usertag=邓丽君
tagroute=
transcriber=jianpu2-auto
status=ocr
source=jianpujia-74013
%--
4/4
subtitle=score
1 2 3 1 5 6 1 1 2 3 5 5 - 3 5 7. 6 5 4 5 - - 3 5 2. 1. 6 1 - 6 - 5 - - 5 1 2 3 3 5
1 3 4 3 2 1 3 5 5 - 5 1 2 3 3 5 1 5 7 7 6 6 5 4 5 - - - 6. 5 6 7 1 - 6 6 5 4 1. 1
2 3 3 5 5 5 5 5 3 2 1 1 5 5 - 5 1 2 3 3 5 1 3 4 3 2 1 3 5 5 - 5 1 2 3 3 5 1 5 7
7 6 6 5 4 5 - - - 6. 5 6 7 1 - 6 6 5 4 1. 1 2 3. 2 3 1 2 3 3 2 3 1 2 3 3 2 3 1 - 2
2 2 2 4 1 7 7. 3 3 3 4 5 6 6 5 3 4 4 4 6 6 1 7 7 6 5 3 - 5 - 1 1 1 1 5 5 5 1 2 5
5. 6 6 6 6 1 1 5 5 6 6 6 1 1 2 2 - - 2 2 2 1 5 3 - - - 3 - - 0 4. 6. 1 1 - - - 1 -
- 1 1 2. 1 - - - 1 - - - 1 0 0 0
%END
