%逝去的约定.txt
% 出处 https://www.qupu123.com/
title=逝去的约定
tag=
usertag=
tagroute=
transcriber=jianpu2-auto
status=ocr
source=qupu123-315446
%--
4/4
subtitle=score
x 0 3 ,1' 7 6 7 1'. 5 4 4 0 2 7 6 5 6 7. q2 4 3 0 0 1 6. 5 4 4 3 ,6 1 0 ,6 2 4 3 q2 1 ,7 ,6
- 0 0 x ,6. ,6 ,6 ,7 1 ,6 3. 2 2 - 2 2 3 2 1 5 6 - 3 - - - ,6 ,6 ,7 1 ,6 ,6 1 3. 5 5 - 4. - q4
4 3 2 1 1 2 3 - - - 4 4 2 1 7 1 ,6 - - 3 x. 6. 5 6 - 6 6 7 1. 7 - - 6 5 4. 4 4 - 0 2
4 6 1 - - - 4 3 4 4 - 0 5 6 5 5 4 3 - - 3 7. 1 7 6 5 6 6 - - 3 7. 1 7 6 5 6 6 - -
- 7. 1' 7 6 5 6 6 - - -
%END
