%遥远的她钢琴.txt
% 出处 https://www.jianpujia.com/
title=遥远的她钢琴
tag=
usertag=
tagroute=
transcriber=jianpu2-auto
status=ocr
source=jianpujia-246282
todo=refine the filename
%--
4/4
subtitle=score
q1 - - qx - - 7 6 0 3 1 3 7 2 6 1 5 7 3 5 2 4 3 5 4 4 4 - 7 2 6 1 5 7 2 4 1 3 2 3
3 3 1 3 3 1 1 5 1 6 3 6 3 1 - 2 6 7 6 4 - 5 2 5 2 7 - 1 5 1 5 1 - x 0 0 0 0 - -
- - 1 1 1 4 6 1 - 1 1 1 5 1 2. 2 - 3 2 1 1 - 6 1 4 5 3 - - - ,6 ,6 ,7 1 1 1 1 1 1 1
1 1 4 4 4 5 5 6 6 6 5 5 6 5 5 6 2 2 2 3 4 4 4 4 1 3 3 4 1 3 3 4 x x x 3 4 5 5 5
5 4 3 2 1 3 1 3 7 2 6 1 5 7 1 ,7 ,6 1 1 1 ,5 1 1 2 2 1 5 3 4 q,5 q1 q,7 q,5 q,6 q,3 q,3 ,1' ,1 q,3' q,7
q,4 q,5 ,1 ,3 ,7 ,3 ,6 ,1 ,5 ,1 ,4 ,6 ,3 ,5 ,2 2 6 ,5 ,2 x 1 3 x 5 5 5 5. 5 5 4 3 2 1 1 7 2 1 3 5 1
7 6 7 1 1 2 2 3 2 1 1 0 5 3 5 2 4 3 5 x - - - - - - - - - - - - - - - - - - - -
x 1 7 6 4 5 5 3 3 1 ,1 ,3 ,7 ,3 ,6 ,1 ,5 ,1 ,4 ,6 ,5 5 2 1 5 1 3 1 5 ,1
%END
