%邓丽君_80.txt
% 出处 https://www.qupu123.com/
title=邓丽君
tag=邓丽君
usertag=邓丽君
tagroute=
transcriber=jianpu2-auto
status=ocr
source=qupu123-292202
%--
4/4
subtitle=score
1 ,x 1' x' x 1' 1 - 1 1 1 1 x x ,5 2 4 3 2. 2. 2 1 3 2 1. 1. ,7 1 1. ,6 ,7 1 1 1 1 1 1 1. ,7 1
2 3. 3 3 3 3 3 2 0 ,5. ,,1 ,5 1 3 2 ,1 5 3 2 3 2 1 1 ,5 1 3 2 1 6. ,5 3 q2' 1 1' 1'. 1. ,5 ,,1 ,2 3'.
3'. 3. 0 3 2 2'. 2'. 2. 0 ,6 1. 2. 2. 2. 0 ,5 3 3 3. 3 5 5 5 3 2 1 1. 1. 0 ,6 3 2. 2. 2. q0 ,5. ,,,6 1. 1. 1.
,5 ,,3 ,4 ,,,5 ,5 ,5. 5. ,3 ,5 ,3 ,7 ,5 ,5. ,5. 0 ,5 q,5 q,6 ,5 ,6 ,6. 1 ,6 1 1. 2 3 3. 2'. 2' 0 2 3'. 3'. 5'. 5' 5' 3' 3'. 3'.
3. 0 6 5 4'. 4'. 3'. 1'. 2'. 2'. 2. ,5' ,3' ,5 ,5'. ,5'. ,5. ,5 ,3' q5 ,6'. ,6'.
%END
