%那就这样吧.txt
% 出处 http://www.fysongs.cn/songku_show.asp?id=42438
title=那就这样吧
tag=
usertag=
tagroute=
transcriber=jianpu2-auto
status=ocr
source=fysongs-42438
%--
4/4
subtitle=score
0 0 0 0 0 0 0 0 x 0 5 3 2 2 1 3 2 2 3 3 - 0 5 3 2 2 1 3 2 2 2 2 - 3 4 5. q1 1 - 5.
5. 1 1 1 2 2 - - - 2 - - 2 1 2 5 5 0 3 2 1 2 2 3 1 1 0 5 5 1 1 1 ,6 1 ,6 0 5 5 3 4
3 2 2 3 2 1 2 2 5 0 3 2 1 2 2 3 1 1 0 5 5 1 1 1 ,6 1 ,6 0 5 5 3 4 3 3 2 2 2 - - 3
4 5 5 5 0 5 5 1 2 1 7 1 0 3 1 2 q3 3 3 0 q1 1 q2 3 4 3 2 2 3 4 5 5 5 0 5 5 1 2 1 7
1 1 6 7 1 0 1 1 1 1 1 1 7 6 6 5 5 3 4 5 5 5 0 5 5 1 2 1 7 1 0 3 1 2 3 3 3 0 1 1
2 3 4 3 2 2 3 4 5 5 5 0 5 5 1 2 1 7 1 1 6 7 1 0 1 1 6 7 1 2 1 1 - - - 1 - - - 0
7 7 0 2 2 2 0 1 1 6 7 1 2 1 2 2 1 ,7 2 2 3 0 3 5 4 4 3 0 1 5 5 2 3 3 - - - 0 ,7 ,7
,7 3 2 2 2 1 1 2 2 3 0 3 5 1 1 1 1 ,6 1 5 1 1 1 0 1 6 6 5 6 5 - - - 5 - - 3 4. x 0
5 3 2 2 1 3 2 2 3 3 - - 0 5 3 2 2 1 3 2 2 - 3 4 5. 1 1 - 5. 5. 1 1 1 2 2 - - 2 - -
- 0 1 5 6' 1 q5 q4 q3 q3 3 - -
%END
