%那溪那山.txt
% 出处 http://www.jianpu.cn/
title=那溪那山
tag=李谷一
usertag=李谷一
tagroute=
transcriber=jianpu2-auto
status=ocr
source=jianpucn-451143
%--
4/4
subtitle=score
0 6 1 5 5 q6 5 3 q2 q1 5 5 q6 3 q5 2 5 5 q6 3 q6 q3 q5 2 - q6 1 3. q3 q2 q3 2 6 1 - 6 5 6 1 2.
2 3 5 3 2 - q5 5 6 1. 1 1 1 2 1 - 0 5 6 3 2. 1 2 1 6 5 3 3 0 ,5 ,6 3 2. 1 2 1 2 1 ,6 ,5
,5 3 5 6 0 5 5 3 2 3 3 0 ,6 1 3 2 0 3 q1 q6 q6 5 3 1 ,6 2 2 0 ,5 ,6 x 3 2 0 1 2 1 ,6 ,5 3
3 0 ,5 ,6 x 3 2 0 1 2 1 2 1 ,6 ,5 ,5 3 5 6 0 5 6 5 3 2 3 3 0 ,6 1 3 2 0 1 2 1 ,6 ,5 1 1
1 3 5 6. 5 6 0 3 5 5 6 5 3 5 - 6. 3 2. 1 1. 6 3 - 3 3 5 6. 5 6 0 3 5 6 6 5 5 2 6 2 3
0 3 2. 3 2. 1 5 - 0 ,5 ,6 ,5 3 3 0 ,5 ,6 ,5 3 3 0 5 3 3 ,6 0 5 3 3 2
%END