%邻居.txt
% 出处 https://www.qupu123.com/
title=邻居
tag=分类/儿歌
usertag=分类/儿歌
tagroute=
transcriber=jianpu2-auto
status=ocr
source=qupu123-333757
%--
2/4
subtitle=score
0 0 5 q1' q1' 7 7 1' 5 1' 7 ,1' 6 1' 7 1' 5 4 2 q7 1 q0 0 5 5 5 5 3 5 6 6 6 6 4 6 7 7 7 7 q5
q7 1 0 3 3 3 3 1 3 4 4 4 4 2 4 q5 5 5 5 4 5 3 0 x 5 0 3 1 6 6 0 4 2 7 q7 q7 6 6 7 7
1' q0 q6 5 5 0 3 1 6 0 4 2 q7 7 7 6 6 7 7 1'. q7 1' 5 5 5 5 3 5 6 6 6 6 4 6 q7 7 7 7 q5 7
1' 0 3 3 3 3 1 3 4 4 4 4 2 4 5 5 5 5 4 5 3 0 5 0 3 1 6 0 4 2 7 7 7 q6 6 7 7 1' 0 6
5 5 q0 3 1 6 0 4 2 7 7 7 6 6 7 7 1'. 7 1' 3 3 3 5 5 4 3 2 1 2 2 2 2 4 4 3 2 1 7 1 3
3 5 5 4 3 2 ,1 2 2 2 4 4 3 2 1 7 1 5 5 5 q5 3 5 6 6 6 6 4 6 7 7 7 7 5 7 1' 0 3 3 3
3 q1 3 4 4 4 4 2 4 5 5 5 5 4 5 3 0
%END
