%酒干倘卖无.txt
% 出处 https://www.qupu123.com/
title=酒干倘卖无
tag=分类/记谱
usertag=分类/记谱
tagroute=
transcriber=jianpu2-auto
status=ocr
source=qupu123-381568
%--
4/4
subtitle=score
1 - - - ,,x sx' ,x x x 2 1 6 - 1 6 5 - 6 5 3 - 5 3 2 2 3 4 5 4 5 6 7 1 2 2 1 1 6 - 1
1 6 6 5 - 6 6 5 5 3 - 5 5 3 3 2 2 0 1 2 x x 2. x x - - - - - - - - - - - - - - -
1 1 6 1 2 3 2 2 0 1 2 2 1 1 6 6 6 0 1 1 1 6 6 6 5 5 5 0 6 6 6 5 5 3 3 3 0 6 5 5
3 3 2 2 2 0 1 2. 6 6 6 5 5 3 3. 2 3 - - - - - - - - - - - - - - - - 5 5 5 5 3 5 6
- x 6 6 6 6 6 6 6 7 1 6 7 5 6 3 3 3 2 1 7 6 6 6 6 6 5 6 7 1 3 1 2 7 1 6 5 6 7 1
3 2 2 1 7 7 1 7 7 6 5 5 6 6 - x 3 5 6 6 5 6 6 5 6 1 6 6 6 6 6 5 5 5 3 5 5 5 3 5
6 5 5 5 5 3 3 2 3 3 3 2 3 5 3 3 0 3 2 2 1 2 2 1 2 3 2 2 - - 1 2 - q3 3 q2 q3 q3 q3 q2
q3 5 q3 0 q2 q3 q5 5 q3 q5 q5 q5 q3
%END
