%醉卧沙场.txt
% 出处 https://www.qupu123.com/
title=醉卧沙场
tag=分类/通俗歌曲
usertag=分类/通俗歌曲
tagroute=
transcriber=jianpu2-auto
status=ocr
source=qupu123-311095
%--
4/4
subtitle=score
1 q6 x q5 q6 q6 q7 1 1 q7 q4 q7 ,1 2 2 1 q3 q3 q2 q3 q4 q5 q4 q5 q0 q5 1 6. 6. 5 5 4 4' 5 5 6 6. x ,,1 1
7 3' x' 7. 7 1 6. 6 x 5 q1 x 2 2 1. 2 ,7. 5 q1 ,6 1. 1'. 0 0 1 ,5 ,5' ,4 ,5 5 1 qx 6 0 3 x 3 0 6 5
3 2 1. ,6 2 1 6 x 4 3 - 2 ,1 2 3 2 3 5 6 5 3 6 ,,1 7 - 6 6. q5 2 1. ,6 2 3 5 6 1 4 3 - q1
q2 3 5 5 7 5 ,,1 7 0 - 0 q4 q5 q6 q7 1'. q,1 1 7 2 0 1' 7 6 2'. 3 4 6 6 7 7 1' 2' 3' 0 3 2 ,1 7 ,6.
6 ,6. 6 ,6. 6 ,6. 3 1 ,2 2. x 3 1 3 3 1 1 2. 3 5 3 - 2. 2 2 3 5. 5 5 3 2 3 - - ,6. 2 ,1 2 2 -
3. 2 - 1 2 3 5 3 5 7 7 5 1 6 x 0 1 2 3 4 5 6 1' 2' 3' 0 2 1'. 7 6 7 5 6 5 5 3 0 6 5 4
5 0 2. 6 ,1 5 x 4 6 ,1 2 3 6 2 1. 7 6 7 5 3 2. 3 1 5 0 0 q4 q2 7 2 5 1 4 6 7 2. 2. 5 6 6
-
%END
