%金海银滩.txt
% 出处 https://www.qupu123.com/
title=金海银滩
tag=
usertag=
tagroute=
transcriber=jianpu2-auto
status=ocr
source=qupu123-370779
todo=add tags
%--
4/4
subtitle=score
0 1 2. 3 5 - 5 3 1. 6 5 - 5 1 7 6 5 3 2 3 1 7 6 ,5 6 5 2 3 1 - - - ,5 5 3 2 3 - 5 3
2 1 ,5 - 1. 1 2 3 5 6 3 2 - - - ,5 5 6 5 5 - 3 2 q1 ,5 ,6 - ,5 1 3 6 5 2 3 1 - - - 1 1
7 6 5 6 - 1 2 7. 6 5 - 5 6 1. 6 5 3 3 ,6 1 5. 3 2 - 1 1 7 6 5 6 - 1 2 7. 6 5 - 5 6 q1.
3 2 3 5 ,5 ,6 2. 1 1 - 1 1 2. 3 5 - 5 3 1. 6 5 - 1 1 7 6 5 6 - 1 2 7. 6 5 - 5 6 1. 3 2
3 5 ,5 ,6 2. 1 1 - 1 1 7 6 5 6 - 1 2 7. 6 5 - 5 6 1. 3 2 3 5 ,5 ,6 2. 1 1 - ,5 ,6 2 3 x 1
- - 6 5 - - - 5 0 0 0
%END
