%金榜.txt
% 出处 https://www.jp114.com/jianpu/1216754.html
title=金榜
tag=
usertag=
tagroute=
transcriber=jianpu2-auto
status=ocr
source=jp114-1216754
%--
4/4
subtitle=score
5. q3 q5 q6 q5 q6 q3 q2 5 q3 q5 6 2. 1 2 3. 5 6 3 2 3 1 2 3 2 3 6 5 6 3 2 1 3 2 2 3 1 2 3 2
3 2 3 5 6 3 2 3 1 2 1 6 1 3 2. 3 2 3 2 1 6. 5 6 1. 2 1 2 1 6 5. 3 5 6 5 6 3 2 1 3. 2
3 2 3 2. 3 1 2 1 3. 2 1 2 1 2 1 2 1 2 3 5. 6 3 5 6 1 5 3 2 2 3 1 2 3 2 3 5 6 3 5 3
2. 3 1 2 1 3. 2 1 2 1 2 1 6 5 6 q3 q2 q3 q5. q6 q3 q2 q3 q5 q3 q5 q6 q5 q5 q6 q5 q5 q6 1 q2 q1 q3. q2 q3 q5
q2 q3 1. 3 2 1 2 1 2 3 5 6 1 6 5 5 6 1 2 1 6 5 3 2 1 3 2 3 5 6. 1 5 5 6 3 6 1 6 5. 6
3 2 3 5 3 5 5 2 3 2 3 1. 3 2 1 2 1 2 3 5 3 2. 3 1 2 1 3. 2 1 2 1 2 1 6 5 6 3 2 3 5.
6 3 2 3 5 3 5 6 q5 q5 6 q5 q5 6 1 q2 q1 3. 2 q3 q5 q2 3 1. 3 q2 q1 2 1 2 3 5 6 1 6 5 5 6 1 2
1 6 5 3 2 1 3 2 3 5 6. 1 5
%END
