%钢琴简谱.txt
% 出处 https://www.jianpujia.com/
title=钢琴简谱
tag=
usertag=
tagroute=
transcriber=jianpu2-auto
status=ocr
source=jianpujia-149956
%--
4/4
subtitle=score
1 - - qx - - 6 x x 1 2 3 3 2 3 3 5 5 5 1 2 3 3 2 3 3 7 5 5 0 ,1 ,1 ,1 ,1 q,,7 q,,7 q,,7 q,,7 4 4
4 4 3 3 3 3 x 1 1 1 5 3 4 2 4 6 1 3 5 7 ,2 1 2 3 3 2 3 3 5 5 5 5 4 3 0 1 3 5 7 2
4 6 1 1 1 1 1 2 2 2 2 4 4 4 4 5 5 5 5 1 1 1 1 3 2 3 3 2 3 3 5 5 5 3 2 3 3 2 3 3
1 7 7 5. 3 2 3 3 2 3 3 5 5 5 3 2 3 3 2 3 3 1 7 7 5. ,1 ,1 ,1 ,1 q,7 q,7 q,3 q,2 4 4 4 4 3 3 6
5 1 1 1 1 1 7 5 5 5 - 2 - ,7 - q,6 q,6 ,1 q,7 2 - 2 - 5 - 5 - x 1 x 1 x 1 7 x 5 - 0 0 5
5 5 5 4 3 3 2 3 3 0 0 2 - - 0 - 0 0 - - - - q,7 ,1 ,1 q,7 5 - 4 - 4 - 3 - x x x 1 x 2
1 x 3 3 3 0 0 0 5 5 5 5 4 3 3 2 3 3 0 0 1 0 0 0 0 0 0 0 - - - - - - q,7 ,1 ,1 ,2 3 -
4 - 4 - 5 - x x x x x 2 5 x 3 2 1 0 0 0 6 6 6 6 5 5 5 4. 5. 3 3 2 0 0 0 0 0 0 0 -
0 0 0 - 1 ,1 1 ,1 ,7 1 5 - 4 - 4 - 3 - x 1 1 1 x 2 x x 1 0 0 1 1 2 3 3 6 5 0 1 1 2
3 6 1 6 6 6 5 1 1 1 1 3 - 2 - 2 - 2 - x x x 1 x 3 3 x 5 3 0 0 0 5 5 5 5 4 3 2 3
0 1 1 0 - - 0 - - - - q,5 ,1 ,1 ,1 ,1 q,7 q,7 3 4 4 4 4 3 3 1 1 1 1 x 3 7 x 3 3 3 0 0 0 5
5 5 5 4 3 2 3 3 0 0 1 x 0 - - - 0 0 - - - - - q,7 q,7 ,1 ,1 ,1 ,1 q,5 q,5 3 3 4 4 4 4 1 1 x
x x 1 x 4 1 x 2 1 1 1 0 0 0 6 6 6 6 5 5 3 5 2 7 1 1 0 - - - - 0 - 0 0 q,5 q,5 ,1 ,1 ,1
,1 q,7. ,3 ,1 ,1 ,4 ,4 ,4 ,4 ,3. 6 0 0 1 3 2 2 2 1 1 1 6 6 6 1 2 2 4 1 1 - - - - - - - - - -
- - - ,3 ,6 ,6 ,6 ,6 ,5 ,5 2 0 0 5 3 2 3 2 3 3 2 3 3 5 5 5 3 5 x - - - - - - - - - - -
- - 2 - 2 - 1 5 3 3 5 1 1 5 3 3 5. x 0 - 0 0 - 0 - - - - x 5 3 x 3 2 3 3 2 3 3 1
7 7 5 5 6 6 6 6 5 6 6 5 1 1 0 5 1 - - - - - - - - - - - - - - - - - - - - - 6 3
1 1 3 6 6 3 1 1 3. 4 1 6 6 1 4 4 1 6 6 1 - - 0 - 0 - - - - - 0 0 - - - 0 - 0 x 5
7 x x - - - - - - - - - - - - - - - - - - - - - - 5 1 q,4 1 5 5 ,1. ,5 ,1 ,1 5 3 3 ,5 1
1 ,5 3 3 ,5. x 6 1 3 2 3 3 2 3 3 1 1 ,1 0 1 1 6 6 7 1 1 5 5 6 3 1 1 3 6 6 3 1 1 4 1
4 3 7 3 1 - - - - - - 0 - - - x 4 3 2 1 3. 2 2 1 2 5 2 1 5 1 1 3 5 1 1 - - - - -
- - - - - 2 6 2 5 2 5 1 6 1 0 - 6 3 5 6 6 3 5 6 6 1 3 4 6. 6 7 1 2 2. 1 ,7 - ,6 - ,2.
3 4 ,5 - ,5 -
%END
