%长安故事.txt
% 出处 https://www.jp114.com/jianpu/1216067.html
title=长安故事
tag=
usertag=
tagroute=
transcriber=jianpu2-auto
status=ocr
source=jp114-1216067
%--
4/4
subtitle=score
- - 6 7 x 1' x x ,6. 3 3 2 1 5 3 3 ,6 3 2 2 2 3 ,6 1 ,6 6 5 6 1 6. 1 2 3. 5 3 2 3 6 2 3
2 1 7. 6 ~ 6 7 7 6 5 6. 1 6 1 1 0 - - - - - - 0 - 0 - - - 1 - - - 0 - - - - - x -
3 ~ 3 6 6. 3 2 2 3 3 6 6 2 1 2' 3 6 2' 3 2' 1 7 6. 7 6 5 6. 1' 6 1' 2' 3'. 5' 3' 2' 3' 6 2' 3' 2'
1' 2 3 ,,6' 6' ,5 2 1 2 5' 3 3 3 3' 6 ,1 6 3 2' 3' 3' x x 6 6 1' 2 1 x - 6 1'. q6 q1' q6 6 x 2'. q3' 2'
3' 3' 3' 3' 0 x 3 3 6 6. 3 2 3 3 6 6 2 1 2 3 ,6 ,6 ,5 2 1 2 5. 3 2 3 3 3 3 3 6 6 3 2 3 3
6 6 2 1 2 3 6 2 3 2 1 6 1. 6 1 6 6 x 3 5 2 3 3 ,6 3 3 2 1 ,7 ,6 ,6 3 5 5 4 4 3 3 3 5.
4 4 3 x 3 0 0 6 x 3 5 4 3 3 3 2 x ,6 ,5 ,6. 1 ,6 1 2 3. 5 3 2 3 6 2 3 2 1 1 6 1 1 6 x
1 2 3 3 2 1
%END
