%长长的长安街.txt
% 出处 https://www.qupu123.com/
title=长长的长安街
tag=分类/民歌
usertag=分类/民歌
tagroute=
transcriber=jianpu2-auto
status=ocr
source=qupu123-334761
%--
4/4
subtitle=score
x q5 3 5 6 5 6 6 1 2 1 2 0 3 2 3 5. 3 5 6 - x 1 1 - 1 6. 3 7 6 x 6. 7 6 5 6 2 2 2 2.
7 6 5 2' 2'. 3' 7 6 5 6 7 6 5 x 5 3 5 6 1. 2 q6 5 5. q6 1 1 q2. 3 5 4 3 - 3 x 3. 4 3 2 ,1 6
1 2 3 7 7 - 7 - 6. 7 2 5 x 5. 6 1 4 3 2 s7 5 3 3 - - 3' - 7. 6 5 6 1' 1' x 1'. 2 7 6 5 0
1 5 3 5 6 1'. 2' 6 5 5 6 1 2. 3 5 6 1 6 1 3' 3 2 - 2' - - 3' 2' 1'. q3' 2' 6 q6 5. 1 6 5 3 5 3
2. 3 1 3 2 1 2 0 3 5 6 1. 6 1 6 1 0 5 6 1 2. ,1 x' 2
%END
