%问世间情为何物.txt
% 出处 http://www.fysongs.cn/songku_show.asp?id=49537
title=问世间情为何物
tag=
usertag=
tagroute=
transcriber=jianpu2-auto
status=ocr
source=fysongs-49537
%--
2/4
subtitle=score
x 7 1 6 7 5 - 6 7 x 5 6 5 - 7 1 6 7 5 4 3 3 x 3 2 1 1 - 0 3 5 7 1'. 1 0 0 0 4 3 2
- 5 3 2 1. 0 2 3 4 6 5 5 - 5 5 4 3 3 - 0 0 0 0 0 0 0 2 4 6 - - 1 - 1 0 6 5 5. 5 -
x 5 - 5 3 2 q1 1 - 1 7 1 6 6 3 2 1 2 1 5 5 - 5 7 2 1 3 2 1. x 0 3 2 1 6 1 0 0 0 3
3 3 - - 2 2 1 - - - 0 0 0 0 0 2 3 x 7 1 4 6 5 5 - 5 - 0 2 3 4 6 5 5 - 2 3 2 1 -
6 7 5 - 6 7 5 6 5 - x 5 6 4' 4 5. 5 4 4 4 ,4 ,5 ,6 2 3 1 - 0 0 0 0 0 0 0 0 0 0 0 0 0
0 x 1 7 4 6 5 - 5 - 5 2 3 4 6 7 - 7 - 7 5 5 3 2 1 1 - 0 3 5 7 1. 1 - 0 0 4 3 2. x
5 6 5 - 2 3 4 6 5 5 - 0 0 0 2 3 4 6 5 5 - x 3 4 3 5 - 5 - 5 3 4 3 2 - 2 3 2 1 -
1 - 0 0 q0 3 2 1 - 1 - 1 0 2 - 2 5 7 1 0 6 7 6 5. 6 7 5 - 6 7 5 6 5 - 7 1 6 7 5 -
6 7 5 6 5 - 7 1 6 7 5 - 6 7 5 6 5. 5 5 5 - - -
%END
