%问自己.txt
% 出处 https://www.jianpujia.com/
title=问自己
tag=邓丽君
usertag=邓丽君
tagroute=
transcriber=jianpu2-auto
status=ocr
source=jianpujia-154236
%--
6/8
subtitle=score
0 5 6 1 3 5 3 5 6 6 3 2 3 1 6 6. 6 5 6 1 3 5 5 6 3 5. 5. 5. 5. 5 6 6 5 6 5 3 3. 3 2 3
5 3 2 3 1 6 6. 6 5 6 1 2 3 5 3 2 1. 1. - - - - - - - - - - 1. 1. 1. 5 ,6 1 ,6 7 ,7 ,6 5 ,6
5 ,3. ,3. ,3. ,3. 2 2 2 1 2 1 ,6. q3 2. 2. 2. 2. 3 3 3 3 2 3 ,5. 5 3 5 6 6 1 6 5 ,3. 5 6 1 2. 2. 2 3
5 3. 2 1. 1. 1. 5 1 2 3 3 3 3. 3 5 3 3 2. 1 2 3 3. 3. 6 2 3 4 4 4 4. - - - - - - - - 4 6
4 4 3. 2 2 4 4 3 2. 5 1 2 3 3 3 3. 3 5 3 3 2. 1 2 3 3. 3. 6 2 3 - - - - - - - - - - -
- 4 4 4 4. 4 6 4 4 3. 2 4. 4 3 2. 2. 3 5 5. 3 5 3 3 5 3 5 6 5 6 3 2 1 1 6 6. 6. 5 6 1 2
3 5 5. 5 3 2 1. 1. 1. 0 6 6 5 0 5 6 1 0 6 6 5 6 5 3 3. 3 2 3 5 3 2 3 1 6 ,6. ,6 5 ,6 1 2
3 5 3 2 1. 1. 1. 1. 1. 1.
%END
