%阳光宅男.txt
%阳光宅男钢琴.txt
% 出处 https://www.jianpujia.com/
title=阳光宅男
tag=周杰伦,分类/钢琴谱
usertag=周杰伦,分类/钢琴谱
tagroute=
transcriber=jianpu2-auto
status=ocr
source=jianpujia-379944
artist=周杰伦
%--
4/4
subtitle=score
x 1 1 7 1 1 1 1 7 1. 2 2 2 2 3 3 3 0 5 6 7 6 3 6 3 6 3 6 3 4 1 4 1 4 1 4 1 5 2 5
2 5 2 5 2 1 3 5 3 7 2 5 2 x 1 1 7 1 1 1 1 7 1. 7 7 7 7 5 1 1 - 5 6 7 1 6 3 6 3 6
3 6 3 4 1 4 1 4 1 4 1 5 2 5 2 5 2 5 2 1 3 5 3 7 2 5 2 x - - - - - - - - - - - -
- - - - 1 1 7 1 1 1 1 7 1. 2 2 3 3 4 3 3 0 3 3 2 2 3 x 6 3 6 3 6 3 6 3 4 1 4 1 4
1 4 1 5 2 5 2 5 2 5 2 1 3 5 3 7 2 5 2 x 0 - 0 - - 0 - 0 0 - 0 - - 0 - 0 1. 3 3 2
2 3 1. 3 3 2 2 1 2 1 2 2 3 1 1 - 5 6 ,7 x 5 6 3 6 3 6 3 6 3 4 1 4 1 4 1 4 1 5 2 5
2 5 2 5 2 1 3 5 3 7 - x 0 - 0 - - 0 - 0 0 - 0 - - 0 x 7 x 1 1 ,7 1 0 1 1 1 ,7 1. 2
2 2 2 3 3 3 0 ,5 ,6 ,7 3 1 2 3 2 6 - 0 0 4 - - - 5 - - - 1 - 7 - x x x x x 1 0 1 x
1 1 1 7 1 0 1 1 1 7 1 0 7 7 7 7 5 1 1 - 5 6 7 3 1 2 5 5 6 - - 0 4 - - - 5 - - -
1 - 7 - x 1 1 1 1 1 1 7 1 1 1 1 7 1. 2 2 3 3 4 3 0 0 3 3 2 2 3 1 6 3 6 3 6 3 6 3
4 1 4 1 4 1 4 1 5 2 5 2 5 2 5 2 1 3 5 3 7 2 5 2 x - - - - - - - - - - - - - - -
-
%END
