%阳光宅男钢琴_2.txt
% 出处 https://www.jianpujia.com/
title=阳光宅男钢琴
tag=
usertag=
tagroute=
transcriber=jianpu2-auto
status=ocr
source=jianpujia-379944
%--
4/4
subtitle=score
q1 - - q1 - - 1 3 3 1 3 - 5 - 4 - 3 - 2 - 4 - 3 - 2 - 1 1 3 5 3 1 3 5 3 1 3 5 3 1
3 5 3 5 2 5 2 5 2 5 2 5 2 5 2 5 2 5 2 x - - - - - - - - - - - - - - - - x 5 x x
3 - 5 - 4 - 3 - 2 - - - ,7 - 0 5 5 1 6 3 5 3 6 3 5 3 4 1 4 1 4 1 4 1 5 1 2 1 5 1
2 1 5 7 2 7 5 x 0 - 0 - - 0 - 0 0 - 0 - - 0 x x x 5 5 5 5 4 4 4 3 3 3 0 5 5 5 5
5 5 5 4 4 4 3 3 3 0 2 2 3 1 1 3 5 3 1 3 5 3 1 3 5 3 1 3 5 3 5 2 5 2 5 2 5 2 5 2
5 2 5 2 5 2 x - - - - - - - - - - - - - - - - x 1 3 x x 3 5 5 5 1. 3 5 5 5 1. 3 2
3 2 3 2 3 2 3 2 3 2 3 2 1 6 3 5 3 6 3 5 3 4 1 4 1 4 1 4 1 5 2 5 2 5 2 5 2 5 2 5
2 6 2 5 2 x 1 7 x x 5 5 5 5 4 4 4 3 3 3 0 5 5 5 5 5 5 5 4 4 4 3 3 3 0 2 2 3 1 1
3 5 3 1 3 5 3 1 3 5 3 1 3 5 3 5 2 5 2 5 2 5 2 5 2 5 2 5 2 5 2 x - - - - - - - -
- - - - - - - - x 2 1 x 1 3 5 5 5 1. 3 5 5 5 1. 3 2 3 2 3 2 3 2 3 2 3 2 3 2 1 1 6
3 5 3 6 3 5 3 4 1 4 1 4 1 4 1 5 2 5 2 5 2 5 2 5 2 5 2 6 2 5 2 x 0 - 0 - - 0 - 0
0 - 0 - - 0 - 0 x 2 5 x 6. 7 7 1. 7. 5 5 3 2 3 1 1 - 0 0 q5 5. 4 4 3 1 6 3 6 3 7 3 6
3 5 2 5 2 6 2 5 2 4 1 4 1 5 1 4 1 3 1 3 1 5 1 3 1 x - - - - - - - - - - - - - -
- - x x 2 3 1 1 - 0 0 5 5 4 3 2 3 2 2 2 6 5 0 0 5 6 7 x 2 6 2 6 2 6 2 6 2 6 2 6
2 6 2 6 5 1 2 1 5 1 2 1 5 - 0 0 x 0 - 0 - - 0 - 0 0 - 0 - 1 1 7 1 1 1 1 7 1. 2 2
2 2 3 3 3 0 5 6 7 x 6 3 6 3 6 3 6 3 4 1 4 1 4 1 4 1 5 2 5 2 5 2 5 2 1 3 5 3 7 2
5 2 x - - - - - - - - - - - - - - - - 1 1 7 1 1 1 1 7 1. 7 7 7 7 5 1 1 - 5 6 7 6
3 6 3 6 3 6 3 4 1 4 1 4 1 4 1 5 2 5 2 5 2 5 2 1 3 5 3 7 2 5 2 1 1 7 1 1 1 1 7 1.
2 2 3 3 4 3 0 0 3 3 2 2 3 1 6 3 6 3 6 3 6 3 4 1 4 1 4 1 4 1 5 2 5 2 5 2 5 2 1 3
5 3 7 2 5 2 x 0 - 0 - - 0 - 0 0 - 0 - - 0 - 0 1. 3 3 2 2 3 1. 3 3 2 2 1 2 1 2 2 3
1 1 - - 0 ,5 1 6 3 6 3 6 3 6 3 4 1 4 1 4 1 4 1 5 2 5 2 5 2 5 2 1 3 5 3 7 - 4 x 1
3 4 5 1 ,1 1. 3 4 5 1 1 1. 5 6 7 0 5 1 0 5 4 4 5. 1 6 3 6 3 6 3 6 3 4 1 4 1 4 1 4 1
5 2 5 2 5 2 5 2 1 3 5 3 7 2 5 2 x - - - - - - - - - - - - - - - - x 3 4 5 1 ,1 1.
3 4 5 1 1 1. 2 3 4 3 4 3 2 2 3 4 3 2 5 5 5 1 6 3 6 3 6 3 6 3 4 1 4 1 4 1 4 1 5 2
5 2 5 2 5 2 5 2 5 2 7 5 x - - - - - - - - - - - - - - x 5 7 x x 5 5 5 5 4 4 4 3
3 3 3 5 5 5 5 5 5 5 4 4 4 3 3 3 0 2 2 3 1 1 5 1 5 1 5 1 5 1 5 1 5 1 5 1 5 5 2 5
2 5 2 5 2 5 2 5 2 5 2 5 2 x - - - - - - - - - - - - - - - - x 6 1 x x 3 5 5 5 1.
3 5 5 5 1. 3 2 3 2 3 2 3 2 3 2 3 2 3 2 5 5 1 6 3 6 3 6 3 6 3 4 1 4 1 4 1 4 1 5 2
5 2 5 2 5 2 5 2 5 2 1 2 5 0 x 0 - 0 - - 0 - 0 0 - 0 - - 0 - 0 x 6 5 x x 5 5 5 5
4 4 4 3 3 3 0 5 5 5 5 5 5 5 4 4 4 4 4 3 2 3 1 q5 1 1 5 1 5 1 5 1 5 1 5 1 5 1 5 1
5 5 2 5 2 5 2 5 2 5 2 5 2 5 2 5 2 x - - - - - - - - - - - - - - - - x 6 x x 3 5
5 5 1. 3 5 5 5 1. 3 2 3 2 3 2 3 2 3 2 3 2 3 2 1 x 6 3 6 3 6 3 6 3 4 1 4 1 4 1 4 1
5 2 5 2 5 2 5 2 5 2 5 2 1 2 5 2 x 0 - 0 - - 0 - 0 0 - 0 - - 0 - 0 x 7 3 x 6. 7 7
1. 7. 5 5 3 2 3 1 1 - 0 0 q5 5. 4 4 3 1 6 3 6 3 7 3 6 3 5 2 5 2 6 2 5 2 4 1 4 1 5 1
4 1 3 1 3 1 5 1 3 1 x 7 7 x x 2 3 1 1 - 0 0 5 5 4 3 2 3 2 2 2 6 5 0 0 5 6 7 1 2
6 2 6 4 6 2 6 2 6 2 6 4 6 2 6 5 2 5 6 7 2 7 2 5 - 0 0 x - - - - - - - - - - - -
x 1 1 7 1 1 1 1 7 1. 2 2 2 2 3 3 3 0 5 6 7 6 3 6 3 6 3 6 3 4 1 4 1 4 1 4 1 5 2 5
2 5 2 5 2 1 3 5 3 7 2 5 2 x 1 1 7 1 1 1 1 7 1. 7 7 7 7 5 1 1 - 5 6 7 1 6 3 6 3 6
3 6 3 4 1 4 1 4 1 4 1 5 2 5 2 5 2 5 2 1 3 5 3 7 2 5 2 x - - - - - - - - - - - -
- - - - 1 1 7 1 1 1 1 7 1. 2 2 3 3 4 3 3 0 3 3 2 2 3 x 6 3 6 3 6 3 6 3 4 1 4 1 4
1 4 1 5 2 5 2 5 2 5 2 1 3 5 3 7 2 5 2 x 0 - 0 - - 0 - 0 0 - 0 - - 0 - 0 1. 3 3 2
2 3 1. 3 3 2 2 1 2 1 2 2 3 1 1 - 5 6 ,7 x 5 6 3 6 3 6 3 6 3 4 1 4 1 4 1 4 1 5 2 5
2 5 2 5 2 1 3 5 3 7 - x 0 - 0 - - 0 - 0 0 - 0 - - 0 x 7 x 1 1 ,7 1 0 1 1 1 ,7 1. 2
2 2 2 3 3 3 0 ,5 ,6 ,7 3 1 2 3 2 6 - 0 0 4 - - - 5 - - - 1 - 7 - x x x x x 1 0 1 x
1 1 1 7 1 0 1 1 1 7 1 0 7 7 7 7 5 1 1 - 5 6 7 3 1 2 5 5 6 - - 0 4 - - - 5 - - -
1 - 7 - x 1 1 1 1 1 1 7 1 1 1 1 7 1. 2 2 3 3 4 3 0 0 3 3 2 2 3 1 6 3 6 3 6 3 6 3
4 1 4 1 4 1 4 1 5 2 5 2 5 2 5 2 1 3 5 3 7 2 5 2 x - - - - - - - - - - - - - - -
-
%END
