%阴天快乐钢琴_2.txt
% 出处 https://www.jianpujia.com/
title=阴天快乐钢琴
tag=
usertag=
tagroute=
transcriber=jianpu2-auto
status=ocr
source=jianpujia-150579
%--
4/4
subtitle=score
3 5 1 5 2 5 1 5 3 5 3 5 1 5 1 5 2 5 1 5 3 5 3 5 1 5 1 5 1 7 1 5 4 3 2 2 1 2. 3 3
4 5 - x 5 7 2 1 1 1 5 1 5 1 5 1 5 6 3 6 3 6 3 6 3 4 1 4 1 4 1 4 1 5 2 5 2 5 - x
- - - - - - - - - - - - - - 5 5 - 0 3 3'. 3' 2 3 4 - 0 2 2'. 2' 5 2 3 - 0 1 7 1 5 6 6
3 2 2 1. ,5 - 1 5 1 3 5 1 2 6 2 4 6 2 5 2 5 7 2 5 1 5 1 2 3 1 6 3 6 1 3 6 4 1 1 4
x x 4 3 1 2 2. 5. 0 3 3 3 5 4 4. 6 5 7 5 4 3. 1 7 1 6 6 6 1 7 7 5 1 2 1 - - - - - -
- - - - - - - - - - - - - - - - 2 6 2 3 4 6 5 2 5 7 2 5 1 5 1 3 5 1 2 6 2 3 4 2
5 2 5 7 2 5 1 5 1 3 5 1 6 3 6 1 3 6 3 7 3 5 7 3 2 3. 3 3 2 3 6 5 5 3 2 2 2 ,5 1 ,5
,x' - 0 1 1 5 3 3 6 1. ,7. 1 1 5 3 3' 2 4 1 6 4 2 6 2 4 6 2 5 2 5 7 2 5 ,5 - 0 0 4 1 1
4 5 2 5 7 2 5 x 1 7 x 5 ,7. 1. 1 3' 4 5' 6 1 3' 4 5 6 1 6' 5 6 6 3. 3 2 5 5 1 1 7 5 3 6
1. ,7. 7 1 7 1 3 7 3 5 7 3 6 3 6 1 3 1 4 1 1 4 5 2 5 7 2 5 1 5 1 3 5 1 1 5 1 3 5 1
4 1 1 4 5 2 5 7 2 7 x 2 1 x 1 - - - - - - - - - - - - - - - - - - - - ,3 q,3 ,4 ,5 3
7 3 3 7 3 6 3 6 3 4 5 4 1 1 4 5 2 5 7 2 5 1 5 1 3 5 1 1 5 1 2 3 5 6 3 6 1 3 6 6
3 6 1 3 6 x 2 5 x 1 5 1 5 1 7 1 5 4 3 2 2 1 2 2. 3 3 5 - 0 3 3 3' 2 3 3' 4 - 0 2 2
2' 5 3 2 3 - x - - - - - - - - - - - - - - - - - - - x 5 4 1 1 4 4 1 1 4 5 2 5 7
2 5 5 - 1 5 1 3 5 1 2 6 2 4 6 2 5 2 5 7 2 5 1 5 1 2 3 5 1 1 - - - - - 0 - - 0 -
- 0 - - - - - - - - 0 - x 2 x 0 1 7 1 5 6 6 3 2 2 1. 4 3 1 2 2. 5. 0 3 3 3 5 6 5 4.
0 6 5 7 5 4 3. 1 7 1 - - - - - - - - - - - - - - - - - - - - - - - - - 6 3 6 1 3
6 4 1 1 4 2 6 2 3 4 6 5 2 5 7 2 7 5 1 5 1 3 5 1 2 6 2 3 4 2 5 2 5 7 2 5 1 5 1 3
7 5 7 x 3 3 x 1 1 1 1 1 1 1 1 7 7 5 7 5 7 5 7 6 6 5 4 2 3 4 5 6 6 7 6 6 5. 5 5 1
7 1 1 5 3 3' 6 1. 7. 1 1 5 3 3' 1 - - - - - - - - - - - - - - - - - - - - - - - - -
- - x 5 2 5 1 1 6 3 6 1 3 6 3 7 3 5 7 3 4 1 1 4 2 6 2 4 6 2 5 2 5 7 2 5 5 2 4 1
1 4 5 2 5 7 2 5 1 - - - - - 0 - - 0 - - 0 - - 0 - - - - - 0 x 3 7 x 5 ,7. 1. 1 3' 4
5' 6 1 3' 4 5 6 1 6' 5 6 6 3. 3 2 5 5 1 1 7 5 3 6 1. ,7. 7 1 7 1 3 7 3 5 7 3 6 3 6 1 ,3
1 4 1 1 ,4 5 2 5 7 2 5 1 5 1 3 ,5 1 1 5 1 3 5 ,1 4 1 1 4 5 2 5 7 ,2 ,7 x 4 1 x 2 7 5
2 7 5 1 3' 4 5' 6 6' 5 4' 3 4' 3 1' 2 1 1 1 q5 1 2 2 1. 0 6 6 5 3 5 6 6 5 3 4 4 5 5 qx 1
1 2 2 ,3 ,3' ,4 ,3 ,5' q,6 q,6 q,7 q,7 3 7 3 3 7 3 6 3 6 3 4 5 4 1 1 4 5 2 5 7 2 5 1 5 1 2 3 5
1 5 1 3 5 1 4 4 5 5 1 - - 0 - - - - - - 0 - - 0 - - - - - - x q4 5 x 5 6 6 5 3 5
6 6 0 4 4 3 2 3 4 4 3 2 5 5 q5 1 2 2 1. 0 6 6 5 3 5 6 6 5 3 2 2 4 4 3 3 6 6 2 2 1
1 2 2 1 7 7 3 3 6 6 2 2 6 6 7 7 1 3 3 6 6 2 2 5 5 1 5 1 2 3 1 1 5 1 3 5. 1 4 4 5
5 x - - 0 - - - x 4 x 6 3 6 3 1 7 3 6 6 0 6 6 6 5 6 6 6 5 7 7 5 7' ,7 2 1 1 5 3 3'
6 1 2 1 7 1 1 5 3 3' 1 - - - - - - - - - - - - - - - - - - ,7 ,3 ,7 ,3 ,7 ,3 ,6 ,3 ,3 ,6 ,7
,3 6. ,6 ,2 ,6 ,2 ,2 ,6 ,2 ,6 5 2 5 7 ,2 - - 4 1 ,6 5 2 5 2 2 5 2 5 7 1 3' 4 3 5' 6 1 3' 4 3 5'
6 1 6' 5 3 6' 6 3 3 2 5 5 1 1 5 3 3' 6 1. ,7. 7 1 7 5 5 1 3 3 5 7 ,7 6 3 6 1 1 4 1 ,6 5
2 5 7 ,7 1 5 1 3 5 1 1 5 1 2 3 1 4 1 1 4 5 2 5 7 2 7 5 7 5 5 7 5 3 3 4 5 6 6 5 4
3 4 3 2 2 1 1 1 5 1 2 1 1 7 5 3 6 1. 7. 1 1 7 5 3. 3 7 3 ,3 3 7 3 6 3 6 1 ,3' 3 ,4 4 ,3
,5' 5 4 1 1 4 5 2 5 7 2 5 1 5 1 3 3 1 1 5 1 q7 q,6 q6 q,3 q,5' q5 4 1 1 1 5 2 5 7 2 q,6 q6 q,3 5'.
q,5' q5 3 4 3 2 2 1. 3 4 5 6 - 5 - 4 1 2 3 - 1 5 1 5 2 5 1 5 2 5 3 5 3 5 1 - - - - -
- - - - - - - - - - 5 3 7 3 5 7 3 6 3 6 1 3 6 4 1 6 1 4 5 2 5 7 2 5 5 1 5 1 2 3
5 1 - 1 5 1 5 1 5 1 5 x - - - - - 0 - - 0 - - - - - - - 0 0 - - 0 x 6 5 1 5 1 5
2 5 1 5 2 5 3 5 3 5 1 5 1 5 2 5 1 5 3 5 3 2 2 7 2 - 3 3 7 2 3 5 3 2 3 ~ 3 6 3 6
3 6 3 6 3 4 1 4 1 4 1 4 1 5 2 5 7 2 - - 1 5 1 2 5 - - x - - - - - - - - - - - -
1
%END
