%阿牛钢琴.txt
% 出处 https://www.jianpujia.com/
title=阿牛钢琴
tag=分类/钢琴谱
usertag=分类/钢琴谱
tagroute=
transcriber=jianpu2-auto
status=ocr
source=jianpujia-252930
todo=refine the filename
%--
4/4
subtitle=score
5 3 5 5 4 3 6 1 2 1 2 3 6. 4. 0 4 3 5 3 5 5 4 3 3 7 3 3 1 3 5 6 3 6 1 5 3 5 7 2 2
4 6 2 5 2 5 7 1 5 1 3 1 5 1 x 0 0 - - - 0 - 0 - - - 0 - 0 x 5 7 ,3 2 4 2 5 3 5 5
4 3 6 1 2 3 1 2 3 6 4 4 7 5 3. 2 5 3 1 0 3 7 3 3 7 3 5 6 3 6 1 5 3 5 7 2 2 4 6 2
5 2 5 7 1 5 1 3 5 3 1 x 0 0 - - - 0 - 0 - - - 0 - - x 6 1 4 7 2 4' 1 3 5 2 1 1 1
,5 0 5 3 5 5 5 3 5 5 2 5 3 3 3 3 1 4 1 5 4 1 5 2 5 7 5 2 5 1 5 1 3 7 5 7 2 6 3 6
1 6 3 4 1 4 6 1 6 4 x 0 - 0 - - 0 - 0 0 0 - 0 1 5 5 4 5 3 4 7 3 7 6 1. 1 1 3 4 7
1 6 2 1 5 5 1 4 1 5 3 7 3 5 7 5 3 6 3 6 1 6 3 2 2 4 6 4 2 x 0 0 - 0 0 - - - - -
x 6 1 6 1 2 5 5 5 6 7 5 1 7 7 3 3 3 6 1 7 ,7 ,7 ,7 1 2 3 3 2 1 2 1 1 1 3 2 4 1 3 7
5 1 5 2 5 5 2 5 1 5 1 3 7 5 7 2 6 3 6 1 3 1 6 4 1 4 6 3 1 3 5 6 4 2 4 2 4 4 3 3
5 5 5 4 3 3 5 5 5 4 3 6 1 2 3 1 2 3 2 2 4 6 5 2 5 7 1 5 1 3 1 5 1 3 7 3 3 7 3 5
6 3 6 1 5 3 5 7 x 0 0 - - 0 0 - - 0 0 0 0 0 0
%END
