%陈志昂声乐作品：炮兵进行曲.txt
% 出处 https://www.qupu123.com/
title=陈志昂声乐作品：炮兵进行曲
tag=分类/进行曲
usertag=分类/进行曲
tagroute=
transcriber=jianpu2-auto
status=ocr
source=qupu123-325943
%--
4/4
subtitle=score
6. 6. 6 4 3. 3 1 ,6 4. q4 3. 2 ,1 7 6 0 ,3 0 6 0 3 0 x 1. ,6 6 6'. 7' 1 7 ,6 ,6 0 0 3 3 3 3. 4 5
4 3 1 0 0 ,6 ,6. 0 q6. 0 x 0 ,6 ,6'. ,7' q1 ,7 ,6 ,6 0 0 1 1 1 1. 2 3 2 1 0 0 0 ,6. 6 4 4. 4 1 5 4
0 0 3 3 q3. 2 1 7 ,6 - 0 6 6 6. 7 6 5 4 3 0 0 1 3 2 0 0 1 1 1. 7 ,6 ,3 ,6 - 0 1 1 1. 2 ,1
7 ,6 3 0 0 1 x 4 4 4. 5 4 3 4 6 0 ,6 6. 0 4 3. q3 1 0 6 6 5 4 3 6 - 0 x 2 2 q2. 3 2 1 2
0 ,6 4. q4 3 2 1. ,1 4. 4 4 3 2 ,1 ,7' ,6 0
%END