%陈志昂声乐作品：十月之歌.txt
% 出处 https://www.qupu123.com/
title=陈志昂声乐作品：十月之歌
tag=分类/合唱
usertag=分类/合唱
tagroute=
transcriber=jianpu2-auto
status=ocr
source=qupu123-325939
%--
4/4
subtitle=score
1. 1. ,7 ,1 2 q3 5. 4 6 0 7 1 2. ,1 2 3 4 3. ,1 2 7 x - - - x x 0 0 0 0 3. 2 3' 4' 5 5. q4 6' 7
1. 7 6' 7' - x 1. ,7 ,1' 2' 3 1. ,7 ,1' 2' 1 3. 2 3' 4' 5 3. 2 1' 2' 3 - 3. 2 3' 4 5 5. 5 5' 4' 3 5. 0 6
5. 5 5 - - - - x 0 0 0 0 0 0 0 0 1. 1 7' ,6 5. 4 3' 2' 1 - - 5. 5. 5 1 7. ,x 0 - 4 3 2 3 6.
5 4' 3 4' 5 0 0 0 0 0 3. 3 3 x 2. 3 3 - 2 1 7 1 1. q1 2' ,1 2' 3 0 0 0 0 0 0 0 0 0 0 0 0
0 0 0 0 0 0 0 0 5 5 3. 7 x 5. 4 x 0 0 0 0 0 0 0 0 0 0 0 0 0 0 0 3 3 5. 4 3 3. 2 1 1
%END
