%除了爱你还能爱谁.txt
% 出处 http://www.fysongs.cn/songku_show.asp?id=42440
title=除了爱你还能爱谁
tag=
usertag=
tagroute=
transcriber=jianpu2-auto
status=ocr
source=fysongs-42440
%--
4/4
subtitle=score
x 0 0 0 0 5 5 5 5 5 5 4 3 2 2 - - - 4 4 4 4 4 3 2 1 1 - - 5 5 5 5 5 4 3 2 2 - 4'
4 4 4 4 3 2 1 1 - - 5 2 3 5 5 2 3 5 2 1 1 - 0 5 2 3 5 5 2 3 5 2 1 1 - 0 6 2 3 6
6 2 3 6 7 5 5 5 - 6 5 4 3 2 1 2 2 - - 5 2 3 5 5 2 3 5 2 1 1 0 5 2 3 5 5 2 3 5 2
1 1 - 0 6 2 3 6 6 2 3 6 7 5 5 5 0 1 4 5 6 5 3 3 2 - - 0 7 1 1 1 1 - 7 1 1 1 1 -
7 1 q1 3 3 4 5 5 - - - 7 1 1 1 1 1 7 1 2 q1 1 6 7 1 1 1' 6 1 2 3 q1 2 2 - - - 5 5 5
5 5 4 3 2 2 - - 0 5 4 4 4 4 4 3 2 1 3. 2 2 0 3 3 3 3 6 6 3 2 2 2 2 5 5 2 1 2 1 -
4 3 2 2 - - - 5 5 5 5 5 4 3 2 2 - - - 4 4 4 4 4 3 2 1 3 3 4 2. 3 3 3 3 6 6 3 2 2
2 q2 5 5 2 1 2 1 - 4 3 2 2 - 5 5 5 x 1. 1 1 1 0 0 1 5 6 1. 1 1 1 0 0 1 5 6 1. q1 1 1
0 q0 1 5 q6 1 1 1 q6 5 1 1 1 6 5 1 2 1 1 - 1 1 6 5 3 2 1 1 1 - 1 1 1 6 5 1 2 1 1 -
1 1 6 5 3 2 1 1 1 - 1 6 5 1 2 q1 1 - - - x 0 0 1 2 3 4 x 5 q2 q3 5 5 q2 3 q5 2 1 1 -
0 5 2 3 5 5 q2 q3 5 2 1 1 - 0 6 2 3 6 6 2 3 6 7 1 5 5 0 1 4 5 6 1 6 5 5 3 3 4 5 5
- 5 6 6 7 6 5 - - - 2 - - 0 0 5 3 4 3' 1 1 2 1 1 - 0 0 0 0 0 0 0 0
%END
