%雨丝情愁.txt
% 出处 https://www.qupu123.com/
title=雨丝情愁
tag=分类/通俗歌曲
usertag=分类/通俗歌曲
tagroute=
transcriber=jianpu2-auto
status=ocr
source=qupu123-305329
%--
4/4
subtitle=score
1' - - 1 x x x 1 1 1 1 1 1 1 1 1 1 x ,,1 1 2 ,6 1 2 3 ,6 1 2 3 ,6 1 2 3 ,6 1 2 3 ,6 1 2
3 ,6 1 2 2 3 ,6 1 1 2 3 ,x 0 ,3 ,3 ,6 1 3 3. 3 4 3 2 1 1 2 2 - 2 x 0 ,3 ,3 5 2 2. 2 3 2 1
,7 q,7 q1 1 - 0 - 0 ,6 ,6 1 2 3 3. 3 5 ,5 4 3 2 4 4 - x 4 - 4 4 3 ,7 3 q7. ,7 1 3 3 2 1 ,7 ,6
- - 0 x ,6 ,7 1 4 0 4 5 6 6 5 2 5 5 3 - ,3 2 1 3 3 3 3 ,7 ,7 - - 0 ,7 q,,7 1 2 2 1 ,7 ,6. q6
,6 ,6 1 3 x ,6 ,7 1 ,x 4 - 0 4 5 6 6 5 2 5 5 3 - 3 2 1 3 3 - - 3 ,3 ,,3. ,7 ,7 - 0 ,7. ,7. 7 7
1 1 2 2 1 ,7 2 - ,6 qx 1 2 3 ,6 ,1 2 3 q,,6 q1 2 3 ,6 1 2 3 ,6 - - -
%END
