%雨下的花朵.txt
% 出处 https://www.jianpujia.com/
title=雨下的花朵
tag=邓丽君
usertag=邓丽君
tagroute=
transcriber=jianpu2-auto
status=ocr
source=jianpujia-74019
artist=邓丽君
%--
2/4
subtitle=score
q1 - - qx - - x x 3 4 3. 3 - 3 4 3. 3 - 3 4 3. 3 - 3 4 3. 3 5 6 1 2 3 4 - 4 2 4 6 5 -
3 - 4 3 2 4 4 4 3 3 ,5 ,6 - ,6 - q6 3 4. 3 4. 3 4. 3 3. 2 2. 2 2 - 0 2 3. 2 3. 2 3. 2 2 1 1.
1 1 - 0 1 2. 1 2. 1 2 1 ,7. 6 6 7 ,7 ,7 3 3 2 1 7. 6 6 7 ,7 ,7 - 0 3 4. 3 4. 3 4. 3 3 2 2. 2
2 - 0 2 3. 2 3. 2 3. 2 2 1 1. 1 1 - 1 1 4. 1 1 ,7 ,7 ,7 - ,7 2 3 ,5. 1 ,7. 6 ,6 ,6 - ,6 6 1 1 2
3 5. 4 6 - 0 5 6 5 6. 2 3 5 5 0 5 4 - 7 1 7 5 - 5 5 1' ,,1
%END
