%需要人陪钢琴.txt
% 出处 https://www.jianpujia.com/
title=需要人陪钢琴
tag=
usertag=
tagroute=
transcriber=jianpu2-auto
status=ocr
source=jianpujia-246365
todo=refine the filename
%--
4/4
subtitle=score
6 - 6 7 1 7 7 7 5 5 5. 5 6 5 5 5 6 1 2 2 - 5 1 3 5 x 6 5 1 q,6 ,1 ,2 ,5 6 3 6 1 1. 2 3
2 5 7 3 - 4 1 5 6 5 1 1 5 5 5 2 2 - 1 - - - - - - - - - - - x 2 1 x 1 1 1 1 1 7
7 6 6 5 5 3 3 1 3 5 6 6 6 6 6 5 5 5 5 3 3. 1 3 5 ,6 ,1 ,7 ,2 q,3 q,5 ,1 ,1 ,6 ,1 ,7 ,2 q,3 q,5 1 4
1 5 1 5 2 5 2 1 5 1 5 6 1 3 4 1 4 1 5 2 5 5 1 1 3 5 3 1 5 x - - - - - - - - - -
- - - - 2 5 1 1 1 1 1 7 7 6 5 6 7 1 1 3 2 2 1 1 2 3 5 3 2 2 - 3 ,6 2 x 6 7 5 1 4
,1 ,2 q,7 ,3 ,4 ,2 4 1 5 1 5 2 5 2 3 7 7 6 0 2 1 1 6 6 4 2 2 5 2 4 6 5 - x 0 - 0 - - 0
- 0 - - 0 x 2 x 2 1 2 3 3 5 5 3 5 2 3 3. 3 3 3 - 6 2' 1 1 1 1. ,5 2. 3 3 - 1 5 5 1 1
2 2 3 3 7 2 7 7 5. 4 1 5 1 1 4. 1 5 5 3 3 5 1 2 x 0 0 0 0 0 0 - - 0 - 0 0 0 x 3 3
x 5 ,1 0 5 1 2 2 3 3 5 - - 5 2' 2 1 - - - ,6 1 - - - ,5' ,3 - - - x 6 3 2 3 3. ,3 ,3 - 3
7 ,3 2 7 7 ,5. ,6 4 1 4 5 5 4 4 1 ,1 ,5 ,1 - - - ,2 ,1 ,1 - - -
%END
