%青春日记.txt
% 出处 http://www.fysongs.cn/songku_show.asp?id=42841
title=青春日记
tag=
usertag=
tagroute=
transcriber=jianpu2-auto
status=ocr
source=fysongs-42841
%--
3/4
subtitle=score
x 0 0 0 0 0 0 0 0 0 3 4 3 2 1 7 6 3 - 0 6 6 3 3 3 2 2. 3 1 ,6 0 0 ,6 ,6 4 4 3 2 2. 1
1 3 3 - 0 0 0 6 6 - - 3 2 - 5 6 1 2 1 2 1 2 2 1 ,7 1 - 2 3 - 3 ,6 ,6. 2 2. 2 2 ,6 ,6 -
0 0 0 6 6 7 1 - 2 1 7 6 7 3 - - 2 2 ,6 ,6 2 6 - - - 5 2 - 0 0 0 6 6 7 1 1 6 6 6 2
3 1 2 - 1 1. 6 7 7 6 6 5 5 6 7 6 6 - - 6 6 6 3 6 1 - - - 7 - 6 - - 7 6 6 2 5 5 q5
6 - - 7 6 6 6 3 3 q3 2 - 3 - 6 - 3 ~ 3 6 3 - 6 3' 6 3 2 q1 7 7 6 5 6 1 7 - 0 0 3 3
7 5 7 6 - - 0 0 0 0 0 0 2 2 - 2 - 7 1 0 0 0 7 - 6 - 6 - - 0 0 0 1
%END
