%革命人永远是年轻选自歌剧《星星之火》.txt
% 出处 http://www.fysongs.cn/songku_show.asp?id=43644
title=革命人永远是年轻选自歌剧《星星之火》
tag=
usertag=
tagroute=
transcriber=jianpu2-auto
status=ocr
source=fysongs-43644
%--
3/8
subtitle=score
q3 5 6 1 2 7 6 1 5 q6 7 q1 2 3 4 5 6 7 1 2 x 3 5 6 1 2 7 6 1 5. 1 6 1 5 7 q6 1. 6 3 2.
3 3 5 1 6 5 6 3. 5 3 5 1 2 ,7. 6 5 7 ,6. 1 ,6 3 5 0 ,5 ,7 ,6 0 6 5 3 1 3 2 3 1. x 3 5 6 1
2 7 6 q1 5. q1 q6 q1 q5 7 q6 1. 6 q3 2 ,7 ,6 5 6 7 1 2 3 4 q5 q6 7 q1 2 3 5 6 1 2 7 q6 1 5. 1 6
1 5 7 6 3 5 6 1 2 7 6 1 5. 1 6 1 5 7 6 1. 6 3 2. 0 0 0 1 q2 1 q6 5 6 5 0 0 1. q6 3 2. 3
3 5 1 q6 5 q6 3. 5 3 q5 0 0 5 6 5 2 1 3 2 3 q2 5'. 2 5 3. 1 q2 ,7. 6 5 7 ,6. 1 ,6 3 5 ,5 ,7 ,6. 2
3 5 6 5 2 3. 3. 5. 3. 6 5 3 1 3 2 3 1. 5. 2. 1.
%END
