%领航灯.txt
% 出处 https://www.qupu123.com/
title=领航灯
tag=分类/通俗歌曲
usertag=分类/通俗歌曲
tagroute=
transcriber=jianpu2-auto
status=ocr
source=qupu123-305182
%--
4/4
subtitle=score
,6 ,6 ,6 ,6 ,7 1 ,6 0 1 ,7 ,6 ,7 ,7 ,5 ,3 ,3 0 0 0 ,6 ,,6 ,6 ,6 ,6 ,7 1 ,6 0 1 ,7 q,,,6 0 ,,,7 ,5 ,5 3 - 3 2 1
1 2 1. 1. ,6 ,6 0 2. 2 2 4 3 3 - 3 - 0 4 4 6 5 4 3 0 7 1' 0 3 6 6 7 1' 7 6 6 1 x 3 6 3
,6 ,5 ,5 5 5 5 5 ,6 ,5. ,6 4 4 4 ,,4 q,5 ,5 4 q4 q4 6 6 q6 3 2 2. 0 - - 2 1. q,7 q,3 ,6 3 2 q2 q1 q7 1 ,6
3 2 2 1 ,7 1 ,6 4 4 3 4 0 x ,6 4 4 6 1 q1 ,7 ,6 3 2 2 1 ,7 1 ,6 3 2 2. 1 ,7 1 2 3 4 3 2 4.
4 4 4 4 3 2 2. 2 2 2 2 1 ,7 1 1 1 1 1 q,7 q,6 s6. 1 1 1 1 q7 2 4 ,6. s6. 0 q1 ,1 1 q1 ,7 q,,2 ,4 q,6 ,6
%END
