%风继续吹_2.txt
% 出处 https://www.jianpujia.com/
title=风继续吹
tag=分类/钢琴谱
usertag=分类/钢琴谱
tagroute=
transcriber=jianpu2-auto
status=ocr
source=jianpujia-150235
%--
4/4
subtitle=score
x 1 7 2 4 3 5 ,3' 4 6 2 7 - ,5 3 5 3 ,6 3 - ,6 4 6 4 7 2 2 7 - 0 3 1 7 1 6 6 3. 4 ,7 3
1 4 3 1 2 6 2 6 5 2 5 2 1 5 1 5 6 3 6 3 2 6 2 6 5 2 5 7 3 5 1 5 6 3 6 3 x 0 0 0
- - - - 0 0 - - 0 0 - - - 6 6 6 6 6 6 7 7 7 7 1 1. 1 x 2 1 2 4 2 4 3 5 4 6 5. 7. 5
5 1 1 0 0 ,4 1 ,4 1 0 ,1 1 3 ,4 1 5. ,5 3 ,5 3 0 0 ,5 3 ,5 3 0 0 3 3 ,6 3 ,6. 3. 6 3 - 3 2 3'
1 ,6 ,6 ,6 ,6 ,6 ,7 1 1 1 1 ~ 1 4 ,4 ,4 ,4 ,3 ,3 ,3 ,3 ,5 ,6 ,6 ,6 ,6 ,6 2 6 2 6 5 5 7 2 1 1 0 0 1
1 1 - 3 3 0 0 3 3 0 3 3 3 0 0 3 3 3 - 1 0 0 - 0 - - - - - - - - - - - - 2 2. x 2
5 6 6. 2. 3. 6. 4 - 4. 1 2 3 3 3 1 5 6 5. 5 6 1 1 7 1 7. 1 2 5. 3. 6 2 2 2 2 5 5 5. 6 6 0
0 6 6 5 5 5. 1 5 1 3 3 7 3 5 4 1 6 4 5 2 7 4 1 5 1 3 6 3 6 1 1 0 0 - - - - - - -
- - - - - - - - - x 1 6 ,5. 2. 5 5 3. 5 5 ,6. 3. 6 3 6 ,4 1 3 1 6 ,5. 2. 7 1 7 5' 6 7 6. ,1. 2
1 7 1 ,2 2 ,3 3 ,4 4 1 5 5 4 4 2 2 2 4 1 6 4 7 5 1 5 1 4 6 3 6 1 4 1 2 2 1 1 5 5 5
1 - - - - - - - - - -
%END
