%风铃叮叮当.txt
%风铃叮叮当钢琴.txt
% 出处 https://www.jianpujia.com/
title=风铃叮叮当
tag=分类/钢琴谱,分类/儿歌,儿歌
usertag=分类/钢琴谱,分类/儿歌,儿歌
tagroute=
transcriber=jianpu2-auto
status=ocr
source=jianpujia-148525
%--
4/4
subtitle=score
q1 - - 4 qx - - 1 0 0 5 3 0 5 3 0 5 3 6 6 6 6 5 0 5 5 5 5 5 5 5 5 5 5 5 5 1 3 ,3 3
1 ,3 3 3 1 3 ,3 3 7 ,4 4 4 x 5 x 4 2 0 4 2 0 4 3 2 6 5 3 0 5 5 5 5 5 5 5 5 5 5 5 5
7 4 4 4 7 4 4 4 7 4 4 4 1 3 3 3 x 0 0 - - 0 0 - - x x 0 1 1 1 4 5 6 7 7 6 4 3 2
5 5 5 6 6 6 5 5 5 5 5 5 1 3 ,3 3 1 4 4 4 2 4 ,4 4 7 ,4 4 4 x 1 3 x 0 6 5 4 3 1 2 2
2 2 3 1 0 ,6 ,6 ,6 ,5 ,5 ,5 ,5 ,5 ,5 ,5 ,5 ,5 1 4 4 4 1 3 3 3 7 4 4 4 1 3 3 3 x 1 7 x 1 6 0
6 1 6 0 6 1 6 1 6 1 1 1 1 6 6 6 6 6 6 6 6 6 6 6 6 6 1 4 4 4 1 4 4 4 1 4 4 4 1 4
4 4
%END
