%飘雪&nbsp;&nbsp;_7.txt
% 出处 http://www.jianpu.cn/
title=飘雪
tag=
usertag=
tagroute=
transcriber=jianpu2-auto
status=ocr
source=jianpucn-41137
%--
4/4
subtitle=score
x ,3 ,5 ,6 1 3 5 6 3' 6 5' 6' 6' 3' 5' ,6 ,5 ,6 ,1 4 3 6 5 3' 4 5' 3' 1' 4 6 7 5 6 4 5 3 3 2 3 1
2 5 2 3 2 1 2 6 1 2 3 5 6 ,1' 5 2 3 2 2 1 2 3 3 5 6 1' 5 2 3 2' 3' 1 2' 1' 1 2 3 2 1 2
1 2 3 5 3 2 3 3 5 6 6 5 3 3 5 q2 3 q2 q,1 ,1 2 3 5 6 1 5 2 3 2 3 2 1 2 3 3 5 6 1 5 2
3 2' 3' 1 2' 1' 1 2 3 2 ,1 2 1 2 3 5 3 2 3 3 5 6 6 5 q3 3 3 5 q2 3 2 ,1 2 3 5 6 ,1' 2' 3' 2'
1' 1' 2' 1' 3 3 5 2 3 3 2 ,1 1' ,1 ~ 1 x 3 2 3 1 2 5 2 3 2 1 2 ,7 1 2 3 2 3 1 2 5 2 3 2
1 2 ,6 ,7 1 2 x
%END
