%饿狼传说钢琴.txt
% 出处 https://www.jianpujia.com/
title=饿狼传说钢琴
tag=
usertag=
tagroute=
transcriber=jianpu2-auto
status=ocr
source=jianpujia-149539
todo=refine the filename
%--
4/4
subtitle=score
2 1 6 5 6 - 1 1 1 1 ,7 3 6 ,6 6 ,7 1 1 0 1 1 2 ,7 1 3 - 2 ,7 2 ,7 ,6 1 ,7 2 1 1 2 ,7 6 3
6 3 6 3 6 3 6 3. 3 6. 1 5. 5 1 7 6 5 2. 2 5. x 0 - - 0 - - - - - 0 - x 4 x 6 6 3 6 6
3 3 2 2 2 1 2 3 2 0 1 6 5 ,6 - 1 1 7 ,6 7 1 0 1 7 1 3 - ,7 7 6 ,7 1 7 6 - - 0 3 6 1.
1 5. 1 5. 5 1 7 6 5 2. 2 5. x 0 - - 0 - - 0 - x 5 3 x 6 6 6 5 5. 5 5 7 7 4 4 4 3 3. 3
3 3 5 5 7 0 1 6 5 ,6 - 0 1 1 1 1 1. 1 1 1 2 2 2 1 7 6 ,4 ,4 ,4 ,3 ,1. ,1 q,5 q,5 q,5 6 - - 3 6
7 1 3 4 4 4 3 0 1. 1 - 5 5 5 - x 0 0 - - x 5 7 x 6 6 6 5 5 5 5 5 7 3 4 4 4 3 3 3
3 3 3 5 7 6 - - - 0 1 1 1 1 1 1 0 1 1 ,7 0 3 0 5 4 4 3 1. 1 2 6 2 6 2 6 2 4 4 - -
4 3 0 1. 1 - 3 3 5 7 3 5 7 3' x - - - - - - - - - - 6 1 3 3 3 3 3 3 5 5 5 5. 6 6 6
6 6 6 5 - - - 1 1 7 6 7 6 2 2 2 1 7 6. 2 2 2 2 1 2 2 3 3 - - - 6 3 6 3 6 3 6 3 5
2 5 2 5 2 5 2 2 6 2 6 2 6 2 6 x - - - - - - - - - - - - x 6 5 6 6 3 3 3 3 3 5 5
5 5. 6 6 6 6 6 6 2 1 6 5 6 - 1 1 7 6 7 6 2 2 2 1 7 6. 2 2 2 2 1 2 2 3 6 3 6 3 6 3
6 3 6 3 6 3 6 3 6 3 5 2 5 2 5 2 5 2 2 6 2 6 2 6 2 6 x - - - - - - - - - - - - -
- - -
%END
