%高尚钢琴_2.txt
% 出处 https://www.jianpujia.com/
title=高尚钢琴
tag=
usertag=
tagroute=
transcriber=jianpu2-auto
status=ocr
source=jianpujia-149384
%--
4/4
subtitle=score
0 ,3 ,1 ,3 0 ,3 ,7 ,3 0 ,6 ,4 ,3 ,7 ,6 ,4 3 3 ,6 - - - ,5 - - q5 q,4 ,4 - - - ,1 - - - 5 ,7 x 7' 7. 6
6 q7 ,7 0 7 7. 6 ~ 6 d1 1 ,6 ,4 ,3 ,7 ,6 ,4 6 3 ,6 - - - q,5 - - q5 q4 ,4 - - - ,1 - - - ,7 ,7 7. 6
6 7 ,7 0 7 ,7 6 1 1 ,6 ,4 ,3 ,7 ,6 ,4 ,3 ,6 - - - ,5 - - q5 q,4 ,4 - - - ,1 - - - 6. 1 1 3 3 ,3. ,6
1. 3 3 ,3 7 ,7 ,1 ,4 ,3 ,7 ,6 ,4 6 6 ,6 - - - ,5 - - q5 q,4 ,4 - - - ,1 - - - x 1 7 x 7 7 7. 6 6
7 7. 0 7 6. 1 1 6 4 3 7 6 4 3 0 - 0 - - - 6 - - - 5 - - 5 4 4 - - - 1 - - - x - x
2 1 x 0 6. 3 6. 7 6 5 0 6. 3 6. 7 6 5 5 0 0 3. 6 6 1 1 - 0 0 x - - - - - - - - - - -
- - - 6 5 4 1 7 1 1 x x 6 - - - 5 - - - 4 - - - 1 - 7 - x 1 1 1 0 ,6 6. 3 6. 7 6 3
0 6. 3 6. 7 6 1 1 - 0 0 0 0 0 0 3 6 5 4 5 1 1 1 1 6 - - - 5 - - - 4 - - - 5 - - -
x 1 1 1 x 2 x 1 - 7 - 6 - 0 0 2 3 4 5 5 1 2 2 0 0 0 0 ,7 6 3 6 3 4 1 4 1 1 5 1 5
5 2 5 2 x 1 1 1 7 6 4 3 3 2 0 2 1 3 1 7 7 5. 0 3 5 5 3 5 5 - 0 0 3 1 0 - - - - -
- - - - - ,6 ,3 ,6 ,3 ,4 ,1 ,4 ,1 ,1 ,5 ,1 ,5 ,5 ,2 2 ,5. ,2 x 3 7 x 1 - 7 - 6 - 0 4 4 3. 4 4 5 5
1 2 2 0 0 0 1 6 3 6 3 4 1 4 1 1 5 1 5 5 2 5 2 x 1 1 1 x 4 1 x 1 6 4 3 3 2 0 3 1
3 1 7 5. 0 3 5 5 1 7 7 0 7 3 3. 7 ,6 ,3 ,6 ,3 ,4 ,1 ,4 ,1 ,1 ,5 ,1 ,5 ,5 ,2 2 ,5. ,2 1 1 1 1 - ,7 ,7
,7 ,7 ,7 ,7 ,7 ,7 x x 6 6 6 6 5 5 5 5 5 5 5 5 7 1 3 3 3 3 2 2 2 2 2 2 2 2 1 6 6 6 5 5
1 1 1 1 6 - - - 6 - - 6 6 5 - - - 5 - - - x 0 4 6 1 6 1 6 1 6 1 6 1 6 1 6 1 ,7 5
,7 5 ,7 5 ,7 5 ,7 5 ,7 5 ,7 5 ,7 5 ,4 ,4 ,4 ,4 ,4 ,4 ,4 0 ,3. ,2 ,2 ,2 ,2 ,2 ,2 ,2 ,2 4 4 5 5 1 1 5 3 6
1 6 1 6 1 6 1 6 1 6 1 6 1 ,4 ,4 ,4 ,4 ,4 ,4 ,4 0 3 1 - 7 - 6 - 0 4 4 4 4 - - - 4 - - -
6 3 6 3 4 1 4 1 x 1 1 1 x 5 7 x 3. 4 4 5 5 1 2 2 0 0 0 1 1 ,6 4 3 3 2 0 3 1 3 1 7
5. 1 5 1 5 5 2 5 2 6 3 6 3 4 1 4 1 1 1 1 1 x 6 1 x 0 3 5 5 3 5 5 - 0 0 3 1 - 7 -
6 - 0 4 4 4 ,1 ,5 ,1 ,5 ,5 ,2 2 ,5. ,2 ,6 ,3 ,6 ,3 ,4 ,1 ,4 ,1 6 5 3. 4 4 5 5 1 2 2 0 0 1 1 1 ,6 4
3 3 2 0 2 1 3 1 7 7 5. 1 5 1 5 5 2 5 2 6 3 6 3 4 1 4 1 x 1 1 1 6 q,6 q1 q,6 q1 q,6 q1 q,6 q1
0 3 5 5 1 7 7 0 0 7 3 - ,7 - 1 - ,3 ,3 ,3 ,3 1 ,6 ,6 ,6 1 1 5 1 5 5 2 2 5. 2 6 - - - 6 -
- 6 6 x - 0 0 ,7 ,7 ,7 ,7 1 1 1 1 1 1 5 5 5 5 6 6 6 6 6 6 ,2 ,2 ,2 ,2 ,4 ,4 ,4 ,4 ,4 - - 4 3
1 - 7 - 5 4 4 5 - - - 4 - - - 4 - - - 6 3 6 3 x 1 1 1
%END
