%黄河颂.txt
% 出处 http://www.fysongs.cn/songku_show.asp?id=43579
title=黄河颂
tag=
usertag=
tagroute=
transcriber=jianpu2-auto
status=ocr
source=fysongs-43579
%--
4/4
subtitle=score
1 2 3. 5 3 2. 1 6 - - - 6 5 3 2 1 3 2 - - - - 3 5 3 5 3 1 - - 3 5 6 5 6 1 - - 1 -
- 2. 1 6 5 3 5 3 2 1 2. 3 5 - 3 5 1 - 5 5 6 5 3 q5 q3 2 - 1 2. 3 5 6 3 - - 5. 6 3 5 6
1 5 1 2 3 5 q6 q3 5 5 - 5 q6 1 q6 5. 6 2. q7 q6 5 - - 5 - - 1 0 0 1 - 6 q1 q6 5 5 3 5 6 q1
q6 q1 q6 6 q5 5 1 2 3. q5 3 2 1 q2 1 6 6 3 2 1 q2 5 6 6 1. 1 2 2 6 5 6 1 6. 3 2. 3 5 6 q1 2
6 1 2 - 2 x q3 q2 q3 q1 q2 q1 6 - 6 2 3 1 1 2 6 0 5 3 5 1 2 1 6 1 5 6 6 5 q1 q2 6 1 6 5
6 6 6 2 1 6 2 6 q0 q3 q5 6 q1 q6 6 1 6 2 - 3 - 3 - - 5' x 3 - 1 q2 1 7 6 - - 5 1 1 1 2
1 6 5 - 5 3 5 3 - q2 1 2 - 1 1 1 2 1 6 5 5 2 2 1 3. 6 5 6 - 3 5 6 5 6 1 2 6 5 0 1
2 3 5. 6 1 2 1 5. 6 1 2 1 7 - 3 5 6 5 3 2 3 1 2 3 q0 q2 1 q6 q5 q6 5 6 2 1 - - 5 5 3 5
3 6 5. 2 1 q6 q1 5 5 5 3 5 3 2 1 2 - - - 2. 1 2 3 1 1 - - 1 - -
%END
