%黑月光钢琴.txt
% 出处 https://www.jianpujia.com/
title=黑月光钢琴
tag=毛不易,分类/钢琴谱,张碧晨 毛不易
usertag=毛不易,分类/钢琴谱,张碧晨 毛不易
tagroute=
transcriber=jianpu2-auto
status=ocr
source=jianpujia-383552
todo=refine the filename
artist=张碧晨 毛不易
%--
4/4
subtitle=score
x 2 1 x ,6 6 ,5 4 ,5. ,3. 4 4 4 4 3 2 3 3 3 3 6 7 q,4 ,1 ,6 q,5 ,2 ,7 ,1 ,3 ,5 ,1 ,5 ,1 ,2 ,4 ,6 ,2 ,6 ,2
,3 ,5 ,7 ,3 ,7 ,3 ,6 ,6 ,7. ,5. 6 ,6 - 3. 5 3 3' 2 1 6 3 5 3 2 3' 1 3 3 1 3 1 3 1 1 q4 1 4 q5 2 5
q6 6 2 ,3 2 ,6 - - 6 3 6 1 6 3 2 7 3 3 5 3 5 3 5 5 ,6 1 6 ,5 1 4 3. 5. 0 3 6 4 4 6 4 6
3 7 3 5 3 7 4 1 4 5 2 5 1 5 2 5 2 3 2 6 2 4 2 6 x - - - - - - - - 3 3 6 3 3 6 2
1 7 4 7 7 4 4 1 2 6 3'. 6. 7 7 1 2 1 1 3 1 3 1 3 1 1 1 6 1 3 1 6 7 4 7 2 7 4 3 7 3
5 3 7 6 3 6 1 6 3 x 0 0 - - 0 - 0 0 3 7 7 3 ,6 ,6 ,5. 1. 4 3 3 3 5 5 1 6 1 5 4 1. 5. x
6 3 2 4 1 1 3 7 3 5 3 7 4 1 4 5 2 5 1 5 1 3 1 5 2 6 2 4 2 6 5 x. 4 1 ,1 1 3 3 3 ,1
1 ,7. 4. 7. 4. ,7. 2. ,7 4 5 2 2. 6. 0 2 3 2 1 1 6 1 3 1 6 q7 4 7 2 7 4 q7 4 7 2 7 4 3 7 3 5
3 7
%END
