%黑月光_2.txt
% 出处 https://www.jianpujia.com/
title=黑月光
tag=
usertag=
tagroute=
transcriber=jianpu2-auto
status=ocr
source=jianpujia-383552
%--
4/4
subtitle=score
,7. 4 4 6 ,6. ,3 - - ,6 - - x ,3. 3. x 5 x ,5 6 3 4 3 3' 2 3 2 3 5 2 7 2 5 3 3. 0 2 3 6 1 2
5 q6 1 4 1 3 6 1 3 7 2 5 7 4 1 3 6 0 4 1 3 0 x - - - - - - - x 6 2 ,6 3 - - ,3 2 -
- 1 3 3. 7 3 5. 4 - - 4 - - 6 1 3 6 3 6 3 5 7 3 7 3 1 - - - - x 1 3 x 6 6 5 4 3 -
- 6 3 3. 7 3 3. 4 1 4 5 2 0 1 5 1 2 3 5 6 2 3 6 3 6 5 7 2 3 6 7 x 1 7 x 6 7 1 4 3.
7. 1 3 ,3. ,7 3 ,5. 4 1 4 1 4 1 3 7 3 5 3 7 6 3 6 3 6 5 3 5 3 5 x 0 0 - 0 0 0 0 0 x 2
1 x ,6 6 ,5 4 ,5. ,3. 4 4 4 4 3 2 3 3 3 3 6 7 q,4 ,1 ,6 q,5 ,2 ,7 ,1 ,3 ,5 ,1 ,5 ,1 ,2 ,4 ,6 ,2 ,6 ,2 ,3 ,5
,7 ,3 ,7 ,3 ,6 ,6 ,7. ,5. 6 ,6 - 3. 5 3 3' 2 1 6 3 5 3 2 3' 1 3 3 1 3 1 3 1 1 q4 1 4 q5 2 5 q6 6
2 ,3 2 ,6 - - 6 3 6 1 6 3 2 7 3 3 5 3 5 3 5 5 ,6 1 6 ,5 1 4 3. 5. 0 3 6 4 4 6 4 6 3 7
3 5 3 7 4 1 4 5 2 5 1 5 2 5 2 3 2 6 2 4 2 6 x - - - - - - - - 3 3 6 3 3 6 2 1 7
4 7 7 4 4 1 2 6 3'. 6. 7 7 1 2 1 1 3 1 3 1 3 1 1 1 6 1 3 1 6 7 4 7 2 7 4 3 7 3 5 3
7 6 3 6 1 6 3 x 0 0 - - 0 - 0 0 3 7 7 3 ,6 ,6 ,5. 1. 4 3 3 3 5 5 1 6 1 5 4 1. 5. x 6 3
2 4 1 1 3 7 3 5 3 7 4 1 4 5 2 5 1 5 1 3 1 5 2 6 2 4 2 6 5 x. 4 1 ,1 1 3 3 3 ,1 1 ,7.
4. 7. 4. ,7. 2. ,7 4 5 2 2. 6. 0 2 3 2 1 1 6 1 3 1 6 q7 4 7 2 7 4 q7 4 7 2 7 4 3 7 3 5 3 7
7. 7 3 7 3 7 1 1 3 6 2. 5 5 1 5 6 6. 3 7 3 7 3 5 6 1 3 6 3 6 3 5 7 3 7 3 4 1 4 6 1
4 x - - - - - - - - 2'. 5. 3. 1. 3 1 7 1 1 3 6 7 3 1 7 6 5 5 6 5 3 2 6'. 4. 6 1 7 1 1 5
1 2 3 5 6 1 3 6 3 6 5 3 5 7. 4 6 1 4 1 4 x 0 0 - 0 0 0 0 5 3 7. 7. 5. 2. 0 6 7 2 3 3
5 6 3 3 2 3 7. 2 3 2 1 7 7. 1 6 7 3 7 3 5. 4 1 3 4. 3 2 3 5. 6 2 5 0 x 0 - 0 0 x 5 7
x 3. 6 3 6 3 4 3 2 3 3 2 3 5 6 7 7 3 7 6 7 6 5 3 7 1 7 5 3 7 6 3 7 1. 4 1 3 6. 5 2
6 7. 4 1 3 6. x - - - - x 6 1 x x 3 x x 6 6 1 2 5 1 2 3 - - 1 3 3. 7 3 5. 1 4 1 3 6.
4 - - 6 1 3 6 3 6 3 5 7 3 7 3 x 6 5 x 6 6 5 4 3 - - 6 3 3. 7 3 3. 4 1 4 5 2 0 1 5
1 2 3 5 6 2 3 6 3 6 5 7 2 3 6 7 x 0 0 - 0 0 - 0 0 6 7 1 4 3. 7. 6 3 3. 5 3 5. 4 1 4
1 4 1 3 7 3 5 3 7 6 3 6 3 6 5 3 5 3 5 x - - - - - - - - x 7 3 x 6 6 5 4 5. 1. 4 4
4 4 3 2 3 3 3 3 6 7 4 1 6 5 2 7 1 3 5 1 5 1 2 4 6 2 6 2 3 5 7 3 7 3 x - - - - -
- - - 7 7 4 1 7 6 7 5 6. 3. 2 1 2 3 3 1 3 1 3 1 1 7 3 3 5 3 5 3 5 5 4 1 4 5 2 5 6
6 1 3. 6 3 6 1 6 3 3 7 3 5 3 7 x - - - - - - - 1 ,6 1 6 ,1 1 4 3. 5. 0 3 6 4 4 4 6 6
6 3 3 6 2 1 4 1 4 5 2 5 1 5 2 5 2 3 2 6 2 4 2 6 1 6 1 3 1 6 x - - - - - - - - 5
7 4 7 7 7 4 4 1 6 2 3. 6. 7 7 1 2 1 1 3 1 3 1 3 1 1 7 3 3 3 3 5 5 7 4 7 2 7 4 3 7
3 5 3 7 6 3 6 1 6 3 3 7 3 5 3 7 6 6 5. 1 x. 3 1 1 6 1 5 4 1. 5 2 3 6 3 2 4 1 1 3 3
3 1 4 1 4 5 2 5 1 5 1 3 1 5 2 6 2 4 2 6 1 6 1 3 1 6 x 0 0 - 0 0 - 0 0
%END
