%黑色柳丁&nbsp;&nbsp;_3.txt
% 出处 http://www.jianpu.cn/
title=黑色柳丁
tag=
usertag=
tagroute=
confidence=0.956
conf_p10=0.908
transcriber=jianpu2-auto
status=ocr
source=jianpucn-61369
%--
4/4
subtitle=score
5 5. ,3. 3 2 5 5. ,3. 3' 2' 7 5 5. 3. 3 2' 5 5. ,3. 3 2 7 1 2 3 3 5 3 6 5 2 2 ,1 2' 1 1 1 ,1 2 2
,1 ,1 2 2 ,1 ,1 2 2 1. 3 5 3 6 5 2 2 ,1 2' ,1' 1 0 ,1 ,1 5 4 3 4 5 3 1 3 5 3 6 5 5 2' 2' ,1 2'
,1' 1 0 ,1' 2' 2 ,1 ,1 2 2 ,1 ,1 2 2 1'. 3 5 3 q6 5 0 2 2 ,1 2 ,1 q1 0 ,1 ,1 5 4 0 3 4 5 5 0 3 ,1
1 0 ,6 6 3 3 - 3 2 ,1 2 2 ,1 2 ,1 2 3 2 2 ,1 ,6 0 6 6 3 5 3 q2 2 ,1 q,6 0 6 6 3 5 3 2 2 ,1
,6 ,6 q6 3 3 2 3 3 0 2 ,1 2 2 ,1 2 ,1 2 3 2 2 ,1 ,6 0 6 6 3 5 3 2 2 ,1 q,6 0 6 6 3 5 3 2 2
,1 ,6' ,6' 0 3 2 3 2 3 3 2 3 2 3 0 2 2 ,1 2 2 ,1 2 2 ,1 2 2 ,1 2 2 3 2 2 x 2 q1 ,6 q6 q6 ,6 3
3 5 5 3 3 x 2 1 2 ,1 6 ,x 0 0 6 6 6 3 q,5 5 5 5' 5 ,6 0 3 2 3 2 3 3 2 3 2 3 0 2 ,1 2 ,1
2 2 ,1 2 q,1 2 3 q2 2 ,1 6 6 6 q6 3 5 3 2 2 ,1 ,6 0 6 q6 q6 x ,5 q5 q,5' q5 ,6 6 6 6 6 5 5 6 6 6
6 3 2 ,1 2. 2 2 2 3 1 1 q,6'. 1 0 0 6 6 6 3 3 2 ,1 2 2 3 ,1 ,6. 6. 6 ,6. ,1' 7 5 3. 1 1. x. 7 5 3
3 1 5 3'. 3 1 0 1 6 6 6 6 x 1 3 2 ,1 ,6 2 2 2 3 1 ,6 0 6 6 6 3 2 ,1 2 2 3 ,6 0 6 6 6 3
2 ,1 2 2 3 ,6 - ,6 0
%END
