%黑色快车.txt
% 出处 https://www.qupu123.com/
title=黑色快车
tag=
usertag=
tagroute=
transcriber=jianpu2-auto
status=ocr
source=qupu123-305407
%--
2/4
subtitle=score
0 ,,,7 1 5 5 ,5 ,,7 1 1' 7 6 6 ,7 1 5 5. 5 ,7 1 2' 7 7 ,7 1 5 5 - 5 7 1 1' 7 6 6 ,7 1 5 5 5 ,7
1 2' 7 x 3 3 2 3 3 3 3 2 3 3 3 2 1 6 6 6 6 5 5 4 ~ 4 4 x x x 0 2 ~ 2 1 2 2 2 3. 1
2 2 ,7 ,7 ,,7 1 1 1 1 2 q3 3 0 x 0 3 3 x 3 4 2 3 0 3 4 2 3 3 3 2 1 6 6 6 6 5 4 3 4 4
x x x x 0 2 ~ q2 1 2 2. 0 2 3 1 2. 2 0 1 1 1 1 ,7 ,6 ,6 ,6 2. 2' 7 5 ,x q6 q6 6 6 6 7 1' 1' 1'
1' 7 6 1'. 3 ,x 7 1' 1' 7 5 6 6 6 q6 6 7 1' 1' 1' 7 6 1' 1'. 7 1' 7 6 6 6 7 7 7 6. 1' 7 1' 1' 1' 6
1' 7 7 6 7 7 7 0 7 7 7 1' 2' 2' 2' 2' 7 7 6 6 - 6 6 x ,7 1 1' ,1 7 6 6 ,7 1 5 5 5 ,7 1 1' 1'
2' 7 x' 7 ,7 1 5 5 - 5 7 ,1 1' ,7 6 q6 q,7 1 5 5 - 5 ,7 1 2' 7 0 5 5 5 - 5 0 0 x.
%END
