%黔江南溪号子：三台声.txt
% 出处 https://www.qupu123.com/
title=黔江南溪号子：三台声
tag=分类/合唱
usertag=分类/合唱
tagroute=
transcriber=jianpu2-auto
status=ocr
source=qupu123-318874
%--
4/4
subtitle=score
5 6 5 - 3 ,6 1' 2 ,1' 1' 2' 1' q6 5 0 0 0 0 0 0 0 0 0 0 0 0 0 0 0 0 0 0 0 0 0 0 0 0 ,1' 2'
1' 6 1' 1' 2' 6 6 1'. q6 q5 5. 4 2 4 2 2 0 0 0 0 0 0 0 0 0 0 0 0 0 0 0 0 0 0 0 0 2. 4 2 4
1 2. q3 q3. q2' 1. 3. q2' q3 q2 q3' q1 6 q5 5 - - 0 0 0 0 0 0 ,1 2 3 q1 1 q6 5 5 0 0 0 0 0 0 0 0 0
0 0 0 0 0 0 0 0 0 0 0 3. 5 3 2 2. 6 1 2 3 2 3 ,1 6 1 2 0 0 0 0 0 0 0 0 0 0 0 0 1' 3
2' 3' ,1 6 6 6 1 6 6 2 ,1' 3 5
%END
