%默读伤悲.txt
% 出处 http://www.jianpu.cn/
title=默读伤悲
tag=
usertag=
tagroute=
transcriber=jianpu2-auto
status=ocr
source=jianpucn-34769
todo=add tags
%--
4/4
subtitle=score
6 q1 q2 q1 5 q1 2 1 q4 1 2 ,1 ,3. ,1 7 1 3 ,6 3 6 ,1 ,1 ,1' ,1 7 6 7 6 6 ,1' ,1' ,1' 7 6 7 6 ,1 ,1' ,1 7
6 7 6 6 ,1' ,1 ,1 ,1 7 7 6 6 2 q6 2 3 2. 0 5 6 5 2 3' 3' 2. 3 q6 ,1 0 q6 q,5 6 5 3 2 3 3 0 2 ,1
1 0 2 2 1 q6 ,1 3 3 2 - 0 0 0 5 6 5'. 3 3' 2. 3 2 6 ,1 0 6 5 6 5 0 2 3 3 0 3 2 ,1 1 0 0
,6 1. ,1 ,1 6 5 6 5 0 q3 6 1 - 0 0 1 1 q1 q1 7 6 5 5 5 3 6 5 ,1 q5 3 3 0 3 2 ,1 1. 0 6 1 2'
2' 3 3' 2' - 0 0 1 1' q1' 1' 7' 6' 5 5 5 3 6 5 ,1 5 3 3 0 3' 2' ,1' - 6. ,1 1' q5. 3' q3' 3 2 1 - - -
x x x 0 q5'. 1 - ,1 ,1 ,1' 7 7 7 6 6 ,1' ,1' ,1' 7 7 7 6 6 ,1' ,1 ,1' 7 7 7 6 6 6 ,x ,1 ,1 1 2 3 5. 5
3' 2 1 0 ,1 2 ,5 - 6 ,1 1 2 ,5 - 6 5 5 2 3 3 2 1 1 0 0 0
%END