%龙卷风钢琴.txt
% 出处 https://www.jianpujia.com/
title=龙卷风钢琴
tag=周杰伦,分类/钢琴谱
usertag=周杰伦,分类/钢琴谱
tagroute=
transcriber=jianpu2-auto
status=ocr
source=jianpujia-385301
todo=refine the filename
artist=周杰伦
%--
4/4
subtitle=score
0 5 4 3 3 4 5 5 4 3 3 1 5 4 3 3 4 5 5 4 3 3 0 1 2 0 1 2 3 2 3 4 5 4 3 2 1 1 2 3
3 2 1 1 3 3 2 1 1 2 3 3 2 1 1 1 2 1 - - - - - - - - - - - - - - - - - - - 2 5 ,5
2 5 2 ,5 ,2 ,5 ,1 ,5 2 ,5 3 ,5 2 ,5 ,6 ,3 1 ,3 2 ,3 3 ,3 x 2 7 x 3 5 5 1 2 3 5 5 1 2 0 1 2 0
1 2 3 4 5 3 1 5 3 1 4 3 1 2 3 2 2 5 4 1 3 1 5 1 3 1 5 2 5 2 ,5 2 5 1 5 2 5 3 5 2
5 x 3 0 x 1 5 3 1 4 3 1 2 3 2 1 5 3 1 4 3 1 2 3 2 1 5 3 1 4 3 1 2 3 6 1 1 1 ,6 ,3
1 ,3 2 ,3 3 ,3 ,4 1 3 1 5 1 3 1 ,5 2 5 2 6 2 5 ,5 x 3 3 x 6 3 3 1 1 6 1 5 5 2 2 7 7 5
7 1 0 6 1 6 1 6 1 1 2 3 4 ,4 1 3 1 5 1 3 1 ,3 ,7 2 ,7 3 ,7 2 ,7 ,2 ,6 2 ,6 3 ,6 5 ,6 4 2. 2
1 2 3' 1 7 3 4 5 4 3' 3 3 4 3' 5 5 4 3' 3 3 3 1 5 4 3' 3 3 4 3' 5 5 4 3' 3 3 1 2 x 5 2
,5 5 2 5 2 5 2 1 5 2 5 3 5 2 5 6 3 1 3 2 3 3 3 x 3 x 3 5 5 1 2 3 5 5 1 2 0 1 2 0
1 2 3 4 3 2 3 4 5 4 3 4 x - - - - - - - - - - - - - - - - 2 5 ,4 1 3 1 5 1 3 1 ,5
2 5 2 ,5 ,2 ,5
%END
