%龙卷风钢琴_2.txt
% 出处 https://www.jianpujia.com/
title=龙卷风钢琴
tag=
usertag=
tagroute=
transcriber=jianpu2-auto
status=ocr
source=jianpujia-385301
%--
4/4
subtitle=score
x' x x x x' 1' 1 - - 4 qx - - 7 2 1 1 5 3 1 4 3 1 2 3 2 1 5 3 1 4 3 1 2 3 2 1 5 3 1
4 3 1 2 3 2 1 5 3 1 4 3 1 2 3 2 qx 2 5 1 5 2 5 3 ,5 6 3 1 3 2 ,3 4 1 3 1 5 ,4 5 2 5
2 ,5 2 5 x 5 x 1 5 3 1 4 3 1 2 3 2 1 5 3 1 4 3 1 2 3 2 1 5 3 1 4 3 1 2 3 2 1 5 3
1 4 3 1 2 3 2 ,1 ,5 2 ,5 3 ,5 2 ,5 ,6 ,3 1 ,3 2 ,3 3 ,3 ,4 1 3 1 5 1 3 1 ,5 2 5 2 6 2 5 ,5 x
x 5 2 2 1 3 5 2 2 1 3 6 3 3 2 4 5 3. 4 3 2 1 5 2 5 1 5 2 5 3 2 5 6 3 1 3 2 3 3 4
1 3 1 5 3 1 5 2 5 2 ,5 2 5 x 1 3 x 5 2 2 1 3 5 2 2 1 3 6 3 3 2 4 5 3. 4 3 2 1 6 ,1
,5 2 ,5 3 ,5 2 ,5 ,6 ,3 1 ,3 2 ,3 3 ,3 ,4 1 3 1 5 1 3 1 ,5 2 5 2 6 2 5 ,5 6 3 3 1 1 6 1 5 5
2 2 7 7 5 7 1 0 6 1 6 1 6 1 1 2 3 4 4 2. 2 1 2 1 7 3 4 ,4 1 3 1 5 1 3 1 ,3 ,7 2 ,7 3
,7 2 ,7 ,2 ,6 2 ,6 3 ,6 5 ,6 ,5 2 5 2 ,5 ,2 5 4 3 3 4 5 5 4 3 3 3 5 4 3 3 4 5 5 4 3 3 1 2
3 5 5 1 2 3 5 5 1 2 ,1 ,5 2 ,5 3 ,5 2 ,5 ,6 ,3 1 ,3 2 ,3 3 ,3 ,4 1 3 1 5 1 3 1 0 5 4 3 3 4
5 5 4 3 3 1 5 4 3 3 4 5 5 4 3 3 0 1 2 0 1 2 3 2 3 4 5 4 3 2 1 1 2 3 3 2 1 1 3 3
2 1 1 2 3 3 2 1 1 1 2 1 - - - - - - - - - - - - - - - - - - - 2 5 ,5 2 5 2 ,5 ,2 ,5
,1 ,5 2 ,5 3 ,5 2 ,5 ,6 ,3 1 ,3 2 ,3 3 ,3 x 2 7 x 3 5 5 1 2 3 5 5 1 2 0 1 2 0 1 2 3 4 5 3
1 5 3 1 4 3 1 2 3 2 2 5 4 1 3 1 5 1 3 1 5 2 5 2 ,5 2 5 1 5 2 5 3 5 2 5 x 3 0 x 1
5 3 1 4 3 1 2 3 2 1 5 3 1 4 3 1 2 3 2 1 5 3 1 4 3 1 2 3 6 1 1 1 ,6 ,3 1 ,3 2 ,3 3 ,3
,4 1 3 1 5 1 3 1 ,5 2 5 2 6 2 5 ,5 x 3 3 x 6 3 3 1 1 6 1 5 5 2 2 7 7 5 7 1 0 6 1 6
1 6 1 1 2 3 4 ,4 1 3 1 5 1 3 1 ,3 ,7 2 ,7 3 ,7 2 ,7 ,2 ,6 2 ,6 3 ,6 5 ,6 4 2. 2 1 2 3' 1 7 3
4 5 4 3' 3 3 4 3' 5 5 4 3' 3 3 3 1 5 4 3' 3 3 4 3' 5 5 4 3' 3 3 1 2 x 5 2 ,5 5 2 5 2 5
2 1 5 2 5 3 5 2 5 6 3 1 3 2 3 3 3 x 3 x 3 5 5 1 2 3 5 5 1 2 0 1 2 0 1 2 3 4 3 2
3 4 5 4 3 4 x - - - - - - - - - - - - - - - - 2 5 ,4 1 3 1 5 1 3 1 ,5 2 5 2 ,5 ,2 ,5
5 4 3 3 4 5 5 4 3 3 1 5 4 3 3 4 5 5 4 3 3 3 2 1 1 2 3 3 2 1 1 3 3 2 1 1 2 3 3 2
1 1 1 2 3 5 5 1 2 3 5 5 1 2 1 5 2 5 3 5 2 5 6 3 1 3 2 3 3 3 4 1 3 1 5 1 3 1 0 1
2 0 1 2 3 4 5 3 1 5 3 1 4 3 1 2 3 2 1 5 3 1 4 3 1 2 3 2 2 5 5 2 5 2 ,5 2 5 1 5 2
5 3 5 2 5 6 3 1 3 2 3 3 3 x 4 7 x 1 5 3 1 4 3 1 2 3 2 1 5 3 1 2 1 7 1 2 1 5 3 1
4 3 1 2 3 2 4 1 3 1 5 1 3 1 5 2 5 2 6 2 5 5 1 5 2 5 3 5 2 5 x 5 0 x 1 5 3 1 4 3
1 2 3 2 1 5 3 1 4 3 1 2 3 2 1 5 3 1 4 3 1 2 3 2 2 5 6 3 1 3 2 3 3 3 4 1 3 1 5 1
3 1 5 2 5 2 ,5 ,2 x 5 3 x 1 5 3 1 4 3 1 2 3 2 1 5 3 1 4 3 1 2 3 2 ,1 ,5 2 ,5 3 ,5 ,6 ,3
1 ,3 2 ,3 5 5 qx - - 6 1 5 3 1 1 5 3 1 0 0 0 0 1 - - - - x 4 q1 q3 q1 2 ,5 - 0 ,1 1 ,1 -
-
%END
