下面每行是一首歌开头的 15 个简谱唱名数字（1-7，空格只是分隔）。
请只凭你已有的知识，判断每行是哪首歌，直接给歌名；不确定就写「不知道」。不要联网、不要搜索。

1. 7 6 7 7 1 2 1 1 5 5 6 6 6 5 5
2. 6 3 6 3 7 3 1 3 6 1 6 1 1 1 1
3. 7 1 2 3 5 6 1 7 6 5 3 3 5 6 1
4. 4 3 5 1 1 3 5 6 6 5 5 2 2 2 2
5. 6 6 6 6 5 1 1 4 6 5 5 6 3 5 4
6. 5 3 4 3 6 6 1 1 2 3 4 4 5 3 3
7. 1 3 1 5 6 5 1 2 3 5 5 6 1 6 5
8. 5 5 5 6 5 5 3 3 2 3 3 3 2 3 3
9. 3 3 2 3 5 5 7 5 5 5 5 4 4 4 4
10. 7 1 1 5 5 5 5 2 3 5 5 5 5 1 2
11. 6 1 7 7 1 2 2 1 7 6 6 7 1 1 7
12. 2 2 4 5 1 2 6 2 7 1 2 6 4 5 4
13. 2 3 5 6 1 1 1 6 1 2 3 3 5 6 1
14. 1 6 6 6 1 6 5 6 5 1 2 2 2 2 2
15. 2 4 3 2 1 3 3 2 1 7 1 1 7 7 4
16. 3 3 3 2 2 2 2 2 6 1 6 3 3 4 2
17. 7 6 6 6 5 4 3 3 4 5 5 1 2 3 2
18. 4 4 5 6 7 6 6 7 1 2 7 1 2 3 4
19. 1 2 3 5 2 1 5 7 7 7 6 7 1 2 3
20. 2 3 4 6 4 3 1 3 3 4 2 3 4 5 7
21. 1 5 1 2 3 3 3 2 2 1 1 1 5 1 2
22. 1 2 2 5 2 2 1 6 6 6 2 6 6 5 6
23. 7 5 3 3 2 5 3 6 6 7 1 1 2 1 7
24. 6 5 6 7 5 6 5 5 5 6 7 6 5 5 6
25. 5 3 2 1 2 3 3 6 6 3 2 1 2 1 1
26. 1 1 6 6 3 2 1 3 1 2 1 5 2 6 5
27. 5 6 7 1 7 1 1 3 6 6 6 7 1 1 1
28. 1 6 1 1 1 1 3 5 2 6 1 1 1 3 5
29. 3 2 3 5 3 3 5 1 5 5 3 3 2 3 5
30. 3 3 1 2 4 4 4 3 3 3 4 4 4 4 1
31. 3 5 7 4 6 1 7 2 5 2 4 6 7 4 5
32. 5 6 5 5 3 2 2 2 3 2 2 1 7 6 6
33. 5 3 5 6 5 6 1 1 6 1 2 2 6 5 2
34. 5 3 2 2 1 2 3 3 2 3 1 1 1 2 3
35. 1 1 1 5 5 6 5 4 4 2 3 4 5 6 1
36. 7 6 3 2 2 2 3 4 3 2 3 2 2 2 3
37. 3 5 5 6 2 1 5 3 5 6 1 2 3 3 5
38. 3 4 4 3 3 3 3 2 1 1 1 3 2 1 2
39. 5 6 6 6 6 1 1 5 5 1 1 4 3 4 3
40. 2 3 5 3 5 6 6 6 6 5 6 5 5 2 2
41. 1 1 2 2 1 1 3 5 1 3 1 1 1 1 3
42. 2 1 1 7 1 2 6 5 4 4 6 4 3 3 5
43. 6 2 6 7 3 2 3 2 5 2 5 6 7 1 7
44. 3 2 5 5 2 3 2 1 4 5 5 3 4 5 5
45. 5 3 2 2 2 2 3 4 3 2 1 2 1 1 6
46. 2 3 1 1 1 6 1 1 1 1 2 2 2 2 1
47. 6 5 5 6 7 1 3 3 7 1 2 2 2 1 1
48. 1 7 6 6 6 3 2 1 2 6 5 3 2 3 2
49. 6 1 6 6 5 5 3 6 5 5 6 5 6 1 2
50. 2 2 7 7 7 1 1 1 5 3 3 3 2 1 1
51. 2 1 7 6 5 4 3 2 1 7 1 1 7 6 6
52. 5 4 5 3 2 1 1 5 3 4 3 4 5 4 3
53. 7 6 1 7 6 7 6 5 5 6 3 5 6 6 5
54. 3 7 1 7 6 6 3 5 6 1 6 2 2 1 1
55. 6 5 5 5 1 1 6 5 5 5 3 5 3 5 3
56. 6 6 7 5 5 6 5 4 4 7 3 3 6 7 1
57. 2 3 2 1 2 3 6 5 6 5 6 5 2 2 3
58. 2 3 3 3 5 5 5 6 6 6 1 6 5 5 5
59. 6 6 1 5 3 2 2 1 6 6 2 2 2 3 2
60. 5 3 2 5 5 3 2 3 5 2 3 5 2 1 1
61. 6 6 1 7 1 1 7 1 7 6 1 1 7 1 7
